vacina,agegroup,data,doses,n
AZ,1,2021-01-30,D1,1
AZ,1,2021-01-30,D2,0
AZ,1,2021-01-30,DU,0
AZ,1,2021-01-30,R,0
AZ,1,2021-04-21,D1,1
AZ,1,2021-04-21,D2,0
AZ,1,2021-04-21,DU,0
AZ,1,2021-04-21,R,0
AZ,1,2021-04-23,D1,2
AZ,1,2021-04-23,D2,0
AZ,1,2021-04-23,DU,0
AZ,1,2021-04-23,R,0
AZ,1,2021-04-24,D1,0
AZ,1,2021-04-24,D2,1
AZ,1,2021-04-24,DU,0
AZ,1,2021-04-24,R,0
AZ,1,2021-04-28,D1,1
AZ,1,2021-04-28,D2,0
AZ,1,2021-04-28,DU,0
AZ,1,2021-04-28,R,0
AZ,1,2021-05-06,D1,2
AZ,1,2021-05-06,D2,0
AZ,1,2021-05-06,DU,0
AZ,1,2021-05-06,R,0
AZ,1,2021-05-07,D1,1
AZ,1,2021-05-07,D2,0
AZ,1,2021-05-07,DU,0
AZ,1,2021-05-07,R,0
AZ,1,2021-05-10,D1,1
AZ,1,2021-05-10,D2,0
AZ,1,2021-05-10,DU,0
AZ,1,2021-05-10,R,0
AZ,1,2021-05-18,D1,2
AZ,1,2021-05-18,D2,0
AZ,1,2021-05-18,DU,0
AZ,1,2021-05-18,R,0
AZ,1,2021-05-20,D1,1
AZ,1,2021-05-20,D2,0
AZ,1,2021-05-20,DU,0
AZ,1,2021-05-20,R,0
AZ,1,2021-05-25,D1,1
AZ,1,2021-05-25,D2,0
AZ,1,2021-05-25,DU,0
AZ,1,2021-05-25,R,0
AZ,1,2021-05-29,D1,1
AZ,1,2021-05-29,D2,0
AZ,1,2021-05-29,DU,0
AZ,1,2021-05-29,R,0
AZ,1,2021-06-01,D1,2
AZ,1,2021-06-01,D2,0
AZ,1,2021-06-01,DU,0
AZ,1,2021-06-01,R,0
AZ,1,2021-06-03,D1,1
AZ,1,2021-06-03,D2,0
AZ,1,2021-06-03,DU,0
AZ,1,2021-06-03,R,0
AZ,1,2021-06-09,D1,1
AZ,1,2021-06-09,D2,0
AZ,1,2021-06-09,DU,0
AZ,1,2021-06-09,R,0
AZ,1,2021-06-11,D1,1
AZ,1,2021-06-11,D2,0
AZ,1,2021-06-11,DU,0
AZ,1,2021-06-11,R,0
AZ,1,2021-06-23,D1,1
AZ,1,2021-06-23,D2,0
AZ,1,2021-06-23,DU,0
AZ,1,2021-06-23,R,0
AZ,1,2021-06-26,D1,1
AZ,1,2021-06-26,D2,0
AZ,1,2021-06-26,DU,0
AZ,1,2021-06-26,R,0
AZ,1,2021-07-06,D1,1
AZ,1,2021-07-06,D2,0
AZ,1,2021-07-06,DU,0
AZ,1,2021-07-06,R,0
AZ,1,2021-07-14,D1,0
AZ,1,2021-07-14,D2,1
AZ,1,2021-07-14,DU,0
AZ,1,2021-07-14,R,0
AZ,1,2021-07-15,D1,1
AZ,1,2021-07-15,D2,0
AZ,1,2021-07-15,DU,0
AZ,1,2021-07-15,R,0
AZ,1,2021-07-19,D1,0
AZ,1,2021-07-19,D2,1
AZ,1,2021-07-19,DU,0
AZ,1,2021-07-19,R,0
AZ,1,2021-07-23,D1,0
AZ,1,2021-07-23,D2,1
AZ,1,2021-07-23,DU,0
AZ,1,2021-07-23,R,0
AZ,1,2021-08-09,D1,2
AZ,1,2021-08-09,D2,0
AZ,1,2021-08-09,DU,0
AZ,1,2021-08-09,R,0
AZ,1,2021-08-16,D1,1
AZ,1,2021-08-16,D2,0
AZ,1,2021-08-16,DU,0
AZ,1,2021-08-16,R,0
AZ,1,2021-08-23,D1,1
AZ,1,2021-08-23,D2,0
AZ,1,2021-08-23,DU,0
AZ,1,2021-08-23,R,0
AZ,1,2021-09-15,D1,0
AZ,1,2021-09-15,D2,1
AZ,1,2021-09-15,DU,0
AZ,1,2021-09-15,R,0
AZ,1,2021-09-29,D1,0
AZ,1,2021-09-29,D2,1
AZ,1,2021-09-29,DU,0
AZ,1,2021-09-29,R,0
AZ,2,2021-01-27,D1,1
AZ,2,2021-01-27,D2,0
AZ,2,2021-01-27,DU,0
AZ,2,2021-01-27,R,0
AZ,2,2021-01-28,D1,1
AZ,2,2021-01-28,D2,0
AZ,2,2021-01-28,DU,0
AZ,2,2021-01-28,R,0
AZ,2,2021-01-29,D1,2
AZ,2,2021-01-29,D2,0
AZ,2,2021-01-29,DU,0
AZ,2,2021-01-29,R,0
AZ,2,2021-02-04,D1,1
AZ,2,2021-02-04,D2,0
AZ,2,2021-02-04,DU,0
AZ,2,2021-02-04,R,0
AZ,2,2021-02-27,D1,1
AZ,2,2021-02-27,D2,0
AZ,2,2021-02-27,DU,0
AZ,2,2021-02-27,R,0
AZ,2,2021-03-03,D1,1
AZ,2,2021-03-03,D2,0
AZ,2,2021-03-03,DU,0
AZ,2,2021-03-03,R,0
AZ,2,2021-04-16,D1,1
AZ,2,2021-04-16,D2,0
AZ,2,2021-04-16,DU,0
AZ,2,2021-04-16,R,0
AZ,2,2021-04-21,D1,2
AZ,2,2021-04-21,D2,0
AZ,2,2021-04-21,DU,0
AZ,2,2021-04-21,R,0
AZ,2,2021-04-22,D1,0
AZ,2,2021-04-22,D2,1
AZ,2,2021-04-22,DU,0
AZ,2,2021-04-22,R,0
AZ,2,2021-04-23,D1,1
AZ,2,2021-04-23,D2,0
AZ,2,2021-04-23,DU,0
AZ,2,2021-04-23,R,0
AZ,2,2021-04-28,D1,1
AZ,2,2021-04-28,D2,0
AZ,2,2021-04-28,DU,0
AZ,2,2021-04-28,R,0
AZ,2,2021-04-29,D1,1
AZ,2,2021-04-29,D2,0
AZ,2,2021-04-29,DU,0
AZ,2,2021-04-29,R,0
AZ,2,2021-05-05,D1,2
AZ,2,2021-05-05,D2,0
AZ,2,2021-05-05,DU,0
AZ,2,2021-05-05,R,0
AZ,2,2021-05-06,D1,1
AZ,2,2021-05-06,D2,0
AZ,2,2021-05-06,DU,0
AZ,2,2021-05-06,R,0
AZ,2,2021-05-07,D1,1
AZ,2,2021-05-07,D2,0
AZ,2,2021-05-07,DU,0
AZ,2,2021-05-07,R,0
AZ,2,2021-05-08,D1,1
AZ,2,2021-05-08,D2,0
AZ,2,2021-05-08,DU,0
AZ,2,2021-05-08,R,0
AZ,2,2021-05-12,D1,2
AZ,2,2021-05-12,D2,0
AZ,2,2021-05-12,DU,0
AZ,2,2021-05-12,R,0
AZ,2,2021-05-17,D1,1
AZ,2,2021-05-17,D2,0
AZ,2,2021-05-17,DU,0
AZ,2,2021-05-17,R,0
AZ,2,2021-05-18,D1,1
AZ,2,2021-05-18,D2,0
AZ,2,2021-05-18,DU,0
AZ,2,2021-05-18,R,0
AZ,2,2021-05-19,D1,1
AZ,2,2021-05-19,D2,0
AZ,2,2021-05-19,DU,0
AZ,2,2021-05-19,R,0
AZ,2,2021-05-21,D1,1
AZ,2,2021-05-21,D2,0
AZ,2,2021-05-21,DU,0
AZ,2,2021-05-21,R,0
AZ,2,2021-05-25,D1,1
AZ,2,2021-05-25,D2,0
AZ,2,2021-05-25,DU,0
AZ,2,2021-05-25,R,0
AZ,2,2021-05-26,D1,2
AZ,2,2021-05-26,D2,0
AZ,2,2021-05-26,DU,0
AZ,2,2021-05-26,R,0
AZ,2,2021-05-27,D1,1
AZ,2,2021-05-27,D2,1
AZ,2,2021-05-27,DU,0
AZ,2,2021-05-27,R,0
AZ,2,2021-05-28,D1,3
AZ,2,2021-05-28,D2,0
AZ,2,2021-05-28,DU,0
AZ,2,2021-05-28,R,0
AZ,2,2021-05-29,D1,1
AZ,2,2021-05-29,D2,0
AZ,2,2021-05-29,DU,0
AZ,2,2021-05-29,R,0
AZ,2,2021-06-01,D1,1
AZ,2,2021-06-01,D2,0
AZ,2,2021-06-01,DU,0
AZ,2,2021-06-01,R,0
AZ,2,2021-06-04,D1,1
AZ,2,2021-06-04,D2,0
AZ,2,2021-06-04,DU,0
AZ,2,2021-06-04,R,0
AZ,2,2021-06-07,D1,1
AZ,2,2021-06-07,D2,0
AZ,2,2021-06-07,DU,0
AZ,2,2021-06-07,R,0
AZ,2,2021-06-08,D1,4
AZ,2,2021-06-08,D2,0
AZ,2,2021-06-08,DU,0
AZ,2,2021-06-08,R,0
AZ,2,2021-06-11,D1,1
AZ,2,2021-06-11,D2,0
AZ,2,2021-06-11,DU,0
AZ,2,2021-06-11,R,0
AZ,2,2021-06-15,D1,2
AZ,2,2021-06-15,D2,0
AZ,2,2021-06-15,DU,0
AZ,2,2021-06-15,R,0
AZ,2,2021-06-16,D1,1
AZ,2,2021-06-16,D2,0
AZ,2,2021-06-16,DU,0
AZ,2,2021-06-16,R,0
AZ,2,2021-06-17,D1,1
AZ,2,2021-06-17,D2,0
AZ,2,2021-06-17,DU,0
AZ,2,2021-06-17,R,0
AZ,2,2021-06-21,D1,1
AZ,2,2021-06-21,D2,0
AZ,2,2021-06-21,DU,0
AZ,2,2021-06-21,R,0
AZ,2,2021-06-25,D1,1
AZ,2,2021-06-25,D2,0
AZ,2,2021-06-25,DU,0
AZ,2,2021-06-25,R,0
AZ,2,2021-06-28,D1,2
AZ,2,2021-06-28,D2,0
AZ,2,2021-06-28,DU,0
AZ,2,2021-06-28,R,0
AZ,2,2021-06-29,D1,1
AZ,2,2021-06-29,D2,0
AZ,2,2021-06-29,DU,0
AZ,2,2021-06-29,R,0
AZ,2,2021-07-01,D1,1
AZ,2,2021-07-01,D2,0
AZ,2,2021-07-01,DU,0
AZ,2,2021-07-01,R,0
AZ,2,2021-07-02,D1,1
AZ,2,2021-07-02,D2,0
AZ,2,2021-07-02,DU,0
AZ,2,2021-07-02,R,0
AZ,2,2021-07-03,D1,1
AZ,2,2021-07-03,D2,0
AZ,2,2021-07-03,DU,0
AZ,2,2021-07-03,R,0
AZ,2,2021-07-05,D1,2
AZ,2,2021-07-05,D2,0
AZ,2,2021-07-05,DU,0
AZ,2,2021-07-05,R,0
AZ,2,2021-07-06,D1,2
AZ,2,2021-07-06,D2,0
AZ,2,2021-07-06,DU,0
AZ,2,2021-07-06,R,0
AZ,2,2021-07-14,D1,1
AZ,2,2021-07-14,D2,0
AZ,2,2021-07-14,DU,0
AZ,2,2021-07-14,R,0
AZ,2,2021-07-17,D1,0
AZ,2,2021-07-17,D2,1
AZ,2,2021-07-17,DU,0
AZ,2,2021-07-17,R,0
AZ,2,2021-07-23,D1,1
AZ,2,2021-07-23,D2,0
AZ,2,2021-07-23,DU,0
AZ,2,2021-07-23,R,0
AZ,2,2021-07-26,D1,1
AZ,2,2021-07-26,D2,0
AZ,2,2021-07-26,DU,0
AZ,2,2021-07-26,R,0
AZ,2,2021-07-29,D1,0
AZ,2,2021-07-29,D2,1
AZ,2,2021-07-29,DU,0
AZ,2,2021-07-29,R,0
AZ,2,2021-08-05,D1,1
AZ,2,2021-08-05,D2,0
AZ,2,2021-08-05,DU,0
AZ,2,2021-08-05,R,0
AZ,2,2021-08-06,D1,1
AZ,2,2021-08-06,D2,0
AZ,2,2021-08-06,DU,0
AZ,2,2021-08-06,R,0
AZ,2,2021-08-07,D1,2
AZ,2,2021-08-07,D2,0
AZ,2,2021-08-07,DU,0
AZ,2,2021-08-07,R,0
AZ,2,2021-08-10,D1,1
AZ,2,2021-08-10,D2,1
AZ,2,2021-08-10,DU,0
AZ,2,2021-08-10,R,0
AZ,2,2021-08-13,D1,1
AZ,2,2021-08-13,D2,0
AZ,2,2021-08-13,DU,0
AZ,2,2021-08-13,R,0
AZ,2,2021-08-17,D1,2
AZ,2,2021-08-17,D2,0
AZ,2,2021-08-17,DU,0
AZ,2,2021-08-17,R,0
AZ,2,2021-08-19,D1,0
AZ,2,2021-08-19,D2,1
AZ,2,2021-08-19,DU,0
AZ,2,2021-08-19,R,0
AZ,2,2021-08-21,D1,0
AZ,2,2021-08-21,D2,1
AZ,2,2021-08-21,DU,0
AZ,2,2021-08-21,R,0
AZ,2,2021-08-27,D1,2
AZ,2,2021-08-27,D2,0
AZ,2,2021-08-27,DU,0
AZ,2,2021-08-27,R,0
AZ,2,2021-08-30,D1,0
AZ,2,2021-08-30,D2,1
AZ,2,2021-08-30,DU,0
AZ,2,2021-08-30,R,0
AZ,2,2021-09-13,D1,0
AZ,2,2021-09-13,D2,1
AZ,2,2021-09-13,DU,0
AZ,2,2021-09-13,R,0
AZ,2,2021-09-14,D1,1
AZ,2,2021-09-14,D2,0
AZ,2,2021-09-14,DU,0
AZ,2,2021-09-14,R,0
AZ,2,2021-09-24,D1,0
AZ,2,2021-09-24,D2,1
AZ,2,2021-09-24,DU,0
AZ,2,2021-09-24,R,0
AZ,2,2021-10-16,D1,0
AZ,2,2021-10-16,D2,1
AZ,2,2021-10-16,DU,0
AZ,2,2021-10-16,R,0
AZ,2,2021-10-26,D1,0
AZ,2,2021-10-26,D2,1
AZ,2,2021-10-26,DU,0
AZ,2,2021-10-26,R,0
AZ,2,2021-10-30,D1,0
AZ,2,2021-10-30,D2,1
AZ,2,2021-10-30,DU,0
AZ,2,2021-10-30,R,0
AZ,2,2021-11-03,D1,0
AZ,2,2021-11-03,D2,1
AZ,2,2021-11-03,DU,0
AZ,2,2021-11-03,R,0
AZ,2,2021-11-08,D1,0
AZ,2,2021-11-08,D2,1
AZ,2,2021-11-08,DU,0
AZ,2,2021-11-08,R,0
AZ,2,2021-11-09,D1,0
AZ,2,2021-11-09,D2,1
AZ,2,2021-11-09,DU,0
AZ,2,2021-11-09,R,0
AZ,2,2021-11-17,D1,0
AZ,2,2021-11-17,D2,1
AZ,2,2021-11-17,DU,0
AZ,2,2021-11-17,R,0
AZ,3,2021-01-22,D1,1
AZ,3,2021-01-22,D2,0
AZ,3,2021-01-22,DU,0
AZ,3,2021-01-22,R,0
AZ,3,2021-01-27,D1,2
AZ,3,2021-01-27,D2,0
AZ,3,2021-01-27,DU,0
AZ,3,2021-01-27,R,0
AZ,3,2021-01-28,D1,5
AZ,3,2021-01-28,D2,0
AZ,3,2021-01-28,DU,0
AZ,3,2021-01-28,R,0
AZ,3,2021-01-29,D1,13
AZ,3,2021-01-29,D2,0
AZ,3,2021-01-29,DU,0
AZ,3,2021-01-29,R,0
AZ,3,2021-01-30,D1,2
AZ,3,2021-01-30,D2,0
AZ,3,2021-01-30,DU,0
AZ,3,2021-01-30,R,0
AZ,3,2021-02-01,D1,7
AZ,3,2021-02-01,D2,0
AZ,3,2021-02-01,DU,0
AZ,3,2021-02-01,R,0
AZ,3,2021-02-02,D1,5
AZ,3,2021-02-02,D2,0
AZ,3,2021-02-02,DU,0
AZ,3,2021-02-02,R,0
AZ,3,2021-02-03,D1,6
AZ,3,2021-02-03,D2,0
AZ,3,2021-02-03,DU,0
AZ,3,2021-02-03,R,0
AZ,3,2021-02-04,D1,12
AZ,3,2021-02-04,D2,0
AZ,3,2021-02-04,DU,0
AZ,3,2021-02-04,R,0
AZ,3,2021-02-05,D1,7
AZ,3,2021-02-05,D2,0
AZ,3,2021-02-05,DU,0
AZ,3,2021-02-05,R,0
AZ,3,2021-02-06,D1,1
AZ,3,2021-02-06,D2,0
AZ,3,2021-02-06,DU,0
AZ,3,2021-02-06,R,0
AZ,3,2021-02-08,D1,1
AZ,3,2021-02-08,D2,0
AZ,3,2021-02-08,DU,0
AZ,3,2021-02-08,R,0
AZ,3,2021-02-09,D1,1
AZ,3,2021-02-09,D2,0
AZ,3,2021-02-09,DU,0
AZ,3,2021-02-09,R,0
AZ,3,2021-02-10,D1,5
AZ,3,2021-02-10,D2,0
AZ,3,2021-02-10,DU,0
AZ,3,2021-02-10,R,0
AZ,3,2021-02-11,D1,3
AZ,3,2021-02-11,D2,0
AZ,3,2021-02-11,DU,0
AZ,3,2021-02-11,R,0
AZ,3,2021-02-12,D1,2
AZ,3,2021-02-12,D2,0
AZ,3,2021-02-12,DU,0
AZ,3,2021-02-12,R,0
AZ,3,2021-02-26,D1,1
AZ,3,2021-02-26,D2,0
AZ,3,2021-02-26,DU,0
AZ,3,2021-02-26,R,0
AZ,3,2021-03-01,D1,2
AZ,3,2021-03-01,D2,0
AZ,3,2021-03-01,DU,0
AZ,3,2021-03-01,R,0
AZ,3,2021-03-02,D1,2
AZ,3,2021-03-02,D2,0
AZ,3,2021-03-02,DU,0
AZ,3,2021-03-02,R,0
AZ,3,2021-03-03,D1,1
AZ,3,2021-03-03,D2,0
AZ,3,2021-03-03,DU,0
AZ,3,2021-03-03,R,0
AZ,3,2021-03-04,D1,3
AZ,3,2021-03-04,D2,0
AZ,3,2021-03-04,DU,0
AZ,3,2021-03-04,R,0
AZ,3,2021-03-08,D1,1
AZ,3,2021-03-08,D2,0
AZ,3,2021-03-08,DU,0
AZ,3,2021-03-08,R,0
AZ,3,2021-03-09,D1,1
AZ,3,2021-03-09,D2,0
AZ,3,2021-03-09,DU,0
AZ,3,2021-03-09,R,0
AZ,3,2021-03-10,D1,2
AZ,3,2021-03-10,D2,0
AZ,3,2021-03-10,DU,0
AZ,3,2021-03-10,R,0
AZ,3,2021-03-12,D1,1
AZ,3,2021-03-12,D2,0
AZ,3,2021-03-12,DU,0
AZ,3,2021-03-12,R,0
AZ,3,2021-03-16,D1,1
AZ,3,2021-03-16,D2,0
AZ,3,2021-03-16,DU,0
AZ,3,2021-03-16,R,0
AZ,3,2021-03-26,D1,1
AZ,3,2021-03-26,D2,0
AZ,3,2021-03-26,DU,0
AZ,3,2021-03-26,R,0
AZ,3,2021-04-14,D1,1
AZ,3,2021-04-14,D2,0
AZ,3,2021-04-14,DU,0
AZ,3,2021-04-14,R,0
AZ,3,2021-04-17,D1,1
AZ,3,2021-04-17,D2,0
AZ,3,2021-04-17,DU,0
AZ,3,2021-04-17,R,0
AZ,3,2021-04-20,D1,1
AZ,3,2021-04-20,D2,0
AZ,3,2021-04-20,DU,0
AZ,3,2021-04-20,R,0
AZ,3,2021-04-21,D1,1
AZ,3,2021-04-21,D2,0
AZ,3,2021-04-21,DU,0
AZ,3,2021-04-21,R,0
AZ,3,2021-04-22,D1,3
AZ,3,2021-04-22,D2,1
AZ,3,2021-04-22,DU,0
AZ,3,2021-04-22,R,0
AZ,3,2021-04-23,D1,2
AZ,3,2021-04-23,D2,2
AZ,3,2021-04-23,DU,0
AZ,3,2021-04-23,R,0
AZ,3,2021-04-26,D1,0
AZ,3,2021-04-26,D2,4
AZ,3,2021-04-26,DU,0
AZ,3,2021-04-26,R,0
AZ,3,2021-04-28,D1,0
AZ,3,2021-04-28,D2,5
AZ,3,2021-04-28,DU,0
AZ,3,2021-04-28,R,0
AZ,3,2021-04-29,D1,2
AZ,3,2021-04-29,D2,7
AZ,3,2021-04-29,DU,0
AZ,3,2021-04-29,R,0
AZ,3,2021-04-30,D1,1
AZ,3,2021-04-30,D2,3
AZ,3,2021-04-30,DU,0
AZ,3,2021-04-30,R,0
AZ,3,2021-05-03,D1,1
AZ,3,2021-05-03,D2,1
AZ,3,2021-05-03,DU,0
AZ,3,2021-05-03,R,0
AZ,3,2021-05-04,D1,3
AZ,3,2021-05-04,D2,3
AZ,3,2021-05-04,DU,0
AZ,3,2021-05-04,R,0
AZ,3,2021-05-05,D1,3
AZ,3,2021-05-05,D2,1
AZ,3,2021-05-05,DU,0
AZ,3,2021-05-05,R,0
AZ,3,2021-05-06,D1,3
AZ,3,2021-05-06,D2,1
AZ,3,2021-05-06,DU,0
AZ,3,2021-05-06,R,0
AZ,3,2021-05-07,D1,0
AZ,3,2021-05-07,D2,1
AZ,3,2021-05-07,DU,0
AZ,3,2021-05-07,R,0
AZ,3,2021-05-08,D1,4
AZ,3,2021-05-08,D2,0
AZ,3,2021-05-08,DU,0
AZ,3,2021-05-08,R,0
AZ,3,2021-05-10,D1,4
AZ,3,2021-05-10,D2,1
AZ,3,2021-05-10,DU,0
AZ,3,2021-05-10,R,0
AZ,3,2021-05-11,D1,4
AZ,3,2021-05-11,D2,0
AZ,3,2021-05-11,DU,0
AZ,3,2021-05-11,R,0
AZ,3,2021-05-12,D1,5
AZ,3,2021-05-12,D2,1
AZ,3,2021-05-12,DU,0
AZ,3,2021-05-12,R,0
AZ,3,2021-05-13,D1,4
AZ,3,2021-05-13,D2,0
AZ,3,2021-05-13,DU,0
AZ,3,2021-05-13,R,0
AZ,3,2021-05-14,D1,2
AZ,3,2021-05-14,D2,0
AZ,3,2021-05-14,DU,0
AZ,3,2021-05-14,R,0
AZ,3,2021-05-15,D1,2
AZ,3,2021-05-15,D2,0
AZ,3,2021-05-15,DU,0
AZ,3,2021-05-15,R,0
AZ,3,2021-05-17,D1,14
AZ,3,2021-05-17,D2,0
AZ,3,2021-05-17,DU,0
AZ,3,2021-05-17,R,0
AZ,3,2021-05-18,D1,8
AZ,3,2021-05-18,D2,1
AZ,3,2021-05-18,DU,0
AZ,3,2021-05-18,R,0
AZ,3,2021-05-19,D1,1
AZ,3,2021-05-19,D2,1
AZ,3,2021-05-19,DU,0
AZ,3,2021-05-19,R,0
AZ,3,2021-05-20,D1,1
AZ,3,2021-05-20,D2,0
AZ,3,2021-05-20,DU,0
AZ,3,2021-05-20,R,0
AZ,3,2021-05-21,D1,1
AZ,3,2021-05-21,D2,2
AZ,3,2021-05-21,DU,0
AZ,3,2021-05-21,R,0
AZ,3,2021-05-24,D1,2
AZ,3,2021-05-24,D2,1
AZ,3,2021-05-24,DU,0
AZ,3,2021-05-24,R,0
AZ,3,2021-05-25,D1,1
AZ,3,2021-05-25,D2,0
AZ,3,2021-05-25,DU,0
AZ,3,2021-05-25,R,0
AZ,3,2021-05-26,D1,2
AZ,3,2021-05-26,D2,2
AZ,3,2021-05-26,DU,0
AZ,3,2021-05-26,R,0
AZ,3,2021-05-27,D1,2
AZ,3,2021-05-27,D2,1
AZ,3,2021-05-27,DU,0
AZ,3,2021-05-27,R,0
AZ,3,2021-05-28,D1,4
AZ,3,2021-05-28,D2,0
AZ,3,2021-05-28,DU,0
AZ,3,2021-05-28,R,0
AZ,3,2021-05-30,D1,1
AZ,3,2021-05-30,D2,0
AZ,3,2021-05-30,DU,0
AZ,3,2021-05-30,R,0
AZ,3,2021-06-01,D1,7
AZ,3,2021-06-01,D2,0
AZ,3,2021-06-01,DU,0
AZ,3,2021-06-01,R,0
AZ,3,2021-06-02,D1,7
AZ,3,2021-06-02,D2,1
AZ,3,2021-06-02,DU,0
AZ,3,2021-06-02,R,0
AZ,3,2021-06-03,D1,2
AZ,3,2021-06-03,D2,0
AZ,3,2021-06-03,DU,0
AZ,3,2021-06-03,R,0
AZ,3,2021-06-04,D1,5
AZ,3,2021-06-04,D2,0
AZ,3,2021-06-04,DU,0
AZ,3,2021-06-04,R,0
AZ,3,2021-06-05,D1,4
AZ,3,2021-06-05,D2,0
AZ,3,2021-06-05,DU,0
AZ,3,2021-06-05,R,0
AZ,3,2021-06-06,D1,1
AZ,3,2021-06-06,D2,0
AZ,3,2021-06-06,DU,0
AZ,3,2021-06-06,R,0
AZ,3,2021-06-07,D1,4
AZ,3,2021-06-07,D2,0
AZ,3,2021-06-07,DU,0
AZ,3,2021-06-07,R,0
AZ,3,2021-06-08,D1,6
AZ,3,2021-06-08,D2,0
AZ,3,2021-06-08,DU,0
AZ,3,2021-06-08,R,0
AZ,3,2021-06-09,D1,3
AZ,3,2021-06-09,D2,1
AZ,3,2021-06-09,DU,0
AZ,3,2021-06-09,R,0
AZ,3,2021-06-10,D1,4
AZ,3,2021-06-10,D2,0
AZ,3,2021-06-10,DU,0
AZ,3,2021-06-10,R,0
AZ,3,2021-06-11,D1,10
AZ,3,2021-06-11,D2,0
AZ,3,2021-06-11,DU,0
AZ,3,2021-06-11,R,0
AZ,3,2021-06-14,D1,7
AZ,3,2021-06-14,D2,0
AZ,3,2021-06-14,DU,0
AZ,3,2021-06-14,R,0
AZ,3,2021-06-15,D1,2
AZ,3,2021-06-15,D2,0
AZ,3,2021-06-15,DU,0
AZ,3,2021-06-15,R,0
AZ,3,2021-06-16,D1,5
AZ,3,2021-06-16,D2,2
AZ,3,2021-06-16,DU,0
AZ,3,2021-06-16,R,0
AZ,3,2021-06-17,D1,10
AZ,3,2021-06-17,D2,0
AZ,3,2021-06-17,DU,0
AZ,3,2021-06-17,R,0
AZ,3,2021-06-18,D1,2
AZ,3,2021-06-18,D2,2
AZ,3,2021-06-18,DU,0
AZ,3,2021-06-18,R,0
AZ,3,2021-06-19,D1,2
AZ,3,2021-06-19,D2,0
AZ,3,2021-06-19,DU,0
AZ,3,2021-06-19,R,0
AZ,3,2021-06-21,D1,1
AZ,3,2021-06-21,D2,0
AZ,3,2021-06-21,DU,0
AZ,3,2021-06-21,R,0
AZ,3,2021-06-22,D1,3
AZ,3,2021-06-22,D2,1
AZ,3,2021-06-22,DU,0
AZ,3,2021-06-22,R,0
AZ,3,2021-06-23,D1,1
AZ,3,2021-06-23,D2,0
AZ,3,2021-06-23,DU,0
AZ,3,2021-06-23,R,0
AZ,3,2021-06-24,D1,0
AZ,3,2021-06-24,D2,1
AZ,3,2021-06-24,DU,0
AZ,3,2021-06-24,R,0
AZ,3,2021-06-25,D1,1
AZ,3,2021-06-25,D2,0
AZ,3,2021-06-25,DU,0
AZ,3,2021-06-25,R,0
AZ,3,2021-06-28,D1,0
AZ,3,2021-06-28,D2,1
AZ,3,2021-06-28,DU,0
AZ,3,2021-06-28,R,0
AZ,3,2021-06-30,D1,2
AZ,3,2021-06-30,D2,0
AZ,3,2021-06-30,DU,0
AZ,3,2021-06-30,R,0
AZ,3,2021-07-01,D1,5
AZ,3,2021-07-01,D2,0
AZ,3,2021-07-01,DU,0
AZ,3,2021-07-01,R,0
AZ,3,2021-07-05,D1,3
AZ,3,2021-07-05,D2,0
AZ,3,2021-07-05,DU,0
AZ,3,2021-07-05,R,0
AZ,3,2021-07-06,D1,1
AZ,3,2021-07-06,D2,0
AZ,3,2021-07-06,DU,0
AZ,3,2021-07-06,R,0
AZ,3,2021-07-07,D1,3
AZ,3,2021-07-07,D2,0
AZ,3,2021-07-07,DU,0
AZ,3,2021-07-07,R,0
AZ,3,2021-07-10,D1,1
AZ,3,2021-07-10,D2,0
AZ,3,2021-07-10,DU,0
AZ,3,2021-07-10,R,0
AZ,3,2021-07-13,D1,1
AZ,3,2021-07-13,D2,0
AZ,3,2021-07-13,DU,0
AZ,3,2021-07-13,R,0
AZ,3,2021-07-15,D1,1
AZ,3,2021-07-15,D2,0
AZ,3,2021-07-15,DU,0
AZ,3,2021-07-15,R,0
AZ,3,2021-07-20,D1,0
AZ,3,2021-07-20,D2,1
AZ,3,2021-07-20,DU,0
AZ,3,2021-07-20,R,0
AZ,3,2021-07-21,D1,0
AZ,3,2021-07-21,D2,1
AZ,3,2021-07-21,DU,0
AZ,3,2021-07-21,R,0
AZ,3,2021-07-22,D1,1
AZ,3,2021-07-22,D2,0
AZ,3,2021-07-22,DU,0
AZ,3,2021-07-22,R,0
AZ,3,2021-07-23,D1,2
AZ,3,2021-07-23,D2,1
AZ,3,2021-07-23,DU,0
AZ,3,2021-07-23,R,0
AZ,3,2021-07-24,D1,1
AZ,3,2021-07-24,D2,2
AZ,3,2021-07-24,DU,0
AZ,3,2021-07-24,R,0
AZ,3,2021-07-27,D1,1
AZ,3,2021-07-27,D2,1
AZ,3,2021-07-27,DU,0
AZ,3,2021-07-27,R,0
AZ,3,2021-07-28,D1,2
AZ,3,2021-07-28,D2,1
AZ,3,2021-07-28,DU,0
AZ,3,2021-07-28,R,0
AZ,3,2021-07-29,D1,1
AZ,3,2021-07-29,D2,0
AZ,3,2021-07-29,DU,0
AZ,3,2021-07-29,R,0
AZ,3,2021-07-31,D1,0
AZ,3,2021-07-31,D2,1
AZ,3,2021-07-31,DU,0
AZ,3,2021-07-31,R,0
AZ,3,2021-08-02,D1,1
AZ,3,2021-08-02,D2,1
AZ,3,2021-08-02,DU,0
AZ,3,2021-08-02,R,0
AZ,3,2021-08-04,D1,0
AZ,3,2021-08-04,D2,3
AZ,3,2021-08-04,DU,0
AZ,3,2021-08-04,R,0
AZ,3,2021-08-05,D1,2
AZ,3,2021-08-05,D2,5
AZ,3,2021-08-05,DU,0
AZ,3,2021-08-05,R,0
AZ,3,2021-08-06,D1,2
AZ,3,2021-08-06,D2,1
AZ,3,2021-08-06,DU,0
AZ,3,2021-08-06,R,0
AZ,3,2021-08-07,D1,1
AZ,3,2021-08-07,D2,2
AZ,3,2021-08-07,DU,0
AZ,3,2021-08-07,R,0
AZ,3,2021-08-09,D1,0
AZ,3,2021-08-09,D2,17
AZ,3,2021-08-09,DU,0
AZ,3,2021-08-09,R,0
AZ,3,2021-08-10,D1,2
AZ,3,2021-08-10,D2,2
AZ,3,2021-08-10,DU,0
AZ,3,2021-08-10,R,0
AZ,3,2021-08-11,D1,1
AZ,3,2021-08-11,D2,2
AZ,3,2021-08-11,DU,0
AZ,3,2021-08-11,R,0
AZ,3,2021-08-12,D1,4
AZ,3,2021-08-12,D2,2
AZ,3,2021-08-12,DU,0
AZ,3,2021-08-12,R,0
AZ,3,2021-08-13,D1,1
AZ,3,2021-08-13,D2,3
AZ,3,2021-08-13,DU,0
AZ,3,2021-08-13,R,0
AZ,3,2021-08-14,D1,2
AZ,3,2021-08-14,D2,0
AZ,3,2021-08-14,DU,0
AZ,3,2021-08-14,R,0
AZ,3,2021-08-15,D1,1
AZ,3,2021-08-15,D2,0
AZ,3,2021-08-15,DU,0
AZ,3,2021-08-15,R,0
AZ,3,2021-08-16,D1,7
AZ,3,2021-08-16,D2,1
AZ,3,2021-08-16,DU,0
AZ,3,2021-08-16,R,0
AZ,3,2021-08-17,D1,24
AZ,3,2021-08-17,D2,1
AZ,3,2021-08-17,DU,0
AZ,3,2021-08-17,R,0
AZ,3,2021-08-18,D1,50
AZ,3,2021-08-18,D2,1
AZ,3,2021-08-18,DU,0
AZ,3,2021-08-18,R,0
AZ,3,2021-08-19,D1,6
AZ,3,2021-08-19,D2,1
AZ,3,2021-08-19,DU,0
AZ,3,2021-08-19,R,0
AZ,3,2021-08-20,D1,17
AZ,3,2021-08-20,D2,4
AZ,3,2021-08-20,DU,0
AZ,3,2021-08-20,R,0
AZ,3,2021-08-21,D1,3
AZ,3,2021-08-21,D2,0
AZ,3,2021-08-21,DU,0
AZ,3,2021-08-21,R,0
AZ,3,2021-08-23,D1,2
AZ,3,2021-08-23,D2,1
AZ,3,2021-08-23,DU,0
AZ,3,2021-08-23,R,0
AZ,3,2021-08-24,D1,6
AZ,3,2021-08-24,D2,3
AZ,3,2021-08-24,DU,0
AZ,3,2021-08-24,R,0
AZ,3,2021-08-25,D1,8
AZ,3,2021-08-25,D2,4
AZ,3,2021-08-25,DU,0
AZ,3,2021-08-25,R,0
AZ,3,2021-08-26,D1,12
AZ,3,2021-08-26,D2,2
AZ,3,2021-08-26,DU,0
AZ,3,2021-08-26,R,0
AZ,3,2021-08-27,D1,13
AZ,3,2021-08-27,D2,4
AZ,3,2021-08-27,DU,0
AZ,3,2021-08-27,R,0
AZ,3,2021-08-28,D1,2
AZ,3,2021-08-28,D2,0
AZ,3,2021-08-28,DU,0
AZ,3,2021-08-28,R,0
AZ,3,2021-08-29,D1,1
AZ,3,2021-08-29,D2,0
AZ,3,2021-08-29,DU,0
AZ,3,2021-08-29,R,0
AZ,3,2021-08-30,D1,9
AZ,3,2021-08-30,D2,2
AZ,3,2021-08-30,DU,0
AZ,3,2021-08-30,R,0
AZ,3,2021-08-31,D1,14
AZ,3,2021-08-31,D2,2
AZ,3,2021-08-31,DU,0
AZ,3,2021-08-31,R,0
AZ,3,2021-09-01,D1,7
AZ,3,2021-09-01,D2,2
AZ,3,2021-09-01,DU,0
AZ,3,2021-09-01,R,0
AZ,3,2021-09-02,D1,7
AZ,3,2021-09-02,D2,6
AZ,3,2021-09-02,DU,0
AZ,3,2021-09-02,R,0
AZ,3,2021-09-03,D1,8
AZ,3,2021-09-03,D2,4
AZ,3,2021-09-03,DU,0
AZ,3,2021-09-03,R,0
AZ,3,2021-09-04,D1,4
AZ,3,2021-09-04,D2,1
AZ,3,2021-09-04,DU,0
AZ,3,2021-09-04,R,0
AZ,3,2021-09-06,D1,1
AZ,3,2021-09-06,D2,0
AZ,3,2021-09-06,DU,0
AZ,3,2021-09-06,R,0
AZ,3,2021-09-07,D1,0
AZ,3,2021-09-07,D2,2
AZ,3,2021-09-07,DU,0
AZ,3,2021-09-07,R,0
AZ,3,2021-09-08,D1,7
AZ,3,2021-09-08,D2,3
AZ,3,2021-09-08,DU,0
AZ,3,2021-09-08,R,0
AZ,3,2021-09-09,D1,7
AZ,3,2021-09-09,D2,4
AZ,3,2021-09-09,DU,0
AZ,3,2021-09-09,R,0
AZ,3,2021-09-10,D1,3
AZ,3,2021-09-10,D2,1
AZ,3,2021-09-10,DU,0
AZ,3,2021-09-10,R,0
AZ,3,2021-09-11,D1,0
AZ,3,2021-09-11,D2,1
AZ,3,2021-09-11,DU,0
AZ,3,2021-09-11,R,0
AZ,3,2021-09-13,D1,2
AZ,3,2021-09-13,D2,2
AZ,3,2021-09-13,DU,0
AZ,3,2021-09-13,R,0
AZ,3,2021-09-14,D1,3
AZ,3,2021-09-14,D2,1
AZ,3,2021-09-14,DU,0
AZ,3,2021-09-14,R,0
AZ,3,2021-09-17,D1,2
AZ,3,2021-09-17,D2,1
AZ,3,2021-09-17,DU,0
AZ,3,2021-09-17,R,0
AZ,3,2021-09-18,D1,2
AZ,3,2021-09-18,D2,0
AZ,3,2021-09-18,DU,0
AZ,3,2021-09-18,R,0
AZ,3,2021-09-21,D1,1
AZ,3,2021-09-21,D2,0
AZ,3,2021-09-21,DU,0
AZ,3,2021-09-21,R,0
AZ,3,2021-09-22,D1,0
AZ,3,2021-09-22,D2,3
AZ,3,2021-09-22,DU,0
AZ,3,2021-09-22,R,0
AZ,3,2021-09-23,D1,0
AZ,3,2021-09-23,D2,3
AZ,3,2021-09-23,DU,0
AZ,3,2021-09-23,R,0
AZ,3,2021-09-24,D1,1
AZ,3,2021-09-24,D2,1
AZ,3,2021-09-24,DU,0
AZ,3,2021-09-24,R,0
AZ,3,2021-09-27,D1,0
AZ,3,2021-09-27,D2,1
AZ,3,2021-09-27,DU,0
AZ,3,2021-09-27,R,0
AZ,3,2021-09-28,D1,0
AZ,3,2021-09-28,D2,2
AZ,3,2021-09-28,DU,0
AZ,3,2021-09-28,R,0
AZ,3,2021-09-29,D1,0
AZ,3,2021-09-29,D2,2
AZ,3,2021-09-29,DU,0
AZ,3,2021-09-29,R,0
AZ,3,2021-10-02,D1,1
AZ,3,2021-10-02,D2,0
AZ,3,2021-10-02,DU,0
AZ,3,2021-10-02,R,0
AZ,3,2021-10-06,D1,0
AZ,3,2021-10-06,D2,1
AZ,3,2021-10-06,DU,0
AZ,3,2021-10-06,R,0
AZ,3,2021-10-07,D1,0
AZ,3,2021-10-07,D2,1
AZ,3,2021-10-07,DU,0
AZ,3,2021-10-07,R,0
AZ,3,2021-10-08,D1,0
AZ,3,2021-10-08,D2,1
AZ,3,2021-10-08,DU,0
AZ,3,2021-10-08,R,0
AZ,3,2021-10-09,D1,1
AZ,3,2021-10-09,D2,0
AZ,3,2021-10-09,DU,0
AZ,3,2021-10-09,R,0
AZ,3,2021-10-14,D1,0
AZ,3,2021-10-14,D2,2
AZ,3,2021-10-14,DU,0
AZ,3,2021-10-14,R,0
AZ,3,2021-10-18,D1,0
AZ,3,2021-10-18,D2,1
AZ,3,2021-10-18,DU,0
AZ,3,2021-10-18,R,0
AZ,3,2021-10-19,D1,0
AZ,3,2021-10-19,D2,2
AZ,3,2021-10-19,DU,0
AZ,3,2021-10-19,R,0
AZ,3,2021-10-20,D1,0
AZ,3,2021-10-20,D2,1
AZ,3,2021-10-20,DU,0
AZ,3,2021-10-20,R,0
AZ,3,2021-10-21,D1,0
AZ,3,2021-10-21,D2,2
AZ,3,2021-10-21,DU,0
AZ,3,2021-10-21,R,0
AZ,3,2021-10-22,D1,1
AZ,3,2021-10-22,D2,0
AZ,3,2021-10-22,DU,0
AZ,3,2021-10-22,R,0
AZ,3,2021-10-25,D1,0
AZ,3,2021-10-25,D2,1
AZ,3,2021-10-25,DU,0
AZ,3,2021-10-25,R,0
AZ,3,2021-10-26,D1,0
AZ,3,2021-10-26,D2,2
AZ,3,2021-10-26,DU,0
AZ,3,2021-10-26,R,0
AZ,3,2021-10-27,D1,0
AZ,3,2021-10-27,D2,1
AZ,3,2021-10-27,DU,0
AZ,3,2021-10-27,R,0
AZ,3,2021-10-28,D1,0
AZ,3,2021-10-28,D2,2
AZ,3,2021-10-28,DU,0
AZ,3,2021-10-28,R,0
AZ,3,2021-10-29,D1,0
AZ,3,2021-10-29,D2,1
AZ,3,2021-10-29,DU,0
AZ,3,2021-10-29,R,0
AZ,3,2021-11-03,D1,0
AZ,3,2021-11-03,D2,2
AZ,3,2021-11-03,DU,0
AZ,3,2021-11-03,R,0
AZ,3,2021-11-04,D1,0
AZ,3,2021-11-04,D2,6
AZ,3,2021-11-04,DU,0
AZ,3,2021-11-04,R,0
AZ,3,2021-11-05,D1,0
AZ,3,2021-11-05,D2,1
AZ,3,2021-11-05,DU,0
AZ,3,2021-11-05,R,0
AZ,3,2021-11-06,D1,0
AZ,3,2021-11-06,D2,1
AZ,3,2021-11-06,DU,0
AZ,3,2021-11-06,R,0
AZ,3,2021-11-08,D1,0
AZ,3,2021-11-08,D2,5
AZ,3,2021-11-08,DU,0
AZ,3,2021-11-08,R,0
AZ,3,2021-11-09,D1,0
AZ,3,2021-11-09,D2,5
AZ,3,2021-11-09,DU,0
AZ,3,2021-11-09,R,0
AZ,3,2021-11-10,D1,0
AZ,3,2021-11-10,D2,6
AZ,3,2021-11-10,DU,0
AZ,3,2021-11-10,R,0
AZ,3,2021-11-11,D1,0
AZ,3,2021-11-11,D2,7
AZ,3,2021-11-11,DU,0
AZ,3,2021-11-11,R,0
AZ,3,2021-11-12,D1,0
AZ,3,2021-11-12,D2,1
AZ,3,2021-11-12,DU,0
AZ,3,2021-11-12,R,0
AZ,3,2021-11-13,D1,0
AZ,3,2021-11-13,D2,3
AZ,3,2021-11-13,DU,0
AZ,3,2021-11-13,R,0
AZ,3,2021-11-16,D1,0
AZ,3,2021-11-16,D2,1
AZ,3,2021-11-16,DU,0
AZ,3,2021-11-16,R,0
AZ,3,2021-11-17,D1,0
AZ,3,2021-11-17,D2,4
AZ,3,2021-11-17,DU,0
AZ,3,2021-11-17,R,0
AZ,3,2021-11-18,D1,0
AZ,3,2021-11-18,D2,1
AZ,3,2021-11-18,DU,0
AZ,3,2021-11-18,R,0
AZ,3,2021-11-20,D1,0
AZ,3,2021-11-20,D2,1
AZ,3,2021-11-20,DU,0
AZ,3,2021-11-20,R,0
AZ,3,2021-11-23,D1,0
AZ,3,2021-11-23,D2,4
AZ,3,2021-11-23,DU,0
AZ,3,2021-11-23,R,0
AZ,3,2021-11-24,D1,1
AZ,3,2021-11-24,D2,0
AZ,3,2021-11-24,DU,0
AZ,3,2021-11-24,R,0
AZ,3,2021-11-26,D1,0
AZ,3,2021-11-26,D2,2
AZ,3,2021-11-26,DU,0
AZ,3,2021-11-26,R,0
AZ,3,2021-12-02,D1,0
AZ,3,2021-12-02,D2,1
AZ,3,2021-12-02,DU,0
AZ,3,2021-12-02,R,0
AZ,3,2021-12-07,D1,2
AZ,3,2021-12-07,D2,0
AZ,3,2021-12-07,DU,0
AZ,3,2021-12-07,R,0
AZ,3,2021-12-14,D1,0
AZ,3,2021-12-14,D2,0
AZ,3,2021-12-14,DU,0
AZ,3,2021-12-14,R,1
AZ,3,2022-01-04,D1,0
AZ,3,2022-01-04,D2,1
AZ,3,2022-01-04,DU,0
AZ,3,2022-01-04,R,0
AZ,3,2022-01-08,D1,0
AZ,3,2022-01-08,D2,0
AZ,3,2022-01-08,DU,0
AZ,3,2022-01-08,R,1
AZ,3,2022-01-10,D1,0
AZ,3,2022-01-10,D2,1
AZ,3,2022-01-10,DU,0
AZ,3,2022-01-10,R,1
AZ,3,2022-01-11,D1,0
AZ,3,2022-01-11,D2,1
AZ,3,2022-01-11,DU,0
AZ,3,2022-01-11,R,0
AZ,3,2022-01-13,D1,0
AZ,3,2022-01-13,D2,0
AZ,3,2022-01-13,DU,0
AZ,3,2022-01-13,R,1
AZ,4,2021-01-20,D1,1
AZ,4,2021-01-20,D2,0
AZ,4,2021-01-20,DU,0
AZ,4,2021-01-20,R,0
AZ,4,2021-01-21,D1,25
AZ,4,2021-01-21,D2,0
AZ,4,2021-01-21,DU,0
AZ,4,2021-01-21,R,0
AZ,4,2021-01-22,D1,16
AZ,4,2021-01-22,D2,0
AZ,4,2021-01-22,DU,0
AZ,4,2021-01-22,R,0
AZ,4,2021-01-23,D1,4
AZ,4,2021-01-23,D2,0
AZ,4,2021-01-23,DU,0
AZ,4,2021-01-23,R,0
AZ,4,2021-01-24,D1,3
AZ,4,2021-01-24,D2,0
AZ,4,2021-01-24,DU,0
AZ,4,2021-01-24,R,0
AZ,4,2021-01-25,D1,38
AZ,4,2021-01-25,D2,0
AZ,4,2021-01-25,DU,0
AZ,4,2021-01-25,R,0
AZ,4,2021-01-26,D1,60
AZ,4,2021-01-26,D2,0
AZ,4,2021-01-26,DU,0
AZ,4,2021-01-26,R,0
AZ,4,2021-01-27,D1,1053
AZ,4,2021-01-27,D2,0
AZ,4,2021-01-27,DU,0
AZ,4,2021-01-27,R,0
AZ,4,2021-01-28,D1,2733
AZ,4,2021-01-28,D2,1
AZ,4,2021-01-28,DU,0
AZ,4,2021-01-28,R,0
AZ,4,2021-01-29,D1,2399
AZ,4,2021-01-29,D2,0
AZ,4,2021-01-29,DU,0
AZ,4,2021-01-29,R,0
AZ,4,2021-01-30,D1,626
AZ,4,2021-01-30,D2,0
AZ,4,2021-01-30,DU,0
AZ,4,2021-01-30,R,0
AZ,4,2021-01-31,D1,99
AZ,4,2021-01-31,D2,0
AZ,4,2021-01-31,DU,0
AZ,4,2021-01-31,R,0
AZ,4,2021-02-01,D1,1670
AZ,4,2021-02-01,D2,1
AZ,4,2021-02-01,DU,0
AZ,4,2021-02-01,R,0
AZ,4,2021-02-02,D1,1928
AZ,4,2021-02-02,D2,0
AZ,4,2021-02-02,DU,0
AZ,4,2021-02-02,R,0
AZ,4,2021-02-03,D1,2314
AZ,4,2021-02-03,D2,1
AZ,4,2021-02-03,DU,0
AZ,4,2021-02-03,R,0
AZ,4,2021-02-04,D1,2838
AZ,4,2021-02-04,D2,1
AZ,4,2021-02-04,DU,0
AZ,4,2021-02-04,R,0
AZ,4,2021-02-05,D1,2091
AZ,4,2021-02-05,D2,0
AZ,4,2021-02-05,DU,0
AZ,4,2021-02-05,R,0
AZ,4,2021-02-06,D1,482
AZ,4,2021-02-06,D2,0
AZ,4,2021-02-06,DU,0
AZ,4,2021-02-06,R,0
AZ,4,2021-02-07,D1,154
AZ,4,2021-02-07,D2,2
AZ,4,2021-02-07,DU,0
AZ,4,2021-02-07,R,0
AZ,4,2021-02-08,D1,1042
AZ,4,2021-02-08,D2,0
AZ,4,2021-02-08,DU,0
AZ,4,2021-02-08,R,0
AZ,4,2021-02-09,D1,611
AZ,4,2021-02-09,D2,1
AZ,4,2021-02-09,DU,0
AZ,4,2021-02-09,R,0
AZ,4,2021-02-10,D1,523
AZ,4,2021-02-10,D2,2
AZ,4,2021-02-10,DU,0
AZ,4,2021-02-10,R,0
AZ,4,2021-02-11,D1,503
AZ,4,2021-02-11,D2,0
AZ,4,2021-02-11,DU,0
AZ,4,2021-02-11,R,0
AZ,4,2021-02-12,D1,301
AZ,4,2021-02-12,D2,0
AZ,4,2021-02-12,DU,0
AZ,4,2021-02-12,R,0
AZ,4,2021-02-13,D1,65
AZ,4,2021-02-13,D2,0
AZ,4,2021-02-13,DU,0
AZ,4,2021-02-13,R,0
AZ,4,2021-02-14,D1,16
AZ,4,2021-02-14,D2,0
AZ,4,2021-02-14,DU,0
AZ,4,2021-02-14,R,0
AZ,4,2021-02-15,D1,138
AZ,4,2021-02-15,D2,1
AZ,4,2021-02-15,DU,0
AZ,4,2021-02-15,R,0
AZ,4,2021-02-16,D1,115
AZ,4,2021-02-16,D2,1
AZ,4,2021-02-16,DU,0
AZ,4,2021-02-16,R,0
AZ,4,2021-02-17,D1,152
AZ,4,2021-02-17,D2,0
AZ,4,2021-02-17,DU,0
AZ,4,2021-02-17,R,0
AZ,4,2021-02-18,D1,178
AZ,4,2021-02-18,D2,1
AZ,4,2021-02-18,DU,0
AZ,4,2021-02-18,R,0
AZ,4,2021-02-19,D1,185
AZ,4,2021-02-19,D2,1
AZ,4,2021-02-19,DU,0
AZ,4,2021-02-19,R,0
AZ,4,2021-02-20,D1,38
AZ,4,2021-02-20,D2,1
AZ,4,2021-02-20,DU,0
AZ,4,2021-02-20,R,0
AZ,4,2021-02-21,D1,6
AZ,4,2021-02-21,D2,0
AZ,4,2021-02-21,DU,0
AZ,4,2021-02-21,R,0
AZ,4,2021-02-22,D1,157
AZ,4,2021-02-22,D2,0
AZ,4,2021-02-22,DU,0
AZ,4,2021-02-22,R,0
AZ,4,2021-02-23,D1,43
AZ,4,2021-02-23,D2,1
AZ,4,2021-02-23,DU,0
AZ,4,2021-02-23,R,0
AZ,4,2021-02-24,D1,63
AZ,4,2021-02-24,D2,0
AZ,4,2021-02-24,DU,0
AZ,4,2021-02-24,R,0
AZ,4,2021-02-25,D1,46
AZ,4,2021-02-25,D2,0
AZ,4,2021-02-25,DU,0
AZ,4,2021-02-25,R,0
AZ,4,2021-02-26,D1,90
AZ,4,2021-02-26,D2,0
AZ,4,2021-02-26,DU,0
AZ,4,2021-02-26,R,0
AZ,4,2021-02-27,D1,53
AZ,4,2021-02-27,D2,0
AZ,4,2021-02-27,DU,0
AZ,4,2021-02-27,R,0
AZ,4,2021-02-28,D1,7
AZ,4,2021-02-28,D2,1
AZ,4,2021-02-28,DU,0
AZ,4,2021-02-28,R,0
AZ,4,2021-03-01,D1,242
AZ,4,2021-03-01,D2,3
AZ,4,2021-03-01,DU,0
AZ,4,2021-03-01,R,0
AZ,4,2021-03-02,D1,207
AZ,4,2021-03-02,D2,1
AZ,4,2021-03-02,DU,0
AZ,4,2021-03-02,R,0
AZ,4,2021-03-03,D1,173
AZ,4,2021-03-03,D2,2
AZ,4,2021-03-03,DU,0
AZ,4,2021-03-03,R,0
AZ,4,2021-03-04,D1,187
AZ,4,2021-03-04,D2,0
AZ,4,2021-03-04,DU,0
AZ,4,2021-03-04,R,0
AZ,4,2021-03-05,D1,122
AZ,4,2021-03-05,D2,2
AZ,4,2021-03-05,DU,0
AZ,4,2021-03-05,R,0
AZ,4,2021-03-06,D1,14
AZ,4,2021-03-06,D2,0
AZ,4,2021-03-06,DU,0
AZ,4,2021-03-06,R,0
AZ,4,2021-03-07,D1,2
AZ,4,2021-03-07,D2,0
AZ,4,2021-03-07,DU,0
AZ,4,2021-03-07,R,0
AZ,4,2021-03-08,D1,64
AZ,4,2021-03-08,D2,3
AZ,4,2021-03-08,DU,0
AZ,4,2021-03-08,R,0
AZ,4,2021-03-09,D1,54
AZ,4,2021-03-09,D2,0
AZ,4,2021-03-09,DU,0
AZ,4,2021-03-09,R,0
AZ,4,2021-03-10,D1,77
AZ,4,2021-03-10,D2,1
AZ,4,2021-03-10,DU,0
AZ,4,2021-03-10,R,0
AZ,4,2021-03-11,D1,51
AZ,4,2021-03-11,D2,3
AZ,4,2021-03-11,DU,0
AZ,4,2021-03-11,R,0
AZ,4,2021-03-12,D1,76
AZ,4,2021-03-12,D2,0
AZ,4,2021-03-12,DU,0
AZ,4,2021-03-12,R,0
AZ,4,2021-03-13,D1,2
AZ,4,2021-03-13,D2,0
AZ,4,2021-03-13,DU,0
AZ,4,2021-03-13,R,0
AZ,4,2021-03-14,D1,1
AZ,4,2021-03-14,D2,0
AZ,4,2021-03-14,DU,0
AZ,4,2021-03-14,R,0
AZ,4,2021-03-15,D1,49
AZ,4,2021-03-15,D2,1
AZ,4,2021-03-15,DU,0
AZ,4,2021-03-15,R,0
AZ,4,2021-03-16,D1,65
AZ,4,2021-03-16,D2,1
AZ,4,2021-03-16,DU,0
AZ,4,2021-03-16,R,0
AZ,4,2021-03-17,D1,104
AZ,4,2021-03-17,D2,0
AZ,4,2021-03-17,DU,0
AZ,4,2021-03-17,R,0
AZ,4,2021-03-18,D1,64
AZ,4,2021-03-18,D2,0
AZ,4,2021-03-18,DU,0
AZ,4,2021-03-18,R,0
AZ,4,2021-03-19,D1,30
AZ,4,2021-03-19,D2,0
AZ,4,2021-03-19,DU,0
AZ,4,2021-03-19,R,0
AZ,4,2021-03-20,D1,14
AZ,4,2021-03-20,D2,0
AZ,4,2021-03-20,DU,0
AZ,4,2021-03-20,R,0
AZ,4,2021-03-22,D1,62
AZ,4,2021-03-22,D2,0
AZ,4,2021-03-22,DU,0
AZ,4,2021-03-22,R,0
AZ,4,2021-03-23,D1,44
AZ,4,2021-03-23,D2,0
AZ,4,2021-03-23,DU,0
AZ,4,2021-03-23,R,0
AZ,4,2021-03-24,D1,116
AZ,4,2021-03-24,D2,0
AZ,4,2021-03-24,DU,0
AZ,4,2021-03-24,R,0
AZ,4,2021-03-25,D1,63
AZ,4,2021-03-25,D2,0
AZ,4,2021-03-25,DU,0
AZ,4,2021-03-25,R,0
AZ,4,2021-03-26,D1,17
AZ,4,2021-03-26,D2,2
AZ,4,2021-03-26,DU,0
AZ,4,2021-03-26,R,0
AZ,4,2021-03-27,D1,15
AZ,4,2021-03-27,D2,1
AZ,4,2021-03-27,DU,0
AZ,4,2021-03-27,R,0
AZ,4,2021-03-28,D1,0
AZ,4,2021-03-28,D2,1
AZ,4,2021-03-28,DU,0
AZ,4,2021-03-28,R,0
AZ,4,2021-03-29,D1,19
AZ,4,2021-03-29,D2,0
AZ,4,2021-03-29,DU,0
AZ,4,2021-03-29,R,0
AZ,4,2021-03-30,D1,34
AZ,4,2021-03-30,D2,1
AZ,4,2021-03-30,DU,0
AZ,4,2021-03-30,R,0
AZ,4,2021-03-31,D1,76
AZ,4,2021-03-31,D2,0
AZ,4,2021-03-31,DU,0
AZ,4,2021-03-31,R,0
AZ,4,2021-04-01,D1,37
AZ,4,2021-04-01,D2,0
AZ,4,2021-04-01,DU,0
AZ,4,2021-04-01,R,0
AZ,4,2021-04-02,D1,5
AZ,4,2021-04-02,D2,0
AZ,4,2021-04-02,DU,0
AZ,4,2021-04-02,R,0
AZ,4,2021-04-03,D1,0
AZ,4,2021-04-03,D2,1
AZ,4,2021-04-03,DU,0
AZ,4,2021-04-03,R,0
AZ,4,2021-04-04,D1,1
AZ,4,2021-04-04,D2,0
AZ,4,2021-04-04,DU,0
AZ,4,2021-04-04,R,0
AZ,4,2021-04-05,D1,660
AZ,4,2021-04-05,D2,0
AZ,4,2021-04-05,DU,0
AZ,4,2021-04-05,R,0
AZ,4,2021-04-06,D1,964
AZ,4,2021-04-06,D2,0
AZ,4,2021-04-06,DU,0
AZ,4,2021-04-06,R,0
AZ,4,2021-04-07,D1,767
AZ,4,2021-04-07,D2,0
AZ,4,2021-04-07,DU,0
AZ,4,2021-04-07,R,0
AZ,4,2021-04-08,D1,674
AZ,4,2021-04-08,D2,3
AZ,4,2021-04-08,DU,0
AZ,4,2021-04-08,R,0
AZ,4,2021-04-09,D1,437
AZ,4,2021-04-09,D2,0
AZ,4,2021-04-09,DU,0
AZ,4,2021-04-09,R,0
AZ,4,2021-04-10,D1,117
AZ,4,2021-04-10,D2,0
AZ,4,2021-04-10,DU,0
AZ,4,2021-04-10,R,0
AZ,4,2021-04-11,D1,100
AZ,4,2021-04-11,D2,0
AZ,4,2021-04-11,DU,0
AZ,4,2021-04-11,R,0
AZ,4,2021-04-12,D1,208
AZ,4,2021-04-12,D2,4
AZ,4,2021-04-12,DU,0
AZ,4,2021-04-12,R,0
AZ,4,2021-04-13,D1,98
AZ,4,2021-04-13,D2,7
AZ,4,2021-04-13,DU,0
AZ,4,2021-04-13,R,0
AZ,4,2021-04-14,D1,105
AZ,4,2021-04-14,D2,4
AZ,4,2021-04-14,DU,0
AZ,4,2021-04-14,R,0
AZ,4,2021-04-15,D1,147
AZ,4,2021-04-15,D2,6
AZ,4,2021-04-15,DU,0
AZ,4,2021-04-15,R,0
AZ,4,2021-04-16,D1,134
AZ,4,2021-04-16,D2,16
AZ,4,2021-04-16,DU,0
AZ,4,2021-04-16,R,0
AZ,4,2021-04-17,D1,18
AZ,4,2021-04-17,D2,2
AZ,4,2021-04-17,DU,0
AZ,4,2021-04-17,R,0
AZ,4,2021-04-18,D1,0
AZ,4,2021-04-18,D2,26
AZ,4,2021-04-18,DU,0
AZ,4,2021-04-18,R,0
AZ,4,2021-04-19,D1,137
AZ,4,2021-04-19,D2,78
AZ,4,2021-04-19,DU,0
AZ,4,2021-04-19,R,0
AZ,4,2021-04-20,D1,169
AZ,4,2021-04-20,D2,379
AZ,4,2021-04-20,DU,0
AZ,4,2021-04-20,R,0
AZ,4,2021-04-21,D1,76
AZ,4,2021-04-21,D2,386
AZ,4,2021-04-21,DU,0
AZ,4,2021-04-21,R,0
AZ,4,2021-04-22,D1,193
AZ,4,2021-04-22,D2,1473
AZ,4,2021-04-22,DU,0
AZ,4,2021-04-22,R,0
AZ,4,2021-04-23,D1,174
AZ,4,2021-04-23,D2,1630
AZ,4,2021-04-23,DU,0
AZ,4,2021-04-23,R,0
AZ,4,2021-04-24,D1,64
AZ,4,2021-04-24,D2,472
AZ,4,2021-04-24,DU,0
AZ,4,2021-04-24,R,0
AZ,4,2021-04-25,D1,2
AZ,4,2021-04-25,D2,93
AZ,4,2021-04-25,DU,0
AZ,4,2021-04-25,R,0
AZ,4,2021-04-26,D1,163
AZ,4,2021-04-26,D2,1365
AZ,4,2021-04-26,DU,0
AZ,4,2021-04-26,R,0
AZ,4,2021-04-27,D1,154
AZ,4,2021-04-27,D2,1692
AZ,4,2021-04-27,DU,0
AZ,4,2021-04-27,R,0
AZ,4,2021-04-28,D1,192
AZ,4,2021-04-28,D2,2039
AZ,4,2021-04-28,DU,0
AZ,4,2021-04-28,R,0
AZ,4,2021-04-29,D1,197
AZ,4,2021-04-29,D2,1984
AZ,4,2021-04-29,DU,0
AZ,4,2021-04-29,R,0
AZ,4,2021-04-30,D1,230
AZ,4,2021-04-30,D2,1369
AZ,4,2021-04-30,DU,0
AZ,4,2021-04-30,R,0
AZ,4,2021-05-01,D1,38
AZ,4,2021-05-01,D2,140
AZ,4,2021-05-01,DU,0
AZ,4,2021-05-01,R,0
AZ,4,2021-05-02,D1,3
AZ,4,2021-05-02,D2,9
AZ,4,2021-05-02,DU,0
AZ,4,2021-05-02,R,0
AZ,4,2021-05-03,D1,329
AZ,4,2021-05-03,D2,1531
AZ,4,2021-05-03,DU,0
AZ,4,2021-05-03,R,0
AZ,4,2021-05-04,D1,609
AZ,4,2021-05-04,D2,1399
AZ,4,2021-05-04,DU,0
AZ,4,2021-05-04,R,0
AZ,4,2021-05-05,D1,875
AZ,4,2021-05-05,D2,1253
AZ,4,2021-05-05,DU,0
AZ,4,2021-05-05,R,0
AZ,4,2021-05-06,D1,770
AZ,4,2021-05-06,D2,724
AZ,4,2021-05-06,DU,0
AZ,4,2021-05-06,R,0
AZ,4,2021-05-07,D1,1365
AZ,4,2021-05-07,D2,588
AZ,4,2021-05-07,DU,0
AZ,4,2021-05-07,R,0
AZ,4,2021-05-08,D1,955
AZ,4,2021-05-08,D2,76
AZ,4,2021-05-08,DU,0
AZ,4,2021-05-08,R,0
AZ,4,2021-05-09,D1,21
AZ,4,2021-05-09,D2,3
AZ,4,2021-05-09,DU,0
AZ,4,2021-05-09,R,0
AZ,4,2021-05-10,D1,1969
AZ,4,2021-05-10,D2,444
AZ,4,2021-05-10,DU,0
AZ,4,2021-05-10,R,0
AZ,4,2021-05-11,D1,1949
AZ,4,2021-05-11,D2,344
AZ,4,2021-05-11,DU,0
AZ,4,2021-05-11,R,0
AZ,4,2021-05-12,D1,1409
AZ,4,2021-05-12,D2,281
AZ,4,2021-05-12,DU,0
AZ,4,2021-05-12,R,0
AZ,4,2021-05-13,D1,1237
AZ,4,2021-05-13,D2,238
AZ,4,2021-05-13,DU,0
AZ,4,2021-05-13,R,0
AZ,4,2021-05-14,D1,1098
AZ,4,2021-05-14,D2,204
AZ,4,2021-05-14,DU,0
AZ,4,2021-05-14,R,0
AZ,4,2021-05-15,D1,873
AZ,4,2021-05-15,D2,31
AZ,4,2021-05-15,DU,0
AZ,4,2021-05-15,R,0
AZ,4,2021-05-16,D1,4736
AZ,4,2021-05-16,D2,5
AZ,4,2021-05-16,DU,0
AZ,4,2021-05-16,R,0
AZ,4,2021-05-17,D1,952
AZ,4,2021-05-17,D2,151
AZ,4,2021-05-17,DU,0
AZ,4,2021-05-17,R,0
AZ,4,2021-05-18,D1,1421
AZ,4,2021-05-18,D2,166
AZ,4,2021-05-18,DU,0
AZ,4,2021-05-18,R,0
AZ,4,2021-05-19,D1,1271
AZ,4,2021-05-19,D2,84
AZ,4,2021-05-19,DU,0
AZ,4,2021-05-19,R,0
AZ,4,2021-05-20,D1,1169
AZ,4,2021-05-20,D2,108
AZ,4,2021-05-20,DU,0
AZ,4,2021-05-20,R,0
AZ,4,2021-05-21,D1,1069
AZ,4,2021-05-21,D2,143
AZ,4,2021-05-21,DU,0
AZ,4,2021-05-21,R,0
AZ,4,2021-05-22,D1,1317
AZ,4,2021-05-22,D2,49
AZ,4,2021-05-22,DU,0
AZ,4,2021-05-22,R,0
AZ,4,2021-05-23,D1,105
AZ,4,2021-05-23,D2,1
AZ,4,2021-05-23,DU,0
AZ,4,2021-05-23,R,0
AZ,4,2021-05-24,D1,690
AZ,4,2021-05-24,D2,170
AZ,4,2021-05-24,DU,0
AZ,4,2021-05-24,R,0
AZ,4,2021-05-25,D1,746
AZ,4,2021-05-25,D2,189
AZ,4,2021-05-25,DU,0
AZ,4,2021-05-25,R,0
AZ,4,2021-05-26,D1,672
AZ,4,2021-05-26,D2,153
AZ,4,2021-05-26,DU,0
AZ,4,2021-05-26,R,0
AZ,4,2021-05-27,D1,868
AZ,4,2021-05-27,D2,158
AZ,4,2021-05-27,DU,0
AZ,4,2021-05-27,R,0
AZ,4,2021-05-28,D1,4750
AZ,4,2021-05-28,D2,118
AZ,4,2021-05-28,DU,0
AZ,4,2021-05-28,R,0
AZ,4,2021-05-29,D1,2504
AZ,4,2021-05-29,D2,49
AZ,4,2021-05-29,DU,0
AZ,4,2021-05-29,R,0
AZ,4,2021-05-30,D1,231
AZ,4,2021-05-30,D2,3
AZ,4,2021-05-30,DU,0
AZ,4,2021-05-30,R,0
AZ,4,2021-05-31,D1,3233
AZ,4,2021-05-31,D2,107
AZ,4,2021-05-31,DU,0
AZ,4,2021-05-31,R,0
AZ,4,2021-06-01,D1,3357
AZ,4,2021-06-01,D2,120
AZ,4,2021-06-01,DU,0
AZ,4,2021-06-01,R,0
AZ,4,2021-06-02,D1,2879
AZ,4,2021-06-02,D2,150
AZ,4,2021-06-02,DU,0
AZ,4,2021-06-02,R,0
AZ,4,2021-06-03,D1,1506
AZ,4,2021-06-03,D2,30
AZ,4,2021-06-03,DU,0
AZ,4,2021-06-03,R,0
AZ,4,2021-06-04,D1,2675
AZ,4,2021-06-04,D2,40
AZ,4,2021-06-04,DU,0
AZ,4,2021-06-04,R,0
AZ,4,2021-06-05,D1,1803
AZ,4,2021-06-05,D2,34
AZ,4,2021-06-05,DU,0
AZ,4,2021-06-05,R,0
AZ,4,2021-06-06,D1,343
AZ,4,2021-06-06,D2,0
AZ,4,2021-06-06,DU,0
AZ,4,2021-06-06,R,0
AZ,4,2021-06-07,D1,5255
AZ,4,2021-06-07,D2,108
AZ,4,2021-06-07,DU,0
AZ,4,2021-06-07,R,0
AZ,4,2021-06-08,D1,6423
AZ,4,2021-06-08,D2,97
AZ,4,2021-06-08,DU,0
AZ,4,2021-06-08,R,0
AZ,4,2021-06-09,D1,6715
AZ,4,2021-06-09,D2,86
AZ,4,2021-06-09,DU,0
AZ,4,2021-06-09,R,0
AZ,4,2021-06-10,D1,7493
AZ,4,2021-06-10,D2,71
AZ,4,2021-06-10,DU,0
AZ,4,2021-06-10,R,0
AZ,4,2021-06-11,D1,9235
AZ,4,2021-06-11,D2,73
AZ,4,2021-06-11,DU,0
AZ,4,2021-06-11,R,0
AZ,4,2021-06-12,D1,2735
AZ,4,2021-06-12,D2,13
AZ,4,2021-06-12,DU,0
AZ,4,2021-06-12,R,0
AZ,4,2021-06-13,D1,87
AZ,4,2021-06-13,D2,4
AZ,4,2021-06-13,DU,0
AZ,4,2021-06-13,R,0
AZ,4,2021-06-14,D1,5617
AZ,4,2021-06-14,D2,43
AZ,4,2021-06-14,DU,0
AZ,4,2021-06-14,R,0
AZ,4,2021-06-15,D1,5686
AZ,4,2021-06-15,D2,59
AZ,4,2021-06-15,DU,0
AZ,4,2021-06-15,R,0
AZ,4,2021-06-16,D1,4456
AZ,4,2021-06-16,D2,81
AZ,4,2021-06-16,DU,0
AZ,4,2021-06-16,R,0
AZ,4,2021-06-17,D1,3792
AZ,4,2021-06-17,D2,71
AZ,4,2021-06-17,DU,0
AZ,4,2021-06-17,R,0
AZ,4,2021-06-18,D1,3497
AZ,4,2021-06-18,D2,51
AZ,4,2021-06-18,DU,0
AZ,4,2021-06-18,R,0
AZ,4,2021-06-19,D1,2061
AZ,4,2021-06-19,D2,18
AZ,4,2021-06-19,DU,0
AZ,4,2021-06-19,R,0
AZ,4,2021-06-20,D1,111
AZ,4,2021-06-20,D2,2
AZ,4,2021-06-20,DU,0
AZ,4,2021-06-20,R,0
AZ,4,2021-06-21,D1,2024
AZ,4,2021-06-21,D2,43
AZ,4,2021-06-21,DU,0
AZ,4,2021-06-21,R,0
AZ,4,2021-06-22,D1,1391
AZ,4,2021-06-22,D2,39
AZ,4,2021-06-22,DU,0
AZ,4,2021-06-22,R,0
AZ,4,2021-06-23,D1,1037
AZ,4,2021-06-23,D2,39
AZ,4,2021-06-23,DU,0
AZ,4,2021-06-23,R,1
AZ,4,2021-06-24,D1,1121
AZ,4,2021-06-24,D2,63
AZ,4,2021-06-24,DU,0
AZ,4,2021-06-24,R,0
AZ,4,2021-06-25,D1,1086
AZ,4,2021-06-25,D2,37
AZ,4,2021-06-25,DU,0
AZ,4,2021-06-25,R,0
AZ,4,2021-06-26,D1,772
AZ,4,2021-06-26,D2,9
AZ,4,2021-06-26,DU,0
AZ,4,2021-06-26,R,0
AZ,4,2021-06-27,D1,21
AZ,4,2021-06-27,D2,0
AZ,4,2021-06-27,DU,0
AZ,4,2021-06-27,R,0
AZ,4,2021-06-28,D1,949
AZ,4,2021-06-28,D2,601
AZ,4,2021-06-28,DU,0
AZ,4,2021-06-28,R,0
AZ,4,2021-06-29,D1,1131
AZ,4,2021-06-29,D2,823
AZ,4,2021-06-29,DU,0
AZ,4,2021-06-29,R,0
AZ,4,2021-06-30,D1,1221
AZ,4,2021-06-30,D2,779
AZ,4,2021-06-30,DU,0
AZ,4,2021-06-30,R,0
AZ,4,2021-07-01,D1,1568
AZ,4,2021-07-01,D2,790
AZ,4,2021-07-01,DU,0
AZ,4,2021-07-01,R,0
AZ,4,2021-07-02,D1,1669
AZ,4,2021-07-02,D2,517
AZ,4,2021-07-02,DU,0
AZ,4,2021-07-02,R,0
AZ,4,2021-07-03,D1,456
AZ,4,2021-07-03,D2,63
AZ,4,2021-07-03,DU,0
AZ,4,2021-07-03,R,0
AZ,4,2021-07-04,D1,7
AZ,4,2021-07-04,D2,34
AZ,4,2021-07-04,DU,0
AZ,4,2021-07-04,R,0
AZ,4,2021-07-05,D1,1064
AZ,4,2021-07-05,D2,259
AZ,4,2021-07-05,DU,0
AZ,4,2021-07-05,R,0
AZ,4,2021-07-06,D1,773
AZ,4,2021-07-06,D2,45
AZ,4,2021-07-06,DU,0
AZ,4,2021-07-06,R,0
AZ,4,2021-07-07,D1,542
AZ,4,2021-07-07,D2,63
AZ,4,2021-07-07,DU,0
AZ,4,2021-07-07,R,0
AZ,4,2021-07-08,D1,725
AZ,4,2021-07-08,D2,73
AZ,4,2021-07-08,DU,0
AZ,4,2021-07-08,R,0
AZ,4,2021-07-09,D1,568
AZ,4,2021-07-09,D2,20
AZ,4,2021-07-09,DU,0
AZ,4,2021-07-09,R,0
AZ,4,2021-07-10,D1,99
AZ,4,2021-07-10,D2,30
AZ,4,2021-07-10,DU,0
AZ,4,2021-07-10,R,0
AZ,4,2021-07-11,D1,2
AZ,4,2021-07-11,D2,1
AZ,4,2021-07-11,DU,0
AZ,4,2021-07-11,R,0
AZ,4,2021-07-12,D1,623
AZ,4,2021-07-12,D2,93
AZ,4,2021-07-12,DU,0
AZ,4,2021-07-12,R,0
AZ,4,2021-07-13,D1,506
AZ,4,2021-07-13,D2,111
AZ,4,2021-07-13,DU,0
AZ,4,2021-07-13,R,0
AZ,4,2021-07-14,D1,521
AZ,4,2021-07-14,D2,128
AZ,4,2021-07-14,DU,0
AZ,4,2021-07-14,R,0
AZ,4,2021-07-15,D1,604
AZ,4,2021-07-15,D2,175
AZ,4,2021-07-15,DU,0
AZ,4,2021-07-15,R,0
AZ,4,2021-07-16,D1,352
AZ,4,2021-07-16,D2,153
AZ,4,2021-07-16,DU,0
AZ,4,2021-07-16,R,0
AZ,4,2021-07-17,D1,260
AZ,4,2021-07-17,D2,49
AZ,4,2021-07-17,DU,0
AZ,4,2021-07-17,R,0
AZ,4,2021-07-18,D1,4
AZ,4,2021-07-18,D2,2
AZ,4,2021-07-18,DU,0
AZ,4,2021-07-18,R,0
AZ,4,2021-07-19,D1,341
AZ,4,2021-07-19,D2,132
AZ,4,2021-07-19,DU,0
AZ,4,2021-07-19,R,0
AZ,4,2021-07-20,D1,170
AZ,4,2021-07-20,D2,119
AZ,4,2021-07-20,DU,0
AZ,4,2021-07-20,R,0
AZ,4,2021-07-21,D1,755
AZ,4,2021-07-21,D2,136
AZ,4,2021-07-21,DU,0
AZ,4,2021-07-21,R,0
AZ,4,2021-07-22,D1,3325
AZ,4,2021-07-22,D2,192
AZ,4,2021-07-22,DU,0
AZ,4,2021-07-22,R,0
AZ,4,2021-07-23,D1,5361
AZ,4,2021-07-23,D2,242
AZ,4,2021-07-23,DU,0
AZ,4,2021-07-23,R,0
AZ,4,2021-07-24,D1,2842
AZ,4,2021-07-24,D2,111
AZ,4,2021-07-24,DU,0
AZ,4,2021-07-24,R,0
AZ,4,2021-07-25,D1,154
AZ,4,2021-07-25,D2,123
AZ,4,2021-07-25,DU,0
AZ,4,2021-07-25,R,0
AZ,4,2021-07-26,D1,5958
AZ,4,2021-07-26,D2,280
AZ,4,2021-07-26,DU,0
AZ,4,2021-07-26,R,0
AZ,4,2021-07-27,D1,10310
AZ,4,2021-07-27,D2,904
AZ,4,2021-07-27,DU,0
AZ,4,2021-07-27,R,0
AZ,4,2021-07-28,D1,3688
AZ,4,2021-07-28,D2,610
AZ,4,2021-07-28,DU,0
AZ,4,2021-07-28,R,0
AZ,4,2021-07-29,D1,4201
AZ,4,2021-07-29,D2,416
AZ,4,2021-07-29,DU,0
AZ,4,2021-07-29,R,0
AZ,4,2021-07-30,D1,4720
AZ,4,2021-07-30,D2,785
AZ,4,2021-07-30,DU,0
AZ,4,2021-07-30,R,0
AZ,4,2021-07-31,D1,3778
AZ,4,2021-07-31,D2,437
AZ,4,2021-07-31,DU,0
AZ,4,2021-07-31,R,0
AZ,4,2021-08-01,D1,589
AZ,4,2021-08-01,D2,9
AZ,4,2021-08-01,DU,0
AZ,4,2021-08-01,R,0
AZ,4,2021-08-02,D1,4861
AZ,4,2021-08-02,D2,1407
AZ,4,2021-08-02,DU,0
AZ,4,2021-08-02,R,0
AZ,4,2021-08-03,D1,5357
AZ,4,2021-08-03,D2,1364
AZ,4,2021-08-03,DU,0
AZ,4,2021-08-03,R,0
AZ,4,2021-08-04,D1,4431
AZ,4,2021-08-04,D2,1360
AZ,4,2021-08-04,DU,0
AZ,4,2021-08-04,R,0
AZ,4,2021-08-05,D1,11044
AZ,4,2021-08-05,D2,997
AZ,4,2021-08-05,DU,0
AZ,4,2021-08-05,R,0
AZ,4,2021-08-06,D1,10428
AZ,4,2021-08-06,D2,1146
AZ,4,2021-08-06,DU,0
AZ,4,2021-08-06,R,0
AZ,4,2021-08-07,D1,3933
AZ,4,2021-08-07,D2,592
AZ,4,2021-08-07,DU,0
AZ,4,2021-08-07,R,0
AZ,4,2021-08-08,D1,465
AZ,4,2021-08-08,D2,4062
AZ,4,2021-08-08,DU,0
AZ,4,2021-08-08,R,0
AZ,4,2021-08-09,D1,7012
AZ,4,2021-08-09,D2,1521
AZ,4,2021-08-09,DU,0
AZ,4,2021-08-09,R,0
AZ,4,2021-08-10,D1,5484
AZ,4,2021-08-10,D2,1543
AZ,4,2021-08-10,DU,0
AZ,4,2021-08-10,R,0
AZ,4,2021-08-11,D1,2851
AZ,4,2021-08-11,D2,1353
AZ,4,2021-08-11,DU,0
AZ,4,2021-08-11,R,0
AZ,4,2021-08-12,D1,5036
AZ,4,2021-08-12,D2,1074
AZ,4,2021-08-12,DU,0
AZ,4,2021-08-12,R,0
AZ,4,2021-08-13,D1,6703
AZ,4,2021-08-13,D2,1211
AZ,4,2021-08-13,DU,0
AZ,4,2021-08-13,R,1
AZ,4,2021-08-14,D1,6526
AZ,4,2021-08-14,D2,1142
AZ,4,2021-08-14,DU,0
AZ,4,2021-08-14,R,1
AZ,4,2021-08-15,D1,694
AZ,4,2021-08-15,D2,145
AZ,4,2021-08-15,DU,0
AZ,4,2021-08-15,R,0
AZ,4,2021-08-16,D1,7404
AZ,4,2021-08-16,D2,910
AZ,4,2021-08-16,DU,0
AZ,4,2021-08-16,R,0
AZ,4,2021-08-17,D1,16672
AZ,4,2021-08-17,D2,883
AZ,4,2021-08-17,DU,0
AZ,4,2021-08-17,R,0
AZ,4,2021-08-18,D1,16739
AZ,4,2021-08-18,D2,966
AZ,4,2021-08-18,DU,0
AZ,4,2021-08-18,R,0
AZ,4,2021-08-19,D1,4628
AZ,4,2021-08-19,D2,1391
AZ,4,2021-08-19,DU,0
AZ,4,2021-08-19,R,0
AZ,4,2021-08-20,D1,8043
AZ,4,2021-08-20,D2,3644
AZ,4,2021-08-20,DU,0
AZ,4,2021-08-20,R,0
AZ,4,2021-08-21,D1,1910
AZ,4,2021-08-21,D2,1634
AZ,4,2021-08-21,DU,0
AZ,4,2021-08-21,R,0
AZ,4,2021-08-22,D1,97
AZ,4,2021-08-22,D2,211
AZ,4,2021-08-22,DU,0
AZ,4,2021-08-22,R,0
AZ,4,2021-08-23,D1,2031
AZ,4,2021-08-23,D2,3172
AZ,4,2021-08-23,DU,0
AZ,4,2021-08-23,R,0
AZ,4,2021-08-24,D1,2984
AZ,4,2021-08-24,D2,2735
AZ,4,2021-08-24,DU,0
AZ,4,2021-08-24,R,0
AZ,4,2021-08-25,D1,5119
AZ,4,2021-08-25,D2,3048
AZ,4,2021-08-25,DU,0
AZ,4,2021-08-25,R,1
AZ,4,2021-08-26,D1,4336
AZ,4,2021-08-26,D2,2432
AZ,4,2021-08-26,DU,0
AZ,4,2021-08-26,R,0
AZ,4,2021-08-27,D1,2458
AZ,4,2021-08-27,D2,3692
AZ,4,2021-08-27,DU,0
AZ,4,2021-08-27,R,0
AZ,4,2021-08-28,D1,530
AZ,4,2021-08-28,D2,2027
AZ,4,2021-08-28,DU,0
AZ,4,2021-08-28,R,0
AZ,4,2021-08-29,D1,46
AZ,4,2021-08-29,D2,74
AZ,4,2021-08-29,DU,0
AZ,4,2021-08-29,R,1
AZ,4,2021-08-30,D1,1596
AZ,4,2021-08-30,D2,4681
AZ,4,2021-08-30,DU,0
AZ,4,2021-08-30,R,0
AZ,4,2021-08-31,D1,1734
AZ,4,2021-08-31,D2,5724
AZ,4,2021-08-31,DU,0
AZ,4,2021-08-31,R,0
AZ,4,2021-09-01,D1,1368
AZ,4,2021-09-01,D2,4608
AZ,4,2021-09-01,DU,0
AZ,4,2021-09-01,R,0
AZ,4,2021-09-02,D1,1321
AZ,4,2021-09-02,D2,5743
AZ,4,2021-09-02,DU,0
AZ,4,2021-09-02,R,0
AZ,4,2021-09-03,D1,1197
AZ,4,2021-09-03,D2,6116
AZ,4,2021-09-03,DU,0
AZ,4,2021-09-03,R,0
AZ,4,2021-09-04,D1,417
AZ,4,2021-09-04,D2,2479
AZ,4,2021-09-04,DU,0
AZ,4,2021-09-04,R,0
AZ,4,2021-09-05,D1,12
AZ,4,2021-09-05,D2,198
AZ,4,2021-09-05,DU,0
AZ,4,2021-09-05,R,0
AZ,4,2021-09-06,D1,313
AZ,4,2021-09-06,D2,1633
AZ,4,2021-09-06,DU,0
AZ,4,2021-09-06,R,0
AZ,4,2021-09-07,D1,22
AZ,4,2021-09-07,D2,402
AZ,4,2021-09-07,DU,0
AZ,4,2021-09-07,R,0
AZ,4,2021-09-08,D1,695
AZ,4,2021-09-08,D2,4723
AZ,4,2021-09-08,DU,0
AZ,4,2021-09-08,R,0
AZ,4,2021-09-09,D1,506
AZ,4,2021-09-09,D2,3763
AZ,4,2021-09-09,DU,0
AZ,4,2021-09-09,R,0
AZ,4,2021-09-10,D1,389
AZ,4,2021-09-10,D2,3614
AZ,4,2021-09-10,DU,0
AZ,4,2021-09-10,R,0
AZ,4,2021-09-11,D1,102
AZ,4,2021-09-11,D2,1425
AZ,4,2021-09-11,DU,0
AZ,4,2021-09-11,R,0
AZ,4,2021-09-12,D1,3
AZ,4,2021-09-12,D2,42
AZ,4,2021-09-12,DU,0
AZ,4,2021-09-12,R,0
AZ,4,2021-09-13,D1,276
AZ,4,2021-09-13,D2,1993
AZ,4,2021-09-13,DU,0
AZ,4,2021-09-13,R,0
AZ,4,2021-09-14,D1,122
AZ,4,2021-09-14,D2,1726
AZ,4,2021-09-14,DU,0
AZ,4,2021-09-14,R,0
AZ,4,2021-09-15,D1,115
AZ,4,2021-09-15,D2,1136
AZ,4,2021-09-15,DU,0
AZ,4,2021-09-15,R,0
AZ,4,2021-09-16,D1,108
AZ,4,2021-09-16,D2,1124
AZ,4,2021-09-16,DU,0
AZ,4,2021-09-16,R,0
AZ,4,2021-09-17,D1,103
AZ,4,2021-09-17,D2,1496
AZ,4,2021-09-17,DU,0
AZ,4,2021-09-17,R,0
AZ,4,2021-09-18,D1,30
AZ,4,2021-09-18,D2,608
AZ,4,2021-09-18,DU,0
AZ,4,2021-09-18,R,0
AZ,4,2021-09-19,D1,1
AZ,4,2021-09-19,D2,21
AZ,4,2021-09-19,DU,0
AZ,4,2021-09-19,R,0
AZ,4,2021-09-20,D1,90
AZ,4,2021-09-20,D2,1591
AZ,4,2021-09-20,DU,0
AZ,4,2021-09-20,R,1
AZ,4,2021-09-21,D1,108
AZ,4,2021-09-21,D2,1336
AZ,4,2021-09-21,DU,0
AZ,4,2021-09-21,R,0
AZ,4,2021-09-22,D1,99
AZ,4,2021-09-22,D2,985
AZ,4,2021-09-22,DU,0
AZ,4,2021-09-22,R,4
AZ,4,2021-09-23,D1,61
AZ,4,2021-09-23,D2,1281
AZ,4,2021-09-23,DU,0
AZ,4,2021-09-23,R,0
AZ,4,2021-09-24,D1,66
AZ,4,2021-09-24,D2,1383
AZ,4,2021-09-24,DU,0
AZ,4,2021-09-24,R,1
AZ,4,2021-09-25,D1,43
AZ,4,2021-09-25,D2,391
AZ,4,2021-09-25,DU,0
AZ,4,2021-09-25,R,0
AZ,4,2021-09-26,D1,7
AZ,4,2021-09-26,D2,20
AZ,4,2021-09-26,DU,0
AZ,4,2021-09-26,R,1
AZ,4,2021-09-27,D1,50
AZ,4,2021-09-27,D2,718
AZ,4,2021-09-27,DU,0
AZ,4,2021-09-27,R,0
AZ,4,2021-09-28,D1,64
AZ,4,2021-09-28,D2,543
AZ,4,2021-09-28,DU,0
AZ,4,2021-09-28,R,1
AZ,4,2021-09-29,D1,45
AZ,4,2021-09-29,D2,464
AZ,4,2021-09-29,DU,0
AZ,4,2021-09-29,R,14
AZ,4,2021-09-30,D1,44
AZ,4,2021-09-30,D2,726
AZ,4,2021-09-30,DU,0
AZ,4,2021-09-30,R,11
AZ,4,2021-10-01,D1,23
AZ,4,2021-10-01,D2,708
AZ,4,2021-10-01,DU,0
AZ,4,2021-10-01,R,6
AZ,4,2021-10-02,D1,33
AZ,4,2021-10-02,D2,593
AZ,4,2021-10-02,DU,0
AZ,4,2021-10-02,R,8
AZ,4,2021-10-03,D1,1
AZ,4,2021-10-03,D2,7
AZ,4,2021-10-03,DU,0
AZ,4,2021-10-03,R,0
AZ,4,2021-10-04,D1,27
AZ,4,2021-10-04,D2,396
AZ,4,2021-10-04,DU,0
AZ,4,2021-10-04,R,4
AZ,4,2021-10-05,D1,16
AZ,4,2021-10-05,D2,510
AZ,4,2021-10-05,DU,0
AZ,4,2021-10-05,R,1
AZ,4,2021-10-06,D1,22
AZ,4,2021-10-06,D2,710
AZ,4,2021-10-06,DU,0
AZ,4,2021-10-06,R,2
AZ,4,2021-10-07,D1,26
AZ,4,2021-10-07,D2,947
AZ,4,2021-10-07,DU,0
AZ,4,2021-10-07,R,2
AZ,4,2021-10-08,D1,50
AZ,4,2021-10-08,D2,992
AZ,4,2021-10-08,DU,0
AZ,4,2021-10-08,R,2
AZ,4,2021-10-09,D1,7
AZ,4,2021-10-09,D2,242
AZ,4,2021-10-09,DU,0
AZ,4,2021-10-09,R,0
AZ,4,2021-10-10,D1,1
AZ,4,2021-10-10,D2,13
AZ,4,2021-10-10,DU,0
AZ,4,2021-10-10,R,0
AZ,4,2021-10-11,D1,0
AZ,4,2021-10-11,D2,188
AZ,4,2021-10-11,DU,0
AZ,4,2021-10-11,R,0
AZ,4,2021-10-12,D1,0
AZ,4,2021-10-12,D2,39
AZ,4,2021-10-12,DU,0
AZ,4,2021-10-12,R,0
AZ,4,2021-10-13,D1,28
AZ,4,2021-10-13,D2,1443
AZ,4,2021-10-13,DU,0
AZ,4,2021-10-13,R,5
AZ,4,2021-10-14,D1,35
AZ,4,2021-10-14,D2,1647
AZ,4,2021-10-14,DU,0
AZ,4,2021-10-14,R,2
AZ,4,2021-10-15,D1,32
AZ,4,2021-10-15,D2,2580
AZ,4,2021-10-15,DU,0
AZ,4,2021-10-15,R,4
AZ,4,2021-10-16,D1,16
AZ,4,2021-10-16,D2,1826
AZ,4,2021-10-16,DU,0
AZ,4,2021-10-16,R,0
AZ,4,2021-10-17,D1,0
AZ,4,2021-10-17,D2,20
AZ,4,2021-10-17,DU,0
AZ,4,2021-10-17,R,0
AZ,4,2021-10-18,D1,24
AZ,4,2021-10-18,D2,2859
AZ,4,2021-10-18,DU,0
AZ,4,2021-10-18,R,1
AZ,4,2021-10-19,D1,30
AZ,4,2021-10-19,D2,4030
AZ,4,2021-10-19,DU,0
AZ,4,2021-10-19,R,4
AZ,4,2021-10-20,D1,32
AZ,4,2021-10-20,D2,2611
AZ,4,2021-10-20,DU,0
AZ,4,2021-10-20,R,4
AZ,4,2021-10-21,D1,28
AZ,4,2021-10-21,D2,2361
AZ,4,2021-10-21,DU,0
AZ,4,2021-10-21,R,1
AZ,4,2021-10-22,D1,32
AZ,4,2021-10-22,D2,2520
AZ,4,2021-10-22,DU,0
AZ,4,2021-10-22,R,3
AZ,4,2021-10-23,D1,8
AZ,4,2021-10-23,D2,927
AZ,4,2021-10-23,DU,0
AZ,4,2021-10-23,R,0
AZ,4,2021-10-24,D1,0
AZ,4,2021-10-24,D2,19
AZ,4,2021-10-24,DU,0
AZ,4,2021-10-24,R,0
AZ,4,2021-10-25,D1,21
AZ,4,2021-10-25,D2,2467
AZ,4,2021-10-25,DU,0
AZ,4,2021-10-25,R,0
AZ,4,2021-10-26,D1,22
AZ,4,2021-10-26,D2,2719
AZ,4,2021-10-26,DU,0
AZ,4,2021-10-26,R,2
AZ,4,2021-10-27,D1,37
AZ,4,2021-10-27,D2,3284
AZ,4,2021-10-27,DU,0
AZ,4,2021-10-27,R,5
AZ,4,2021-10-28,D1,89
AZ,4,2021-10-28,D2,4280
AZ,4,2021-10-28,DU,0
AZ,4,2021-10-28,R,7
AZ,4,2021-10-29,D1,12
AZ,4,2021-10-29,D2,3072
AZ,4,2021-10-29,DU,0
AZ,4,2021-10-29,R,7
AZ,4,2021-10-30,D1,127
AZ,4,2021-10-30,D2,1170
AZ,4,2021-10-30,DU,0
AZ,4,2021-10-30,R,0
AZ,4,2021-10-31,D1,3
AZ,4,2021-10-31,D2,55
AZ,4,2021-10-31,DU,0
AZ,4,2021-10-31,R,0
AZ,4,2021-11-01,D1,1
AZ,4,2021-11-01,D2,603
AZ,4,2021-11-01,DU,0
AZ,4,2021-11-01,R,0
AZ,4,2021-11-02,D1,0
AZ,4,2021-11-02,D2,222
AZ,4,2021-11-02,DU,0
AZ,4,2021-11-02,R,0
AZ,4,2021-11-03,D1,38
AZ,4,2021-11-03,D2,5598
AZ,4,2021-11-03,DU,0
AZ,4,2021-11-03,R,6
AZ,4,2021-11-04,D1,40
AZ,4,2021-11-04,D2,5883
AZ,4,2021-11-04,DU,0
AZ,4,2021-11-04,R,3
AZ,4,2021-11-05,D1,18
AZ,4,2021-11-05,D2,5171
AZ,4,2021-11-05,DU,0
AZ,4,2021-11-05,R,8
AZ,4,2021-11-06,D1,3
AZ,4,2021-11-06,D2,1434
AZ,4,2021-11-06,DU,0
AZ,4,2021-11-06,R,0
AZ,4,2021-11-07,D1,0
AZ,4,2021-11-07,D2,54
AZ,4,2021-11-07,DU,0
AZ,4,2021-11-07,R,0
AZ,4,2021-11-08,D1,34
AZ,4,2021-11-08,D2,4612
AZ,4,2021-11-08,DU,0
AZ,4,2021-11-08,R,4
AZ,4,2021-11-09,D1,56
AZ,4,2021-11-09,D2,5959
AZ,4,2021-11-09,DU,0
AZ,4,2021-11-09,R,6
AZ,4,2021-11-10,D1,47
AZ,4,2021-11-10,D2,4542
AZ,4,2021-11-10,DU,0
AZ,4,2021-11-10,R,14
AZ,4,2021-11-11,D1,66
AZ,4,2021-11-11,D2,4627
AZ,4,2021-11-11,DU,0
AZ,4,2021-11-11,R,19
AZ,4,2021-11-12,D1,50
AZ,4,2021-11-12,D2,4550
AZ,4,2021-11-12,DU,0
AZ,4,2021-11-12,R,20
AZ,4,2021-11-13,D1,12
AZ,4,2021-11-13,D2,1264
AZ,4,2021-11-13,DU,0
AZ,4,2021-11-13,R,4
AZ,4,2021-11-14,D1,0
AZ,4,2021-11-14,D2,37
AZ,4,2021-11-14,DU,0
AZ,4,2021-11-14,R,0
AZ,4,2021-11-15,D1,5
AZ,4,2021-11-15,D2,185
AZ,4,2021-11-15,DU,0
AZ,4,2021-11-15,R,3
AZ,4,2021-11-16,D1,29
AZ,4,2021-11-16,D2,2590
AZ,4,2021-11-16,DU,0
AZ,4,2021-11-16,R,10
AZ,4,2021-11-17,D1,25
AZ,4,2021-11-17,D2,3402
AZ,4,2021-11-17,DU,0
AZ,4,2021-11-17,R,18
AZ,4,2021-11-18,D1,24
AZ,4,2021-11-18,D2,40
AZ,4,2021-11-18,DU,0
AZ,4,2021-11-18,R,25
AZ,4,2021-11-19,D1,1
AZ,4,2021-11-19,D2,16
AZ,4,2021-11-19,DU,0
AZ,4,2021-11-19,R,0
AZ,4,2021-11-20,D1,21
AZ,4,2021-11-20,D2,11
AZ,4,2021-11-20,DU,0
AZ,4,2021-11-20,R,0
AZ,4,2021-11-22,D1,0
AZ,4,2021-11-22,D2,31
AZ,4,2021-11-22,DU,0
AZ,4,2021-11-22,R,1
AZ,4,2021-11-23,D1,8
AZ,4,2021-11-23,D2,2469
AZ,4,2021-11-23,DU,0
AZ,4,2021-11-23,R,3
AZ,4,2021-11-24,D1,5
AZ,4,2021-11-24,D2,42
AZ,4,2021-11-24,DU,0
AZ,4,2021-11-24,R,2
AZ,4,2021-11-25,D1,0
AZ,4,2021-11-25,D2,25
AZ,4,2021-11-25,DU,0
AZ,4,2021-11-25,R,0
AZ,4,2021-11-26,D1,0
AZ,4,2021-11-26,D2,1439
AZ,4,2021-11-26,DU,0
AZ,4,2021-11-26,R,0
AZ,4,2021-11-27,D1,0
AZ,4,2021-11-27,D2,6
AZ,4,2021-11-27,DU,0
AZ,4,2021-11-27,R,0
AZ,4,2021-11-29,D1,0
AZ,4,2021-11-29,D2,9
AZ,4,2021-11-29,DU,0
AZ,4,2021-11-29,R,0
AZ,4,2021-11-30,D1,0
AZ,4,2021-11-30,D2,9
AZ,4,2021-11-30,DU,0
AZ,4,2021-11-30,R,0
AZ,4,2021-12-01,D1,0
AZ,4,2021-12-01,D2,9
AZ,4,2021-12-01,DU,0
AZ,4,2021-12-01,R,0
AZ,4,2021-12-02,D1,0
AZ,4,2021-12-02,D2,1416
AZ,4,2021-12-02,DU,0
AZ,4,2021-12-02,R,0
AZ,4,2021-12-03,D1,0
AZ,4,2021-12-03,D2,16
AZ,4,2021-12-03,DU,0
AZ,4,2021-12-03,R,0
AZ,4,2021-12-04,D1,29
AZ,4,2021-12-04,D2,10
AZ,4,2021-12-04,DU,0
AZ,4,2021-12-04,R,24
AZ,4,2021-12-05,D1,0
AZ,4,2021-12-05,D2,12
AZ,4,2021-12-05,DU,0
AZ,4,2021-12-05,R,2
AZ,4,2021-12-06,D1,1
AZ,4,2021-12-06,D2,16
AZ,4,2021-12-06,DU,0
AZ,4,2021-12-06,R,0
AZ,4,2021-12-07,D1,50
AZ,4,2021-12-07,D2,101
AZ,4,2021-12-07,DU,0
AZ,4,2021-12-07,R,147
AZ,4,2021-12-08,D1,0
AZ,4,2021-12-08,D2,2
AZ,4,2021-12-08,DU,0
AZ,4,2021-12-08,R,0
AZ,4,2021-12-11,D1,0
AZ,4,2021-12-11,D2,0
AZ,4,2021-12-11,DU,0
AZ,4,2021-12-11,R,1
AZ,4,2021-12-13,D1,0
AZ,4,2021-12-13,D2,1
AZ,4,2021-12-13,DU,0
AZ,4,2021-12-13,R,0
AZ,4,2021-12-14,D1,43
AZ,4,2021-12-14,D2,44
AZ,4,2021-12-14,DU,0
AZ,4,2021-12-14,R,177
AZ,4,2021-12-16,D1,0
AZ,4,2021-12-16,D2,3
AZ,4,2021-12-16,DU,0
AZ,4,2021-12-16,R,0
AZ,4,2021-12-17,D1,25
AZ,4,2021-12-17,D2,330
AZ,4,2021-12-17,DU,0
AZ,4,2021-12-17,R,131
AZ,4,2021-12-19,D1,0
AZ,4,2021-12-19,D2,21
AZ,4,2021-12-19,DU,0
AZ,4,2021-12-19,R,8
AZ,4,2021-12-20,D1,7
AZ,4,2021-12-20,D2,102
AZ,4,2021-12-20,DU,0
AZ,4,2021-12-20,R,43
AZ,4,2021-12-21,D1,0
AZ,4,2021-12-21,D2,4
AZ,4,2021-12-21,DU,0
AZ,4,2021-12-21,R,0
AZ,4,2021-12-22,D1,0
AZ,4,2021-12-22,D2,4
AZ,4,2021-12-22,DU,0
AZ,4,2021-12-22,R,1
AZ,4,2021-12-23,D1,15
AZ,4,2021-12-23,D2,88
AZ,4,2021-12-23,DU,0
AZ,4,2021-12-23,R,40
AZ,4,2021-12-26,D1,0
AZ,4,2021-12-26,D2,2
AZ,4,2021-12-26,DU,0
AZ,4,2021-12-26,R,0
AZ,4,2021-12-27,D1,12
AZ,4,2021-12-27,D2,322
AZ,4,2021-12-27,DU,0
AZ,4,2021-12-27,R,192
AZ,4,2021-12-28,D1,17
AZ,4,2021-12-28,D2,317
AZ,4,2021-12-28,DU,0
AZ,4,2021-12-28,R,300
AZ,4,2021-12-29,D1,0
AZ,4,2021-12-29,D2,0
AZ,4,2021-12-29,DU,0
AZ,4,2021-12-29,R,3
AZ,4,2022-01-03,D1,10
AZ,4,2022-01-03,D2,142
AZ,4,2022-01-03,DU,0
AZ,4,2022-01-03,R,196
AZ,4,2022-01-04,D1,17
AZ,4,2022-01-04,D2,284
AZ,4,2022-01-04,DU,0
AZ,4,2022-01-04,R,553
AZ,4,2022-01-05,D1,0
AZ,4,2022-01-05,D2,8
AZ,4,2022-01-05,DU,0
AZ,4,2022-01-05,R,7
AZ,4,2022-01-06,D1,0
AZ,4,2022-01-06,D2,5
AZ,4,2022-01-06,DU,0
AZ,4,2022-01-06,R,0
AZ,4,2022-01-07,D1,0
AZ,4,2022-01-07,D2,0
AZ,4,2022-01-07,DU,0
AZ,4,2022-01-07,R,4
AZ,4,2022-01-08,D1,1
AZ,4,2022-01-08,D2,7
AZ,4,2022-01-08,DU,0
AZ,4,2022-01-08,R,10
AZ,4,2022-01-10,D1,41
AZ,4,2022-01-10,D2,297
AZ,4,2022-01-10,DU,2
AZ,4,2022-01-10,R,1021
AZ,4,2022-01-11,D1,43
AZ,4,2022-01-11,D2,228
AZ,4,2022-01-11,DU,0
AZ,4,2022-01-11,R,1069
AZ,4,2022-01-12,D1,1
AZ,4,2022-01-12,D2,4
AZ,4,2022-01-12,DU,0
AZ,4,2022-01-12,R,2
AZ,4,2022-01-13,D1,48
AZ,4,2022-01-13,D2,357
AZ,4,2022-01-13,DU,0
AZ,4,2022-01-13,R,616
AZ,4,2022-01-14,D1,0
AZ,4,2022-01-14,D2,19
AZ,4,2022-01-14,DU,0
AZ,4,2022-01-14,R,28
AZ,5,2021-01-20,D1,3
AZ,5,2021-01-20,D2,0
AZ,5,2021-01-20,DU,0
AZ,5,2021-01-20,R,0
AZ,5,2021-01-21,D1,44
AZ,5,2021-01-21,D2,0
AZ,5,2021-01-21,DU,0
AZ,5,2021-01-21,R,0
AZ,5,2021-01-22,D1,28
AZ,5,2021-01-22,D2,0
AZ,5,2021-01-22,DU,0
AZ,5,2021-01-22,R,0
AZ,5,2021-01-23,D1,2
AZ,5,2021-01-23,D2,0
AZ,5,2021-01-23,DU,0
AZ,5,2021-01-23,R,0
AZ,5,2021-01-25,D1,47
AZ,5,2021-01-25,D2,0
AZ,5,2021-01-25,DU,0
AZ,5,2021-01-25,R,0
AZ,5,2021-01-26,D1,114
AZ,5,2021-01-26,D2,0
AZ,5,2021-01-26,DU,0
AZ,5,2021-01-26,R,0
AZ,5,2021-01-27,D1,1623
AZ,5,2021-01-27,D2,0
AZ,5,2021-01-27,DU,0
AZ,5,2021-01-27,R,0
AZ,5,2021-01-28,D1,3868
AZ,5,2021-01-28,D2,0
AZ,5,2021-01-28,DU,0
AZ,5,2021-01-28,R,0
AZ,5,2021-01-29,D1,3435
AZ,5,2021-01-29,D2,1
AZ,5,2021-01-29,DU,0
AZ,5,2021-01-29,R,0
AZ,5,2021-01-30,D1,927
AZ,5,2021-01-30,D2,0
AZ,5,2021-01-30,DU,0
AZ,5,2021-01-30,R,0
AZ,5,2021-01-31,D1,184
AZ,5,2021-01-31,D2,0
AZ,5,2021-01-31,DU,0
AZ,5,2021-01-31,R,0
AZ,5,2021-02-01,D1,2406
AZ,5,2021-02-01,D2,0
AZ,5,2021-02-01,DU,0
AZ,5,2021-02-01,R,0
AZ,5,2021-02-02,D1,2761
AZ,5,2021-02-02,D2,2
AZ,5,2021-02-02,DU,0
AZ,5,2021-02-02,R,0
AZ,5,2021-02-03,D1,3382
AZ,5,2021-02-03,D2,0
AZ,5,2021-02-03,DU,0
AZ,5,2021-02-03,R,0
AZ,5,2021-02-04,D1,3636
AZ,5,2021-02-04,D2,2
AZ,5,2021-02-04,DU,0
AZ,5,2021-02-04,R,0
AZ,5,2021-02-05,D1,2523
AZ,5,2021-02-05,D2,3
AZ,5,2021-02-05,DU,0
AZ,5,2021-02-05,R,0
AZ,5,2021-02-06,D1,535
AZ,5,2021-02-06,D2,0
AZ,5,2021-02-06,DU,0
AZ,5,2021-02-06,R,0
AZ,5,2021-02-07,D1,176
AZ,5,2021-02-07,D2,0
AZ,5,2021-02-07,DU,0
AZ,5,2021-02-07,R,0
AZ,5,2021-02-08,D1,1234
AZ,5,2021-02-08,D2,1
AZ,5,2021-02-08,DU,0
AZ,5,2021-02-08,R,0
AZ,5,2021-02-09,D1,735
AZ,5,2021-02-09,D2,0
AZ,5,2021-02-09,DU,0
AZ,5,2021-02-09,R,0
AZ,5,2021-02-10,D1,716
AZ,5,2021-02-10,D2,0
AZ,5,2021-02-10,DU,0
AZ,5,2021-02-10,R,0
AZ,5,2021-02-11,D1,667
AZ,5,2021-02-11,D2,0
AZ,5,2021-02-11,DU,0
AZ,5,2021-02-11,R,0
AZ,5,2021-02-12,D1,327
AZ,5,2021-02-12,D2,1
AZ,5,2021-02-12,DU,0
AZ,5,2021-02-12,R,0
AZ,5,2021-02-13,D1,95
AZ,5,2021-02-13,D2,0
AZ,5,2021-02-13,DU,0
AZ,5,2021-02-13,R,0
AZ,5,2021-02-14,D1,21
AZ,5,2021-02-14,D2,0
AZ,5,2021-02-14,DU,0
AZ,5,2021-02-14,R,0
AZ,5,2021-02-15,D1,158
AZ,5,2021-02-15,D2,0
AZ,5,2021-02-15,DU,0
AZ,5,2021-02-15,R,0
AZ,5,2021-02-16,D1,129
AZ,5,2021-02-16,D2,0
AZ,5,2021-02-16,DU,0
AZ,5,2021-02-16,R,0
AZ,5,2021-02-17,D1,183
AZ,5,2021-02-17,D2,3
AZ,5,2021-02-17,DU,0
AZ,5,2021-02-17,R,0
AZ,5,2021-02-18,D1,250
AZ,5,2021-02-18,D2,1
AZ,5,2021-02-18,DU,0
AZ,5,2021-02-18,R,0
AZ,5,2021-02-19,D1,210
AZ,5,2021-02-19,D2,0
AZ,5,2021-02-19,DU,0
AZ,5,2021-02-19,R,0
AZ,5,2021-02-20,D1,40
AZ,5,2021-02-20,D2,0
AZ,5,2021-02-20,DU,0
AZ,5,2021-02-20,R,0
AZ,5,2021-02-21,D1,15
AZ,5,2021-02-21,D2,0
AZ,5,2021-02-21,DU,0
AZ,5,2021-02-21,R,0
AZ,5,2021-02-22,D1,167
AZ,5,2021-02-22,D2,0
AZ,5,2021-02-22,DU,0
AZ,5,2021-02-22,R,0
AZ,5,2021-02-23,D1,45
AZ,5,2021-02-23,D2,4
AZ,5,2021-02-23,DU,0
AZ,5,2021-02-23,R,0
AZ,5,2021-02-24,D1,61
AZ,5,2021-02-24,D2,1
AZ,5,2021-02-24,DU,0
AZ,5,2021-02-24,R,0
AZ,5,2021-02-25,D1,56
AZ,5,2021-02-25,D2,2
AZ,5,2021-02-25,DU,0
AZ,5,2021-02-25,R,0
AZ,5,2021-02-26,D1,100
AZ,5,2021-02-26,D2,0
AZ,5,2021-02-26,DU,0
AZ,5,2021-02-26,R,0
AZ,5,2021-02-27,D1,49
AZ,5,2021-02-27,D2,0
AZ,5,2021-02-27,DU,0
AZ,5,2021-02-27,R,0
AZ,5,2021-02-28,D1,12
AZ,5,2021-02-28,D2,0
AZ,5,2021-02-28,DU,0
AZ,5,2021-02-28,R,0
AZ,5,2021-03-01,D1,245
AZ,5,2021-03-01,D2,7
AZ,5,2021-03-01,DU,0
AZ,5,2021-03-01,R,0
AZ,5,2021-03-02,D1,228
AZ,5,2021-03-02,D2,4
AZ,5,2021-03-02,DU,0
AZ,5,2021-03-02,R,0
AZ,5,2021-03-03,D1,163
AZ,5,2021-03-03,D2,1
AZ,5,2021-03-03,DU,0
AZ,5,2021-03-03,R,0
AZ,5,2021-03-04,D1,141
AZ,5,2021-03-04,D2,1
AZ,5,2021-03-04,DU,0
AZ,5,2021-03-04,R,0
AZ,5,2021-03-05,D1,85
AZ,5,2021-03-05,D2,2
AZ,5,2021-03-05,DU,0
AZ,5,2021-03-05,R,0
AZ,5,2021-03-06,D1,12
AZ,5,2021-03-06,D2,0
AZ,5,2021-03-06,DU,0
AZ,5,2021-03-06,R,0
AZ,5,2021-03-08,D1,73
AZ,5,2021-03-08,D2,2
AZ,5,2021-03-08,DU,0
AZ,5,2021-03-08,R,0
AZ,5,2021-03-09,D1,53
AZ,5,2021-03-09,D2,0
AZ,5,2021-03-09,DU,0
AZ,5,2021-03-09,R,0
AZ,5,2021-03-10,D1,63
AZ,5,2021-03-10,D2,1
AZ,5,2021-03-10,DU,0
AZ,5,2021-03-10,R,0
AZ,5,2021-03-11,D1,36
AZ,5,2021-03-11,D2,9
AZ,5,2021-03-11,DU,0
AZ,5,2021-03-11,R,0
AZ,5,2021-03-12,D1,63
AZ,5,2021-03-12,D2,5
AZ,5,2021-03-12,DU,0
AZ,5,2021-03-12,R,0
AZ,5,2021-03-13,D1,9
AZ,5,2021-03-13,D2,0
AZ,5,2021-03-13,DU,0
AZ,5,2021-03-13,R,0
AZ,5,2021-03-15,D1,33
AZ,5,2021-03-15,D2,1
AZ,5,2021-03-15,DU,0
AZ,5,2021-03-15,R,0
AZ,5,2021-03-16,D1,41
AZ,5,2021-03-16,D2,0
AZ,5,2021-03-16,DU,0
AZ,5,2021-03-16,R,0
AZ,5,2021-03-17,D1,82
AZ,5,2021-03-17,D2,0
AZ,5,2021-03-17,DU,0
AZ,5,2021-03-17,R,0
AZ,5,2021-03-18,D1,54
AZ,5,2021-03-18,D2,0
AZ,5,2021-03-18,DU,0
AZ,5,2021-03-18,R,0
AZ,5,2021-03-19,D1,28
AZ,5,2021-03-19,D2,4
AZ,5,2021-03-19,DU,0
AZ,5,2021-03-19,R,0
AZ,5,2021-03-20,D1,19
AZ,5,2021-03-20,D2,0
AZ,5,2021-03-20,DU,0
AZ,5,2021-03-20,R,0
AZ,5,2021-03-21,D1,1
AZ,5,2021-03-21,D2,0
AZ,5,2021-03-21,DU,0
AZ,5,2021-03-21,R,0
AZ,5,2021-03-22,D1,50
AZ,5,2021-03-22,D2,1
AZ,5,2021-03-22,DU,0
AZ,5,2021-03-22,R,0
AZ,5,2021-03-23,D1,52
AZ,5,2021-03-23,D2,0
AZ,5,2021-03-23,DU,0
AZ,5,2021-03-23,R,0
AZ,5,2021-03-24,D1,94
AZ,5,2021-03-24,D2,0
AZ,5,2021-03-24,DU,0
AZ,5,2021-03-24,R,0
AZ,5,2021-03-25,D1,46
AZ,5,2021-03-25,D2,0
AZ,5,2021-03-25,DU,0
AZ,5,2021-03-25,R,0
AZ,5,2021-03-26,D1,17
AZ,5,2021-03-26,D2,2
AZ,5,2021-03-26,DU,0
AZ,5,2021-03-26,R,0
AZ,5,2021-03-27,D1,19
AZ,5,2021-03-27,D2,1
AZ,5,2021-03-27,DU,0
AZ,5,2021-03-27,R,0
AZ,5,2021-03-29,D1,18
AZ,5,2021-03-29,D2,1
AZ,5,2021-03-29,DU,0
AZ,5,2021-03-29,R,0
AZ,5,2021-03-30,D1,33
AZ,5,2021-03-30,D2,0
AZ,5,2021-03-30,DU,0
AZ,5,2021-03-30,R,0
AZ,5,2021-03-31,D1,38
AZ,5,2021-03-31,D2,1
AZ,5,2021-03-31,DU,0
AZ,5,2021-03-31,R,0
AZ,5,2021-04-01,D1,35
AZ,5,2021-04-01,D2,0
AZ,5,2021-04-01,DU,0
AZ,5,2021-04-01,R,0
AZ,5,2021-04-02,D1,4
AZ,5,2021-04-02,D2,1
AZ,5,2021-04-02,DU,0
AZ,5,2021-04-02,R,0
AZ,5,2021-04-03,D1,1
AZ,5,2021-04-03,D2,3
AZ,5,2021-04-03,DU,0
AZ,5,2021-04-03,R,0
AZ,5,2021-04-04,D1,6
AZ,5,2021-04-04,D2,0
AZ,5,2021-04-04,DU,0
AZ,5,2021-04-04,R,0
AZ,5,2021-04-05,D1,1916
AZ,5,2021-04-05,D2,3
AZ,5,2021-04-05,DU,0
AZ,5,2021-04-05,R,0
AZ,5,2021-04-06,D1,2277
AZ,5,2021-04-06,D2,1
AZ,5,2021-04-06,DU,0
AZ,5,2021-04-06,R,0
AZ,5,2021-04-07,D1,2088
AZ,5,2021-04-07,D2,0
AZ,5,2021-04-07,DU,0
AZ,5,2021-04-07,R,0
AZ,5,2021-04-08,D1,1659
AZ,5,2021-04-08,D2,0
AZ,5,2021-04-08,DU,0
AZ,5,2021-04-08,R,0
AZ,5,2021-04-09,D1,1135
AZ,5,2021-04-09,D2,0
AZ,5,2021-04-09,DU,0
AZ,5,2021-04-09,R,0
AZ,5,2021-04-10,D1,324
AZ,5,2021-04-10,D2,0
AZ,5,2021-04-10,DU,0
AZ,5,2021-04-10,R,0
AZ,5,2021-04-11,D1,184
AZ,5,2021-04-11,D2,1
AZ,5,2021-04-11,DU,0
AZ,5,2021-04-11,R,0
AZ,5,2021-04-12,D1,472
AZ,5,2021-04-12,D2,16
AZ,5,2021-04-12,DU,0
AZ,5,2021-04-12,R,0
AZ,5,2021-04-13,D1,143
AZ,5,2021-04-13,D2,10
AZ,5,2021-04-13,DU,0
AZ,5,2021-04-13,R,0
AZ,5,2021-04-14,D1,149
AZ,5,2021-04-14,D2,10
AZ,5,2021-04-14,DU,0
AZ,5,2021-04-14,R,0
AZ,5,2021-04-15,D1,127
AZ,5,2021-04-15,D2,12
AZ,5,2021-04-15,DU,0
AZ,5,2021-04-15,R,0
AZ,5,2021-04-16,D1,137
AZ,5,2021-04-16,D2,24
AZ,5,2021-04-16,DU,0
AZ,5,2021-04-16,R,0
AZ,5,2021-04-17,D1,23
AZ,5,2021-04-17,D2,2
AZ,5,2021-04-17,DU,0
AZ,5,2021-04-17,R,0
AZ,5,2021-04-18,D1,1
AZ,5,2021-04-18,D2,41
AZ,5,2021-04-18,DU,0
AZ,5,2021-04-18,R,0
AZ,5,2021-04-19,D1,130
AZ,5,2021-04-19,D2,139
AZ,5,2021-04-19,DU,0
AZ,5,2021-04-19,R,0
AZ,5,2021-04-20,D1,196
AZ,5,2021-04-20,D2,623
AZ,5,2021-04-20,DU,0
AZ,5,2021-04-20,R,0
AZ,5,2021-04-21,D1,78
AZ,5,2021-04-21,D2,564
AZ,5,2021-04-21,DU,0
AZ,5,2021-04-21,R,0
AZ,5,2021-04-22,D1,209
AZ,5,2021-04-22,D2,2237
AZ,5,2021-04-22,DU,0
AZ,5,2021-04-22,R,0
AZ,5,2021-04-23,D1,205
AZ,5,2021-04-23,D2,2285
AZ,5,2021-04-23,DU,0
AZ,5,2021-04-23,R,0
AZ,5,2021-04-24,D1,67
AZ,5,2021-04-24,D2,619
AZ,5,2021-04-24,DU,0
AZ,5,2021-04-24,R,0
AZ,5,2021-04-25,D1,5
AZ,5,2021-04-25,D2,150
AZ,5,2021-04-25,DU,0
AZ,5,2021-04-25,R,0
AZ,5,2021-04-26,D1,150
AZ,5,2021-04-26,D2,2064
AZ,5,2021-04-26,DU,0
AZ,5,2021-04-26,R,0
AZ,5,2021-04-27,D1,179
AZ,5,2021-04-27,D2,2283
AZ,5,2021-04-27,DU,0
AZ,5,2021-04-27,R,0
AZ,5,2021-04-28,D1,173
AZ,5,2021-04-28,D2,2761
AZ,5,2021-04-28,DU,0
AZ,5,2021-04-28,R,0
AZ,5,2021-04-29,D1,218
AZ,5,2021-04-29,D2,2809
AZ,5,2021-04-29,DU,0
AZ,5,2021-04-29,R,0
AZ,5,2021-04-30,D1,282
AZ,5,2021-04-30,D2,1839
AZ,5,2021-04-30,DU,0
AZ,5,2021-04-30,R,0
AZ,5,2021-05-01,D1,32
AZ,5,2021-05-01,D2,169
AZ,5,2021-05-01,DU,0
AZ,5,2021-05-01,R,0
AZ,5,2021-05-02,D1,2
AZ,5,2021-05-02,D2,5
AZ,5,2021-05-02,DU,0
AZ,5,2021-05-02,R,0
AZ,5,2021-05-03,D1,283
AZ,5,2021-05-03,D2,2129
AZ,5,2021-05-03,DU,0
AZ,5,2021-05-03,R,0
AZ,5,2021-05-04,D1,752
AZ,5,2021-05-04,D2,1689
AZ,5,2021-05-04,DU,0
AZ,5,2021-05-04,R,0
AZ,5,2021-05-05,D1,901
AZ,5,2021-05-05,D2,1565
AZ,5,2021-05-05,DU,0
AZ,5,2021-05-05,R,0
AZ,5,2021-05-06,D1,611
AZ,5,2021-05-06,D2,888
AZ,5,2021-05-06,DU,0
AZ,5,2021-05-06,R,0
AZ,5,2021-05-07,D1,1175
AZ,5,2021-05-07,D2,638
AZ,5,2021-05-07,DU,0
AZ,5,2021-05-07,R,0
AZ,5,2021-05-08,D1,687
AZ,5,2021-05-08,D2,114
AZ,5,2021-05-08,DU,0
AZ,5,2021-05-08,R,0
AZ,5,2021-05-09,D1,35
AZ,5,2021-05-09,D2,6
AZ,5,2021-05-09,DU,0
AZ,5,2021-05-09,R,0
AZ,5,2021-05-10,D1,1893
AZ,5,2021-05-10,D2,616
AZ,5,2021-05-10,DU,0
AZ,5,2021-05-10,R,0
AZ,5,2021-05-11,D1,2093
AZ,5,2021-05-11,D2,405
AZ,5,2021-05-11,DU,0
AZ,5,2021-05-11,R,0
AZ,5,2021-05-12,D1,1266
AZ,5,2021-05-12,D2,340
AZ,5,2021-05-12,DU,0
AZ,5,2021-05-12,R,0
AZ,5,2021-05-13,D1,1227
AZ,5,2021-05-13,D2,235
AZ,5,2021-05-13,DU,0
AZ,5,2021-05-13,R,0
AZ,5,2021-05-14,D1,957
AZ,5,2021-05-14,D2,246
AZ,5,2021-05-14,DU,0
AZ,5,2021-05-14,R,0
AZ,5,2021-05-15,D1,503
AZ,5,2021-05-15,D2,99
AZ,5,2021-05-15,DU,0
AZ,5,2021-05-15,R,0
AZ,5,2021-05-16,D1,4588
AZ,5,2021-05-16,D2,3
AZ,5,2021-05-16,DU,0
AZ,5,2021-05-16,R,0
AZ,5,2021-05-17,D1,810
AZ,5,2021-05-17,D2,180
AZ,5,2021-05-17,DU,0
AZ,5,2021-05-17,R,0
AZ,5,2021-05-18,D1,3033
AZ,5,2021-05-18,D2,187
AZ,5,2021-05-18,DU,0
AZ,5,2021-05-18,R,0
AZ,5,2021-05-19,D1,4266
AZ,5,2021-05-19,D2,139
AZ,5,2021-05-19,DU,0
AZ,5,2021-05-19,R,2
AZ,5,2021-05-20,D1,3415
AZ,5,2021-05-20,D2,133
AZ,5,2021-05-20,DU,0
AZ,5,2021-05-20,R,0
AZ,5,2021-05-21,D1,2882
AZ,5,2021-05-21,D2,152
AZ,5,2021-05-21,DU,0
AZ,5,2021-05-21,R,0
AZ,5,2021-05-22,D1,1248
AZ,5,2021-05-22,D2,85
AZ,5,2021-05-22,DU,0
AZ,5,2021-05-22,R,0
AZ,5,2021-05-23,D1,279
AZ,5,2021-05-23,D2,6
AZ,5,2021-05-23,DU,0
AZ,5,2021-05-23,R,0
AZ,5,2021-05-24,D1,1920
AZ,5,2021-05-24,D2,195
AZ,5,2021-05-24,DU,0
AZ,5,2021-05-24,R,0
AZ,5,2021-05-25,D1,1362
AZ,5,2021-05-25,D2,193
AZ,5,2021-05-25,DU,0
AZ,5,2021-05-25,R,0
AZ,5,2021-05-26,D1,1149
AZ,5,2021-05-26,D2,148
AZ,5,2021-05-26,DU,0
AZ,5,2021-05-26,R,0
AZ,5,2021-05-27,D1,1460
AZ,5,2021-05-27,D2,165
AZ,5,2021-05-27,DU,0
AZ,5,2021-05-27,R,0
AZ,5,2021-05-28,D1,2915
AZ,5,2021-05-28,D2,138
AZ,5,2021-05-28,DU,0
AZ,5,2021-05-28,R,0
AZ,5,2021-05-29,D1,2093
AZ,5,2021-05-29,D2,47
AZ,5,2021-05-29,DU,0
AZ,5,2021-05-29,R,0
AZ,5,2021-05-30,D1,285
AZ,5,2021-05-30,D2,1
AZ,5,2021-05-30,DU,0
AZ,5,2021-05-30,R,0
AZ,5,2021-05-31,D1,3347
AZ,5,2021-05-31,D2,85
AZ,5,2021-05-31,DU,0
AZ,5,2021-05-31,R,0
AZ,5,2021-06-01,D1,7026
AZ,5,2021-06-01,D2,117
AZ,5,2021-06-01,DU,0
AZ,5,2021-06-01,R,0
AZ,5,2021-06-02,D1,17118
AZ,5,2021-06-02,D2,144
AZ,5,2021-06-02,DU,0
AZ,5,2021-06-02,R,0
AZ,5,2021-06-03,D1,6612
AZ,5,2021-06-03,D2,42
AZ,5,2021-06-03,DU,0
AZ,5,2021-06-03,R,1
AZ,5,2021-06-04,D1,9839
AZ,5,2021-06-04,D2,53
AZ,5,2021-06-04,DU,0
AZ,5,2021-06-04,R,0
AZ,5,2021-06-05,D1,4892
AZ,5,2021-06-05,D2,55
AZ,5,2021-06-05,DU,0
AZ,5,2021-06-05,R,0
AZ,5,2021-06-06,D1,300
AZ,5,2021-06-06,D2,0
AZ,5,2021-06-06,DU,0
AZ,5,2021-06-06,R,0
AZ,5,2021-06-07,D1,9829
AZ,5,2021-06-07,D2,93
AZ,5,2021-06-07,DU,0
AZ,5,2021-06-07,R,0
AZ,5,2021-06-08,D1,9006
AZ,5,2021-06-08,D2,111
AZ,5,2021-06-08,DU,0
AZ,5,2021-06-08,R,0
AZ,5,2021-06-09,D1,8301
AZ,5,2021-06-09,D2,76
AZ,5,2021-06-09,DU,0
AZ,5,2021-06-09,R,0
AZ,5,2021-06-10,D1,10014
AZ,5,2021-06-10,D2,65
AZ,5,2021-06-10,DU,0
AZ,5,2021-06-10,R,0
AZ,5,2021-06-11,D1,13031
AZ,5,2021-06-11,D2,78
AZ,5,2021-06-11,DU,0
AZ,5,2021-06-11,R,0
AZ,5,2021-06-12,D1,3371
AZ,5,2021-06-12,D2,18
AZ,5,2021-06-12,DU,0
AZ,5,2021-06-12,R,0
AZ,5,2021-06-13,D1,113
AZ,5,2021-06-13,D2,2
AZ,5,2021-06-13,DU,0
AZ,5,2021-06-13,R,0
AZ,5,2021-06-14,D1,7117
AZ,5,2021-06-14,D2,40
AZ,5,2021-06-14,DU,0
AZ,5,2021-06-14,R,0
AZ,5,2021-06-15,D1,7200
AZ,5,2021-06-15,D2,57
AZ,5,2021-06-15,DU,0
AZ,5,2021-06-15,R,0
AZ,5,2021-06-16,D1,5333
AZ,5,2021-06-16,D2,64
AZ,5,2021-06-16,DU,0
AZ,5,2021-06-16,R,0
AZ,5,2021-06-17,D1,4421
AZ,5,2021-06-17,D2,49
AZ,5,2021-06-17,DU,0
AZ,5,2021-06-17,R,0
AZ,5,2021-06-18,D1,4016
AZ,5,2021-06-18,D2,33
AZ,5,2021-06-18,DU,0
AZ,5,2021-06-18,R,0
AZ,5,2021-06-19,D1,2184
AZ,5,2021-06-19,D2,8
AZ,5,2021-06-19,DU,0
AZ,5,2021-06-19,R,0
AZ,5,2021-06-20,D1,130
AZ,5,2021-06-20,D2,0
AZ,5,2021-06-20,DU,0
AZ,5,2021-06-20,R,0
AZ,5,2021-06-21,D1,2334
AZ,5,2021-06-21,D2,36
AZ,5,2021-06-21,DU,0
AZ,5,2021-06-21,R,0
AZ,5,2021-06-22,D1,1662
AZ,5,2021-06-22,D2,34
AZ,5,2021-06-22,DU,0
AZ,5,2021-06-22,R,0
AZ,5,2021-06-23,D1,1152
AZ,5,2021-06-23,D2,22
AZ,5,2021-06-23,DU,0
AZ,5,2021-06-23,R,0
AZ,5,2021-06-24,D1,1170
AZ,5,2021-06-24,D2,41
AZ,5,2021-06-24,DU,0
AZ,5,2021-06-24,R,0
AZ,5,2021-06-25,D1,1050
AZ,5,2021-06-25,D2,47
AZ,5,2021-06-25,DU,0
AZ,5,2021-06-25,R,0
AZ,5,2021-06-26,D1,891
AZ,5,2021-06-26,D2,8
AZ,5,2021-06-26,DU,0
AZ,5,2021-06-26,R,0
AZ,5,2021-06-27,D1,28
AZ,5,2021-06-27,D2,7
AZ,5,2021-06-27,DU,0
AZ,5,2021-06-27,R,0
AZ,5,2021-06-28,D1,936
AZ,5,2021-06-28,D2,1955
AZ,5,2021-06-28,DU,0
AZ,5,2021-06-28,R,0
AZ,5,2021-06-29,D1,1186
AZ,5,2021-06-29,D2,2385
AZ,5,2021-06-29,DU,0
AZ,5,2021-06-29,R,0
AZ,5,2021-06-30,D1,2754
AZ,5,2021-06-30,D2,2144
AZ,5,2021-06-30,DU,0
AZ,5,2021-06-30,R,0
AZ,5,2021-07-01,D1,5021
AZ,5,2021-07-01,D2,1773
AZ,5,2021-07-01,DU,0
AZ,5,2021-07-01,R,0
AZ,5,2021-07-02,D1,5376
AZ,5,2021-07-02,D2,1006
AZ,5,2021-07-02,DU,0
AZ,5,2021-07-02,R,0
AZ,5,2021-07-03,D1,4314
AZ,5,2021-07-03,D2,75
AZ,5,2021-07-03,DU,0
AZ,5,2021-07-03,R,0
AZ,5,2021-07-04,D1,21
AZ,5,2021-07-04,D2,44
AZ,5,2021-07-04,DU,0
AZ,5,2021-07-04,R,0
AZ,5,2021-07-05,D1,6779
AZ,5,2021-07-05,D2,422
AZ,5,2021-07-05,DU,0
AZ,5,2021-07-05,R,0
AZ,5,2021-07-06,D1,12861
AZ,5,2021-07-06,D2,76
AZ,5,2021-07-06,DU,0
AZ,5,2021-07-06,R,0
AZ,5,2021-07-07,D1,12654
AZ,5,2021-07-07,D2,76
AZ,5,2021-07-07,DU,0
AZ,5,2021-07-07,R,0
AZ,5,2021-07-08,D1,21396
AZ,5,2021-07-08,D2,105
AZ,5,2021-07-08,DU,0
AZ,5,2021-07-08,R,0
AZ,5,2021-07-09,D1,21559
AZ,5,2021-07-09,D2,25
AZ,5,2021-07-09,DU,0
AZ,5,2021-07-09,R,0
AZ,5,2021-07-10,D1,4594
AZ,5,2021-07-10,D2,26
AZ,5,2021-07-10,DU,0
AZ,5,2021-07-10,R,0
AZ,5,2021-07-11,D1,161
AZ,5,2021-07-11,D2,1
AZ,5,2021-07-11,DU,0
AZ,5,2021-07-11,R,0
AZ,5,2021-07-12,D1,32583
AZ,5,2021-07-12,D2,113
AZ,5,2021-07-12,DU,0
AZ,5,2021-07-12,R,0
AZ,5,2021-07-13,D1,14946
AZ,5,2021-07-13,D2,126
AZ,5,2021-07-13,DU,0
AZ,5,2021-07-13,R,0
AZ,5,2021-07-14,D1,9434
AZ,5,2021-07-14,D2,117
AZ,5,2021-07-14,DU,0
AZ,5,2021-07-14,R,0
AZ,5,2021-07-15,D1,7623
AZ,5,2021-07-15,D2,173
AZ,5,2021-07-15,DU,0
AZ,5,2021-07-15,R,0
AZ,5,2021-07-16,D1,5554
AZ,5,2021-07-16,D2,157
AZ,5,2021-07-16,DU,0
AZ,5,2021-07-16,R,0
AZ,5,2021-07-17,D1,3819
AZ,5,2021-07-17,D2,57
AZ,5,2021-07-17,DU,0
AZ,5,2021-07-17,R,0
AZ,5,2021-07-18,D1,25
AZ,5,2021-07-18,D2,1
AZ,5,2021-07-18,DU,0
AZ,5,2021-07-18,R,0
AZ,5,2021-07-19,D1,4269
AZ,5,2021-07-19,D2,149
AZ,5,2021-07-19,DU,0
AZ,5,2021-07-19,R,0
AZ,5,2021-07-20,D1,2502
AZ,5,2021-07-20,D2,164
AZ,5,2021-07-20,DU,0
AZ,5,2021-07-20,R,0
AZ,5,2021-07-21,D1,4512
AZ,5,2021-07-21,D2,166
AZ,5,2021-07-21,DU,0
AZ,5,2021-07-21,R,0
AZ,5,2021-07-22,D1,18230
AZ,5,2021-07-22,D2,249
AZ,5,2021-07-22,DU,0
AZ,5,2021-07-22,R,0
AZ,5,2021-07-23,D1,33527
AZ,5,2021-07-23,D2,282
AZ,5,2021-07-23,DU,0
AZ,5,2021-07-23,R,0
AZ,5,2021-07-24,D1,13592
AZ,5,2021-07-24,D2,104
AZ,5,2021-07-24,DU,0
AZ,5,2021-07-24,R,0
AZ,5,2021-07-25,D1,624
AZ,5,2021-07-25,D2,105
AZ,5,2021-07-25,DU,0
AZ,5,2021-07-25,R,0
AZ,5,2021-07-26,D1,20623
AZ,5,2021-07-26,D2,228
AZ,5,2021-07-26,DU,0
AZ,5,2021-07-26,R,0
AZ,5,2021-07-27,D1,9247
AZ,5,2021-07-27,D2,871
AZ,5,2021-07-27,DU,0
AZ,5,2021-07-27,R,0
AZ,5,2021-07-28,D1,5969
AZ,5,2021-07-28,D2,716
AZ,5,2021-07-28,DU,0
AZ,5,2021-07-28,R,0
AZ,5,2021-07-29,D1,3589
AZ,5,2021-07-29,D2,390
AZ,5,2021-07-29,DU,0
AZ,5,2021-07-29,R,0
AZ,5,2021-07-30,D1,2802
AZ,5,2021-07-30,D2,649
AZ,5,2021-07-30,DU,0
AZ,5,2021-07-30,R,0
AZ,5,2021-07-31,D1,2220
AZ,5,2021-07-31,D2,416
AZ,5,2021-07-31,DU,0
AZ,5,2021-07-31,R,0
AZ,5,2021-08-01,D1,107
AZ,5,2021-08-01,D2,9
AZ,5,2021-08-01,DU,0
AZ,5,2021-08-01,R,0
AZ,5,2021-08-02,D1,2527
AZ,5,2021-08-02,D2,1180
AZ,5,2021-08-02,DU,0
AZ,5,2021-08-02,R,0
AZ,5,2021-08-03,D1,1068
AZ,5,2021-08-03,D2,1683
AZ,5,2021-08-03,DU,0
AZ,5,2021-08-03,R,0
AZ,5,2021-08-04,D1,1081
AZ,5,2021-08-04,D2,1346
AZ,5,2021-08-04,DU,0
AZ,5,2021-08-04,R,0
AZ,5,2021-08-05,D1,1433
AZ,5,2021-08-05,D2,998
AZ,5,2021-08-05,DU,0
AZ,5,2021-08-05,R,0
AZ,5,2021-08-06,D1,1293
AZ,5,2021-08-06,D2,1095
AZ,5,2021-08-06,DU,0
AZ,5,2021-08-06,R,0
AZ,5,2021-08-07,D1,851
AZ,5,2021-08-07,D2,544
AZ,5,2021-08-07,DU,0
AZ,5,2021-08-07,R,0
AZ,5,2021-08-08,D1,14
AZ,5,2021-08-08,D2,4104
AZ,5,2021-08-08,DU,0
AZ,5,2021-08-08,R,0
AZ,5,2021-08-09,D1,948
AZ,5,2021-08-09,D2,1422
AZ,5,2021-08-09,DU,0
AZ,5,2021-08-09,R,1
AZ,5,2021-08-10,D1,687
AZ,5,2021-08-10,D2,2416
AZ,5,2021-08-10,DU,0
AZ,5,2021-08-10,R,0
AZ,5,2021-08-11,D1,392
AZ,5,2021-08-11,D2,3152
AZ,5,2021-08-11,DU,0
AZ,5,2021-08-11,R,0
AZ,5,2021-08-12,D1,1237
AZ,5,2021-08-12,D2,2306
AZ,5,2021-08-12,DU,0
AZ,5,2021-08-12,R,1
AZ,5,2021-08-13,D1,1738
AZ,5,2021-08-13,D2,2342
AZ,5,2021-08-13,DU,0
AZ,5,2021-08-13,R,0
AZ,5,2021-08-14,D1,738
AZ,5,2021-08-14,D2,1780
AZ,5,2021-08-14,DU,0
AZ,5,2021-08-14,R,0
AZ,5,2021-08-15,D1,75
AZ,5,2021-08-15,D2,416
AZ,5,2021-08-15,DU,0
AZ,5,2021-08-15,R,0
AZ,5,2021-08-16,D1,1322
AZ,5,2021-08-16,D2,2111
AZ,5,2021-08-16,DU,0
AZ,5,2021-08-16,R,0
AZ,5,2021-08-17,D1,1355
AZ,5,2021-08-17,D2,1739
AZ,5,2021-08-17,DU,0
AZ,5,2021-08-17,R,1
AZ,5,2021-08-18,D1,1855
AZ,5,2021-08-18,D2,2018
AZ,5,2021-08-18,DU,0
AZ,5,2021-08-18,R,0
AZ,5,2021-08-19,D1,814
AZ,5,2021-08-19,D2,2753
AZ,5,2021-08-19,DU,0
AZ,5,2021-08-19,R,0
AZ,5,2021-08-20,D1,1373
AZ,5,2021-08-20,D2,3057
AZ,5,2021-08-20,DU,0
AZ,5,2021-08-20,R,0
AZ,5,2021-08-21,D1,343
AZ,5,2021-08-21,D2,2028
AZ,5,2021-08-21,DU,0
AZ,5,2021-08-21,R,0
AZ,5,2021-08-22,D1,30
AZ,5,2021-08-22,D2,355
AZ,5,2021-08-22,DU,0
AZ,5,2021-08-22,R,2
AZ,5,2021-08-23,D1,540
AZ,5,2021-08-23,D2,4475
AZ,5,2021-08-23,DU,0
AZ,5,2021-08-23,R,0
AZ,5,2021-08-24,D1,695
AZ,5,2021-08-24,D2,5854
AZ,5,2021-08-24,DU,0
AZ,5,2021-08-24,R,0
AZ,5,2021-08-25,D1,1135
AZ,5,2021-08-25,D2,10971
AZ,5,2021-08-25,DU,0
AZ,5,2021-08-25,R,0
AZ,5,2021-08-26,D1,1164
AZ,5,2021-08-26,D2,7003
AZ,5,2021-08-26,DU,0
AZ,5,2021-08-26,R,1
AZ,5,2021-08-27,D1,598
AZ,5,2021-08-27,D2,8138
AZ,5,2021-08-27,DU,0
AZ,5,2021-08-27,R,0
AZ,5,2021-08-28,D1,148
AZ,5,2021-08-28,D2,4701
AZ,5,2021-08-28,DU,0
AZ,5,2021-08-28,R,0
AZ,5,2021-08-29,D1,14
AZ,5,2021-08-29,D2,181
AZ,5,2021-08-29,DU,0
AZ,5,2021-08-29,R,1
AZ,5,2021-08-30,D1,435
AZ,5,2021-08-30,D2,7815
AZ,5,2021-08-30,DU,0
AZ,5,2021-08-30,R,0
AZ,5,2021-08-31,D1,449
AZ,5,2021-08-31,D2,7056
AZ,5,2021-08-31,DU,0
AZ,5,2021-08-31,R,1
AZ,5,2021-09-01,D1,373
AZ,5,2021-09-01,D2,7107
AZ,5,2021-09-01,DU,0
AZ,5,2021-09-01,R,0
AZ,5,2021-09-02,D1,375
AZ,5,2021-09-02,D2,8057
AZ,5,2021-09-02,DU,0
AZ,5,2021-09-02,R,0
AZ,5,2021-09-03,D1,375
AZ,5,2021-09-03,D2,9776
AZ,5,2021-09-03,DU,0
AZ,5,2021-09-03,R,0
AZ,5,2021-09-04,D1,129
AZ,5,2021-09-04,D2,3448
AZ,5,2021-09-04,DU,0
AZ,5,2021-09-04,R,0
AZ,5,2021-09-05,D1,7
AZ,5,2021-09-05,D2,253
AZ,5,2021-09-05,DU,0
AZ,5,2021-09-05,R,0
AZ,5,2021-09-06,D1,79
AZ,5,2021-09-06,D2,2556
AZ,5,2021-09-06,DU,0
AZ,5,2021-09-06,R,0
AZ,5,2021-09-07,D1,7
AZ,5,2021-09-07,D2,555
AZ,5,2021-09-07,DU,0
AZ,5,2021-09-07,R,0
AZ,5,2021-09-08,D1,194
AZ,5,2021-09-08,D2,6739
AZ,5,2021-09-08,DU,0
AZ,5,2021-09-08,R,0
AZ,5,2021-09-09,D1,191
AZ,5,2021-09-09,D2,5240
AZ,5,2021-09-09,DU,0
AZ,5,2021-09-09,R,0
AZ,5,2021-09-10,D1,153
AZ,5,2021-09-10,D2,4686
AZ,5,2021-09-10,DU,0
AZ,5,2021-09-10,R,0
AZ,5,2021-09-11,D1,43
AZ,5,2021-09-11,D2,1752
AZ,5,2021-09-11,DU,0
AZ,5,2021-09-11,R,0
AZ,5,2021-09-12,D1,3
AZ,5,2021-09-12,D2,64
AZ,5,2021-09-12,DU,0
AZ,5,2021-09-12,R,0
AZ,5,2021-09-13,D1,97
AZ,5,2021-09-13,D2,2578
AZ,5,2021-09-13,DU,0
AZ,5,2021-09-13,R,0
AZ,5,2021-09-14,D1,61
AZ,5,2021-09-14,D2,2294
AZ,5,2021-09-14,DU,0
AZ,5,2021-09-14,R,0
AZ,5,2021-09-15,D1,52
AZ,5,2021-09-15,D2,1509
AZ,5,2021-09-15,DU,0
AZ,5,2021-09-15,R,0
AZ,5,2021-09-16,D1,51
AZ,5,2021-09-16,D2,1403
AZ,5,2021-09-16,DU,0
AZ,5,2021-09-16,R,0
AZ,5,2021-09-17,D1,53
AZ,5,2021-09-17,D2,1843
AZ,5,2021-09-17,DU,0
AZ,5,2021-09-17,R,0
AZ,5,2021-09-18,D1,63
AZ,5,2021-09-18,D2,823
AZ,5,2021-09-18,DU,0
AZ,5,2021-09-18,R,0
AZ,5,2021-09-19,D1,8
AZ,5,2021-09-19,D2,61
AZ,5,2021-09-19,DU,0
AZ,5,2021-09-19,R,0
AZ,5,2021-09-20,D1,38
AZ,5,2021-09-20,D2,1874
AZ,5,2021-09-20,DU,0
AZ,5,2021-09-20,R,0
AZ,5,2021-09-21,D1,38
AZ,5,2021-09-21,D2,1759
AZ,5,2021-09-21,DU,0
AZ,5,2021-09-21,R,1
AZ,5,2021-09-22,D1,45
AZ,5,2021-09-22,D2,2018
AZ,5,2021-09-22,DU,0
AZ,5,2021-09-22,R,2
AZ,5,2021-09-23,D1,39
AZ,5,2021-09-23,D2,3376
AZ,5,2021-09-23,DU,0
AZ,5,2021-09-23,R,1
AZ,5,2021-09-24,D1,42
AZ,5,2021-09-24,D2,3078
AZ,5,2021-09-24,DU,0
AZ,5,2021-09-24,R,3
AZ,5,2021-09-25,D1,14
AZ,5,2021-09-25,D2,1163
AZ,5,2021-09-25,DU,0
AZ,5,2021-09-25,R,1
AZ,5,2021-09-26,D1,3
AZ,5,2021-09-26,D2,67
AZ,5,2021-09-26,DU,0
AZ,5,2021-09-26,R,1
AZ,5,2021-09-27,D1,27
AZ,5,2021-09-27,D2,3239
AZ,5,2021-09-27,DU,0
AZ,5,2021-09-27,R,0
AZ,5,2021-09-28,D1,47
AZ,5,2021-09-28,D2,3271
AZ,5,2021-09-28,DU,0
AZ,5,2021-09-28,R,1
AZ,5,2021-09-29,D1,27
AZ,5,2021-09-29,D2,4140
AZ,5,2021-09-29,DU,0
AZ,5,2021-09-29,R,18
AZ,5,2021-09-30,D1,28
AZ,5,2021-09-30,D2,9235
AZ,5,2021-09-30,DU,0
AZ,5,2021-09-30,R,23
AZ,5,2021-10-01,D1,19
AZ,5,2021-10-01,D2,9758
AZ,5,2021-10-01,DU,0
AZ,5,2021-10-01,R,14
AZ,5,2021-10-02,D1,21
AZ,5,2021-10-02,D2,5202
AZ,5,2021-10-02,DU,0
AZ,5,2021-10-02,R,24
AZ,5,2021-10-03,D1,2
AZ,5,2021-10-03,D2,227
AZ,5,2021-10-03,DU,0
AZ,5,2021-10-03,R,0
AZ,5,2021-10-04,D1,16
AZ,5,2021-10-04,D2,6845
AZ,5,2021-10-04,DU,0
AZ,5,2021-10-04,R,9
AZ,5,2021-10-05,D1,24
AZ,5,2021-10-05,D2,6325
AZ,5,2021-10-05,DU,0
AZ,5,2021-10-05,R,1
AZ,5,2021-10-06,D1,31
AZ,5,2021-10-06,D2,8836
AZ,5,2021-10-06,DU,0
AZ,5,2021-10-06,R,10
AZ,5,2021-10-07,D1,16
AZ,5,2021-10-07,D2,8803
AZ,5,2021-10-07,DU,0
AZ,5,2021-10-07,R,6
AZ,5,2021-10-08,D1,32
AZ,5,2021-10-08,D2,7761
AZ,5,2021-10-08,DU,0
AZ,5,2021-10-08,R,9
AZ,5,2021-10-09,D1,5
AZ,5,2021-10-09,D2,2460
AZ,5,2021-10-09,DU,0
AZ,5,2021-10-09,R,1
AZ,5,2021-10-10,D1,3
AZ,5,2021-10-10,D2,90
AZ,5,2021-10-10,DU,0
AZ,5,2021-10-10,R,0
AZ,5,2021-10-11,D1,1
AZ,5,2021-10-11,D2,2180
AZ,5,2021-10-11,DU,0
AZ,5,2021-10-11,R,1
AZ,5,2021-10-12,D1,2
AZ,5,2021-10-12,D2,693
AZ,5,2021-10-12,DU,0
AZ,5,2021-10-12,R,0
AZ,5,2021-10-13,D1,49
AZ,5,2021-10-13,D2,10768
AZ,5,2021-10-13,DU,0
AZ,5,2021-10-13,R,6
AZ,5,2021-10-14,D1,39
AZ,5,2021-10-14,D2,11906
AZ,5,2021-10-14,DU,0
AZ,5,2021-10-14,R,5
AZ,5,2021-10-15,D1,47
AZ,5,2021-10-15,D2,15694
AZ,5,2021-10-15,DU,0
AZ,5,2021-10-15,R,15
AZ,5,2021-10-16,D1,46
AZ,5,2021-10-16,D2,8314
AZ,5,2021-10-16,DU,0
AZ,5,2021-10-16,R,0
AZ,5,2021-10-17,D1,1
AZ,5,2021-10-17,D2,130
AZ,5,2021-10-17,DU,0
AZ,5,2021-10-17,R,0
AZ,5,2021-10-18,D1,26
AZ,5,2021-10-18,D2,12038
AZ,5,2021-10-18,DU,0
AZ,5,2021-10-18,R,1
AZ,5,2021-10-19,D1,16
AZ,5,2021-10-19,D2,7287
AZ,5,2021-10-19,DU,0
AZ,5,2021-10-19,R,5
AZ,5,2021-10-20,D1,20
AZ,5,2021-10-20,D2,5271
AZ,5,2021-10-20,DU,0
AZ,5,2021-10-20,R,4
AZ,5,2021-10-21,D1,22
AZ,5,2021-10-21,D2,3847
AZ,5,2021-10-21,DU,0
AZ,5,2021-10-21,R,3
AZ,5,2021-10-22,D1,22
AZ,5,2021-10-22,D2,3091
AZ,5,2021-10-22,DU,0
AZ,5,2021-10-22,R,5
AZ,5,2021-10-23,D1,7
AZ,5,2021-10-23,D2,1455
AZ,5,2021-10-23,DU,0
AZ,5,2021-10-23,R,2
AZ,5,2021-10-24,D1,4
AZ,5,2021-10-24,D2,47
AZ,5,2021-10-24,DU,0
AZ,5,2021-10-24,R,1
AZ,5,2021-10-25,D1,13
AZ,5,2021-10-25,D2,2414
AZ,5,2021-10-25,DU,0
AZ,5,2021-10-25,R,1
AZ,5,2021-10-26,D1,15
AZ,5,2021-10-26,D2,3694
AZ,5,2021-10-26,DU,0
AZ,5,2021-10-26,R,3
AZ,5,2021-10-27,D1,14
AZ,5,2021-10-27,D2,2592
AZ,5,2021-10-27,DU,0
AZ,5,2021-10-27,R,5
AZ,5,2021-10-28,D1,35
AZ,5,2021-10-28,D2,2970
AZ,5,2021-10-28,DU,0
AZ,5,2021-10-28,R,6
AZ,5,2021-10-29,D1,7
AZ,5,2021-10-29,D2,1952
AZ,5,2021-10-29,DU,0
AZ,5,2021-10-29,R,8
AZ,5,2021-10-30,D1,48
AZ,5,2021-10-30,D2,1012
AZ,5,2021-10-30,DU,0
AZ,5,2021-10-30,R,1
AZ,5,2021-10-31,D1,0
AZ,5,2021-10-31,D2,37
AZ,5,2021-10-31,DU,0
AZ,5,2021-10-31,R,1
AZ,5,2021-11-01,D1,4
AZ,5,2021-11-01,D2,553
AZ,5,2021-11-01,DU,0
AZ,5,2021-11-01,R,0
AZ,5,2021-11-02,D1,2
AZ,5,2021-11-02,D2,209
AZ,5,2021-11-02,DU,0
AZ,5,2021-11-02,R,0
AZ,5,2021-11-03,D1,21
AZ,5,2021-11-03,D2,2784
AZ,5,2021-11-03,DU,0
AZ,5,2021-11-03,R,8
AZ,5,2021-11-04,D1,12
AZ,5,2021-11-04,D2,2599
AZ,5,2021-11-04,DU,0
AZ,5,2021-11-04,R,6
AZ,5,2021-11-05,D1,14
AZ,5,2021-11-05,D2,2485
AZ,5,2021-11-05,DU,0
AZ,5,2021-11-05,R,16
AZ,5,2021-11-06,D1,3
AZ,5,2021-11-06,D2,714
AZ,5,2021-11-06,DU,0
AZ,5,2021-11-06,R,2
AZ,5,2021-11-07,D1,1
AZ,5,2021-11-07,D2,37
AZ,5,2021-11-07,DU,0
AZ,5,2021-11-07,R,0
AZ,5,2021-11-08,D1,16
AZ,5,2021-11-08,D2,1999
AZ,5,2021-11-08,DU,0
AZ,5,2021-11-08,R,7
AZ,5,2021-11-09,D1,27
AZ,5,2021-11-09,D2,2083
AZ,5,2021-11-09,DU,0
AZ,5,2021-11-09,R,11
AZ,5,2021-11-10,D1,17
AZ,5,2021-11-10,D2,1371
AZ,5,2021-11-10,DU,0
AZ,5,2021-11-10,R,8
AZ,5,2021-11-11,D1,27
AZ,5,2021-11-11,D2,1460
AZ,5,2021-11-11,DU,0
AZ,5,2021-11-11,R,24
AZ,5,2021-11-12,D1,31
AZ,5,2021-11-12,D2,1529
AZ,5,2021-11-12,DU,0
AZ,5,2021-11-12,R,32
AZ,5,2021-11-13,D1,5
AZ,5,2021-11-13,D2,763
AZ,5,2021-11-13,DU,0
AZ,5,2021-11-13,R,6
AZ,5,2021-11-14,D1,0
AZ,5,2021-11-14,D2,23
AZ,5,2021-11-14,DU,0
AZ,5,2021-11-14,R,0
AZ,5,2021-11-15,D1,2
AZ,5,2021-11-15,D2,107
AZ,5,2021-11-15,DU,0
AZ,5,2021-11-15,R,2
AZ,5,2021-11-16,D1,14
AZ,5,2021-11-16,D2,1051
AZ,5,2021-11-16,DU,0
AZ,5,2021-11-16,R,8
AZ,5,2021-11-17,D1,14
AZ,5,2021-11-17,D2,1251
AZ,5,2021-11-17,DU,0
AZ,5,2021-11-17,R,19
AZ,5,2021-11-18,D1,18
AZ,5,2021-11-18,D2,20
AZ,5,2021-11-18,DU,0
AZ,5,2021-11-18,R,22
AZ,5,2021-11-19,D1,0
AZ,5,2021-11-19,D2,12
AZ,5,2021-11-19,DU,0
AZ,5,2021-11-19,R,1
AZ,5,2021-11-20,D1,15
AZ,5,2021-11-20,D2,7
AZ,5,2021-11-20,DU,0
AZ,5,2021-11-20,R,3
AZ,5,2021-11-22,D1,0
AZ,5,2021-11-22,D2,5
AZ,5,2021-11-22,DU,0
AZ,5,2021-11-22,R,0
AZ,5,2021-11-23,D1,1
AZ,5,2021-11-23,D2,1072
AZ,5,2021-11-23,DU,0
AZ,5,2021-11-23,R,2
AZ,5,2021-11-24,D1,2
AZ,5,2021-11-24,D2,17
AZ,5,2021-11-24,DU,0
AZ,5,2021-11-24,R,4
AZ,5,2021-11-25,D1,1
AZ,5,2021-11-25,D2,7
AZ,5,2021-11-25,DU,0
AZ,5,2021-11-25,R,1
AZ,5,2021-11-26,D1,0
AZ,5,2021-11-26,D2,722
AZ,5,2021-11-26,DU,0
AZ,5,2021-11-26,R,0
AZ,5,2021-11-27,D1,0
AZ,5,2021-11-27,D2,1
AZ,5,2021-11-27,DU,0
AZ,5,2021-11-27,R,1
AZ,5,2021-11-29,D1,0
AZ,5,2021-11-29,D2,3
AZ,5,2021-11-29,DU,0
AZ,5,2021-11-29,R,0
AZ,5,2021-11-30,D1,0
AZ,5,2021-11-30,D2,9
AZ,5,2021-11-30,DU,0
AZ,5,2021-11-30,R,0
AZ,5,2021-12-01,D1,0
AZ,5,2021-12-01,D2,2
AZ,5,2021-12-01,DU,0
AZ,5,2021-12-01,R,0
AZ,5,2021-12-02,D1,0
AZ,5,2021-12-02,D2,791
AZ,5,2021-12-02,DU,0
AZ,5,2021-12-02,R,0
AZ,5,2021-12-03,D1,0
AZ,5,2021-12-03,D2,5
AZ,5,2021-12-03,DU,0
AZ,5,2021-12-03,R,2
AZ,5,2021-12-04,D1,6
AZ,5,2021-12-04,D2,5
AZ,5,2021-12-04,DU,0
AZ,5,2021-12-04,R,56
AZ,5,2021-12-05,D1,0
AZ,5,2021-12-05,D2,7
AZ,5,2021-12-05,DU,0
AZ,5,2021-12-05,R,3
AZ,5,2021-12-06,D1,0
AZ,5,2021-12-06,D2,10
AZ,5,2021-12-06,DU,0
AZ,5,2021-12-06,R,2
AZ,5,2021-12-07,D1,33
AZ,5,2021-12-07,D2,53
AZ,5,2021-12-07,DU,0
AZ,5,2021-12-07,R,209
AZ,5,2021-12-08,D1,0
AZ,5,2021-12-08,D2,1
AZ,5,2021-12-08,DU,0
AZ,5,2021-12-08,R,1
AZ,5,2021-12-09,D1,0
AZ,5,2021-12-09,D2,0
AZ,5,2021-12-09,DU,0
AZ,5,2021-12-09,R,1
AZ,5,2021-12-11,D1,0
AZ,5,2021-12-11,D2,0
AZ,5,2021-12-11,DU,0
AZ,5,2021-12-11,R,3
AZ,5,2021-12-14,D1,13
AZ,5,2021-12-14,D2,15
AZ,5,2021-12-14,DU,0
AZ,5,2021-12-14,R,348
AZ,5,2021-12-16,D1,0
AZ,5,2021-12-16,D2,2
AZ,5,2021-12-16,DU,0
AZ,5,2021-12-16,R,0
AZ,5,2021-12-17,D1,12
AZ,5,2021-12-17,D2,187
AZ,5,2021-12-17,DU,0
AZ,5,2021-12-17,R,336
AZ,5,2021-12-19,D1,0
AZ,5,2021-12-19,D2,10
AZ,5,2021-12-19,DU,0
AZ,5,2021-12-19,R,11
AZ,5,2021-12-20,D1,3
AZ,5,2021-12-20,D2,77
AZ,5,2021-12-20,DU,0
AZ,5,2021-12-20,R,166
AZ,5,2021-12-21,D1,0
AZ,5,2021-12-21,D2,1
AZ,5,2021-12-21,DU,0
AZ,5,2021-12-21,R,2
AZ,5,2021-12-22,D1,1
AZ,5,2021-12-22,D2,5
AZ,5,2021-12-22,DU,0
AZ,5,2021-12-22,R,8
AZ,5,2021-12-23,D1,4
AZ,5,2021-12-23,D2,58
AZ,5,2021-12-23,DU,0
AZ,5,2021-12-23,R,124
AZ,5,2021-12-26,D1,0
AZ,5,2021-12-26,D2,2
AZ,5,2021-12-26,DU,0
AZ,5,2021-12-26,R,2
AZ,5,2021-12-27,D1,13
AZ,5,2021-12-27,D2,222
AZ,5,2021-12-27,DU,0
AZ,5,2021-12-27,R,331
AZ,5,2021-12-28,D1,11
AZ,5,2021-12-28,D2,198
AZ,5,2021-12-28,DU,0
AZ,5,2021-12-28,R,512
AZ,5,2021-12-29,D1,0
AZ,5,2021-12-29,D2,2
AZ,5,2021-12-29,DU,0
AZ,5,2021-12-29,R,0
AZ,5,2022-01-03,D1,7
AZ,5,2022-01-03,D2,113
AZ,5,2022-01-03,DU,0
AZ,5,2022-01-03,R,255
AZ,5,2022-01-04,D1,13
AZ,5,2022-01-04,D2,193
AZ,5,2022-01-04,DU,0
AZ,5,2022-01-04,R,749
AZ,5,2022-01-05,D1,0
AZ,5,2022-01-05,D2,1
AZ,5,2022-01-05,DU,0
AZ,5,2022-01-05,R,14
AZ,5,2022-01-07,D1,0
AZ,5,2022-01-07,D2,2
AZ,5,2022-01-07,DU,0
AZ,5,2022-01-07,R,2
AZ,5,2022-01-08,D1,0
AZ,5,2022-01-08,D2,3
AZ,5,2022-01-08,DU,0
AZ,5,2022-01-08,R,10
AZ,5,2022-01-10,D1,34
AZ,5,2022-01-10,D2,182
AZ,5,2022-01-10,DU,2
AZ,5,2022-01-10,R,904
AZ,5,2022-01-11,D1,18
AZ,5,2022-01-11,D2,181
AZ,5,2022-01-11,DU,0
AZ,5,2022-01-11,R,972
AZ,5,2022-01-12,D1,0
AZ,5,2022-01-12,D2,1
AZ,5,2022-01-12,DU,0
AZ,5,2022-01-12,R,3
AZ,5,2022-01-13,D1,21
AZ,5,2022-01-13,D2,190
AZ,5,2022-01-13,DU,0
AZ,5,2022-01-13,R,643
AZ,5,2022-01-14,D1,0
AZ,5,2022-01-14,D2,8
AZ,5,2022-01-14,DU,0
AZ,5,2022-01-14,R,20
AZ,6,2021-01-19,D1,1
AZ,6,2021-01-19,D2,0
AZ,6,2021-01-19,DU,0
AZ,6,2021-01-19,R,0
AZ,6,2021-01-20,D1,3
AZ,6,2021-01-20,D2,0
AZ,6,2021-01-20,DU,0
AZ,6,2021-01-20,R,0
AZ,6,2021-01-21,D1,53
AZ,6,2021-01-21,D2,0
AZ,6,2021-01-21,DU,0
AZ,6,2021-01-21,R,0
AZ,6,2021-01-22,D1,37
AZ,6,2021-01-22,D2,0
AZ,6,2021-01-22,DU,0
AZ,6,2021-01-22,R,0
AZ,6,2021-01-23,D1,2
AZ,6,2021-01-23,D2,0
AZ,6,2021-01-23,DU,0
AZ,6,2021-01-23,R,0
AZ,6,2021-01-24,D1,2
AZ,6,2021-01-24,D2,0
AZ,6,2021-01-24,DU,0
AZ,6,2021-01-24,R,0
AZ,6,2021-01-25,D1,36
AZ,6,2021-01-25,D2,0
AZ,6,2021-01-25,DU,0
AZ,6,2021-01-25,R,0
AZ,6,2021-01-26,D1,106
AZ,6,2021-01-26,D2,0
AZ,6,2021-01-26,DU,0
AZ,6,2021-01-26,R,0
AZ,6,2021-01-27,D1,1514
AZ,6,2021-01-27,D2,1
AZ,6,2021-01-27,DU,0
AZ,6,2021-01-27,R,0
AZ,6,2021-01-28,D1,3248
AZ,6,2021-01-28,D2,1
AZ,6,2021-01-28,DU,0
AZ,6,2021-01-28,R,0
AZ,6,2021-01-29,D1,2888
AZ,6,2021-01-29,D2,1
AZ,6,2021-01-29,DU,0
AZ,6,2021-01-29,R,0
AZ,6,2021-01-30,D1,769
AZ,6,2021-01-30,D2,0
AZ,6,2021-01-30,DU,0
AZ,6,2021-01-30,R,0
AZ,6,2021-01-31,D1,174
AZ,6,2021-01-31,D2,0
AZ,6,2021-01-31,DU,0
AZ,6,2021-01-31,R,0
AZ,6,2021-02-01,D1,1980
AZ,6,2021-02-01,D2,1
AZ,6,2021-02-01,DU,0
AZ,6,2021-02-01,R,0
AZ,6,2021-02-02,D1,2373
AZ,6,2021-02-02,D2,2
AZ,6,2021-02-02,DU,0
AZ,6,2021-02-02,R,0
AZ,6,2021-02-03,D1,2953
AZ,6,2021-02-03,D2,1
AZ,6,2021-02-03,DU,0
AZ,6,2021-02-03,R,0
AZ,6,2021-02-04,D1,3107
AZ,6,2021-02-04,D2,1
AZ,6,2021-02-04,DU,0
AZ,6,2021-02-04,R,0
AZ,6,2021-02-05,D1,2069
AZ,6,2021-02-05,D2,1
AZ,6,2021-02-05,DU,0
AZ,6,2021-02-05,R,0
AZ,6,2021-02-06,D1,463
AZ,6,2021-02-06,D2,0
AZ,6,2021-02-06,DU,0
AZ,6,2021-02-06,R,0
AZ,6,2021-02-07,D1,143
AZ,6,2021-02-07,D2,0
AZ,6,2021-02-07,DU,0
AZ,6,2021-02-07,R,0
AZ,6,2021-02-08,D1,890
AZ,6,2021-02-08,D2,0
AZ,6,2021-02-08,DU,0
AZ,6,2021-02-08,R,0
AZ,6,2021-02-09,D1,577
AZ,6,2021-02-09,D2,0
AZ,6,2021-02-09,DU,0
AZ,6,2021-02-09,R,0
AZ,6,2021-02-10,D1,569
AZ,6,2021-02-10,D2,0
AZ,6,2021-02-10,DU,0
AZ,6,2021-02-10,R,0
AZ,6,2021-02-11,D1,565
AZ,6,2021-02-11,D2,1
AZ,6,2021-02-11,DU,0
AZ,6,2021-02-11,R,0
AZ,6,2021-02-12,D1,300
AZ,6,2021-02-12,D2,1
AZ,6,2021-02-12,DU,0
AZ,6,2021-02-12,R,0
AZ,6,2021-02-13,D1,85
AZ,6,2021-02-13,D2,0
AZ,6,2021-02-13,DU,0
AZ,6,2021-02-13,R,0
AZ,6,2021-02-14,D1,23
AZ,6,2021-02-14,D2,1
AZ,6,2021-02-14,DU,0
AZ,6,2021-02-14,R,0
AZ,6,2021-02-15,D1,157
AZ,6,2021-02-15,D2,1
AZ,6,2021-02-15,DU,0
AZ,6,2021-02-15,R,0
AZ,6,2021-02-16,D1,125
AZ,6,2021-02-16,D2,2
AZ,6,2021-02-16,DU,0
AZ,6,2021-02-16,R,0
AZ,6,2021-02-17,D1,159
AZ,6,2021-02-17,D2,2
AZ,6,2021-02-17,DU,0
AZ,6,2021-02-17,R,0
AZ,6,2021-02-18,D1,206
AZ,6,2021-02-18,D2,1
AZ,6,2021-02-18,DU,0
AZ,6,2021-02-18,R,0
AZ,6,2021-02-19,D1,143
AZ,6,2021-02-19,D2,0
AZ,6,2021-02-19,DU,0
AZ,6,2021-02-19,R,0
AZ,6,2021-02-20,D1,21
AZ,6,2021-02-20,D2,0
AZ,6,2021-02-20,DU,0
AZ,6,2021-02-20,R,0
AZ,6,2021-02-21,D1,2
AZ,6,2021-02-21,D2,0
AZ,6,2021-02-21,DU,0
AZ,6,2021-02-21,R,0
AZ,6,2021-02-22,D1,107
AZ,6,2021-02-22,D2,0
AZ,6,2021-02-22,DU,0
AZ,6,2021-02-22,R,0
AZ,6,2021-02-23,D1,53
AZ,6,2021-02-23,D2,5
AZ,6,2021-02-23,DU,0
AZ,6,2021-02-23,R,0
AZ,6,2021-02-24,D1,51
AZ,6,2021-02-24,D2,0
AZ,6,2021-02-24,DU,0
AZ,6,2021-02-24,R,0
AZ,6,2021-02-25,D1,25
AZ,6,2021-02-25,D2,1
AZ,6,2021-02-25,DU,0
AZ,6,2021-02-25,R,0
AZ,6,2021-02-26,D1,72
AZ,6,2021-02-26,D2,0
AZ,6,2021-02-26,DU,0
AZ,6,2021-02-26,R,0
AZ,6,2021-02-27,D1,46
AZ,6,2021-02-27,D2,0
AZ,6,2021-02-27,DU,0
AZ,6,2021-02-27,R,0
AZ,6,2021-02-28,D1,13
AZ,6,2021-02-28,D2,1
AZ,6,2021-02-28,DU,0
AZ,6,2021-02-28,R,1
AZ,6,2021-03-01,D1,213
AZ,6,2021-03-01,D2,5
AZ,6,2021-03-01,DU,0
AZ,6,2021-03-01,R,0
AZ,6,2021-03-02,D1,210
AZ,6,2021-03-02,D2,1
AZ,6,2021-03-02,DU,0
AZ,6,2021-03-02,R,0
AZ,6,2021-03-03,D1,133
AZ,6,2021-03-03,D2,2
AZ,6,2021-03-03,DU,0
AZ,6,2021-03-03,R,0
AZ,6,2021-03-04,D1,146
AZ,6,2021-03-04,D2,0
AZ,6,2021-03-04,DU,0
AZ,6,2021-03-04,R,0
AZ,6,2021-03-05,D1,70
AZ,6,2021-03-05,D2,0
AZ,6,2021-03-05,DU,0
AZ,6,2021-03-05,R,0
AZ,6,2021-03-06,D1,21
AZ,6,2021-03-06,D2,1
AZ,6,2021-03-06,DU,0
AZ,6,2021-03-06,R,0
AZ,6,2021-03-07,D1,1
AZ,6,2021-03-07,D2,0
AZ,6,2021-03-07,DU,0
AZ,6,2021-03-07,R,0
AZ,6,2021-03-08,D1,46
AZ,6,2021-03-08,D2,1
AZ,6,2021-03-08,DU,0
AZ,6,2021-03-08,R,0
AZ,6,2021-03-09,D1,50
AZ,6,2021-03-09,D2,1
AZ,6,2021-03-09,DU,0
AZ,6,2021-03-09,R,0
AZ,6,2021-03-10,D1,58
AZ,6,2021-03-10,D2,1
AZ,6,2021-03-10,DU,0
AZ,6,2021-03-10,R,0
AZ,6,2021-03-11,D1,67
AZ,6,2021-03-11,D2,8
AZ,6,2021-03-11,DU,0
AZ,6,2021-03-11,R,0
AZ,6,2021-03-12,D1,51
AZ,6,2021-03-12,D2,0
AZ,6,2021-03-12,DU,0
AZ,6,2021-03-12,R,0
AZ,6,2021-03-13,D1,13
AZ,6,2021-03-13,D2,0
AZ,6,2021-03-13,DU,0
AZ,6,2021-03-13,R,0
AZ,6,2021-03-15,D1,30
AZ,6,2021-03-15,D2,3
AZ,6,2021-03-15,DU,0
AZ,6,2021-03-15,R,0
AZ,6,2021-03-16,D1,41
AZ,6,2021-03-16,D2,0
AZ,6,2021-03-16,DU,0
AZ,6,2021-03-16,R,0
AZ,6,2021-03-17,D1,68
AZ,6,2021-03-17,D2,0
AZ,6,2021-03-17,DU,0
AZ,6,2021-03-17,R,0
AZ,6,2021-03-18,D1,40
AZ,6,2021-03-18,D2,1
AZ,6,2021-03-18,DU,0
AZ,6,2021-03-18,R,0
AZ,6,2021-03-19,D1,30
AZ,6,2021-03-19,D2,0
AZ,6,2021-03-19,DU,0
AZ,6,2021-03-19,R,0
AZ,6,2021-03-20,D1,14
AZ,6,2021-03-20,D2,0
AZ,6,2021-03-20,DU,0
AZ,6,2021-03-20,R,0
AZ,6,2021-03-21,D1,2
AZ,6,2021-03-21,D2,1
AZ,6,2021-03-21,DU,0
AZ,6,2021-03-21,R,0
AZ,6,2021-03-22,D1,42
AZ,6,2021-03-22,D2,0
AZ,6,2021-03-22,DU,0
AZ,6,2021-03-22,R,0
AZ,6,2021-03-23,D1,37
AZ,6,2021-03-23,D2,0
AZ,6,2021-03-23,DU,0
AZ,6,2021-03-23,R,0
AZ,6,2021-03-24,D1,65
AZ,6,2021-03-24,D2,1
AZ,6,2021-03-24,DU,0
AZ,6,2021-03-24,R,0
AZ,6,2021-03-25,D1,32
AZ,6,2021-03-25,D2,0
AZ,6,2021-03-25,DU,0
AZ,6,2021-03-25,R,0
AZ,6,2021-03-26,D1,20
AZ,6,2021-03-26,D2,0
AZ,6,2021-03-26,DU,0
AZ,6,2021-03-26,R,0
AZ,6,2021-03-27,D1,8
AZ,6,2021-03-27,D2,3
AZ,6,2021-03-27,DU,0
AZ,6,2021-03-27,R,0
AZ,6,2021-03-28,D1,1
AZ,6,2021-03-28,D2,0
AZ,6,2021-03-28,DU,0
AZ,6,2021-03-28,R,0
AZ,6,2021-03-29,D1,10
AZ,6,2021-03-29,D2,3
AZ,6,2021-03-29,DU,0
AZ,6,2021-03-29,R,0
AZ,6,2021-03-30,D1,27
AZ,6,2021-03-30,D2,1
AZ,6,2021-03-30,DU,0
AZ,6,2021-03-30,R,0
AZ,6,2021-03-31,D1,46
AZ,6,2021-03-31,D2,0
AZ,6,2021-03-31,DU,0
AZ,6,2021-03-31,R,0
AZ,6,2021-04-01,D1,22
AZ,6,2021-04-01,D2,1
AZ,6,2021-04-01,DU,0
AZ,6,2021-04-01,R,0
AZ,6,2021-04-02,D1,6
AZ,6,2021-04-02,D2,0
AZ,6,2021-04-02,DU,0
AZ,6,2021-04-02,R,0
AZ,6,2021-04-03,D1,0
AZ,6,2021-04-03,D2,7
AZ,6,2021-04-03,DU,0
AZ,6,2021-04-03,R,0
AZ,6,2021-04-04,D1,0
AZ,6,2021-04-04,D2,1
AZ,6,2021-04-04,DU,0
AZ,6,2021-04-04,R,0
AZ,6,2021-04-05,D1,2615
AZ,6,2021-04-05,D2,1
AZ,6,2021-04-05,DU,0
AZ,6,2021-04-05,R,0
AZ,6,2021-04-06,D1,2785
AZ,6,2021-04-06,D2,1
AZ,6,2021-04-06,DU,0
AZ,6,2021-04-06,R,0
AZ,6,2021-04-07,D1,2281
AZ,6,2021-04-07,D2,0
AZ,6,2021-04-07,DU,0
AZ,6,2021-04-07,R,0
AZ,6,2021-04-08,D1,1950
AZ,6,2021-04-08,D2,1
AZ,6,2021-04-08,DU,0
AZ,6,2021-04-08,R,0
AZ,6,2021-04-09,D1,1412
AZ,6,2021-04-09,D2,0
AZ,6,2021-04-09,DU,0
AZ,6,2021-04-09,R,0
AZ,6,2021-04-10,D1,659
AZ,6,2021-04-10,D2,2
AZ,6,2021-04-10,DU,0
AZ,6,2021-04-10,R,0
AZ,6,2021-04-11,D1,206
AZ,6,2021-04-11,D2,0
AZ,6,2021-04-11,DU,0
AZ,6,2021-04-11,R,0
AZ,6,2021-04-12,D1,980
AZ,6,2021-04-12,D2,8
AZ,6,2021-04-12,DU,0
AZ,6,2021-04-12,R,0
AZ,6,2021-04-13,D1,455
AZ,6,2021-04-13,D2,6
AZ,6,2021-04-13,DU,0
AZ,6,2021-04-13,R,0
AZ,6,2021-04-14,D1,389
AZ,6,2021-04-14,D2,9
AZ,6,2021-04-14,DU,0
AZ,6,2021-04-14,R,0
AZ,6,2021-04-15,D1,167
AZ,6,2021-04-15,D2,17
AZ,6,2021-04-15,DU,0
AZ,6,2021-04-15,R,0
AZ,6,2021-04-16,D1,200
AZ,6,2021-04-16,D2,19
AZ,6,2021-04-16,DU,0
AZ,6,2021-04-16,R,0
AZ,6,2021-04-17,D1,107
AZ,6,2021-04-17,D2,1
AZ,6,2021-04-17,DU,0
AZ,6,2021-04-17,R,0
AZ,6,2021-04-18,D1,4
AZ,6,2021-04-18,D2,67
AZ,6,2021-04-18,DU,0
AZ,6,2021-04-18,R,0
AZ,6,2021-04-19,D1,679
AZ,6,2021-04-19,D2,145
AZ,6,2021-04-19,DU,0
AZ,6,2021-04-19,R,0
AZ,6,2021-04-20,D1,593
AZ,6,2021-04-20,D2,669
AZ,6,2021-04-20,DU,0
AZ,6,2021-04-20,R,0
AZ,6,2021-04-21,D1,277
AZ,6,2021-04-21,D2,554
AZ,6,2021-04-21,DU,0
AZ,6,2021-04-21,R,0
AZ,6,2021-04-22,D1,308
AZ,6,2021-04-22,D2,1852
AZ,6,2021-04-22,DU,0
AZ,6,2021-04-22,R,0
AZ,6,2021-04-23,D1,279
AZ,6,2021-04-23,D2,2015
AZ,6,2021-04-23,DU,0
AZ,6,2021-04-23,R,0
AZ,6,2021-04-24,D1,62
AZ,6,2021-04-24,D2,497
AZ,6,2021-04-24,DU,0
AZ,6,2021-04-24,R,0
AZ,6,2021-04-25,D1,6
AZ,6,2021-04-25,D2,108
AZ,6,2021-04-25,DU,0
AZ,6,2021-04-25,R,0
AZ,6,2021-04-26,D1,224
AZ,6,2021-04-26,D2,1619
AZ,6,2021-04-26,DU,0
AZ,6,2021-04-26,R,0
AZ,6,2021-04-27,D1,243
AZ,6,2021-04-27,D2,2061
AZ,6,2021-04-27,DU,0
AZ,6,2021-04-27,R,0
AZ,6,2021-04-28,D1,224
AZ,6,2021-04-28,D2,2347
AZ,6,2021-04-28,DU,0
AZ,6,2021-04-28,R,0
AZ,6,2021-04-29,D1,222
AZ,6,2021-04-29,D2,2376
AZ,6,2021-04-29,DU,0
AZ,6,2021-04-29,R,0
AZ,6,2021-04-30,D1,254
AZ,6,2021-04-30,D2,1430
AZ,6,2021-04-30,DU,0
AZ,6,2021-04-30,R,0
AZ,6,2021-05-01,D1,56
AZ,6,2021-05-01,D2,138
AZ,6,2021-05-01,DU,0
AZ,6,2021-05-01,R,0
AZ,6,2021-05-02,D1,4
AZ,6,2021-05-02,D2,9
AZ,6,2021-05-02,DU,0
AZ,6,2021-05-02,R,0
AZ,6,2021-05-03,D1,255
AZ,6,2021-05-03,D2,1972
AZ,6,2021-05-03,DU,0
AZ,6,2021-05-03,R,0
AZ,6,2021-05-04,D1,666
AZ,6,2021-05-04,D2,1455
AZ,6,2021-05-04,DU,0
AZ,6,2021-05-04,R,0
AZ,6,2021-05-05,D1,722
AZ,6,2021-05-05,D2,1270
AZ,6,2021-05-05,DU,0
AZ,6,2021-05-05,R,0
AZ,6,2021-05-06,D1,478
AZ,6,2021-05-06,D2,743
AZ,6,2021-05-06,DU,0
AZ,6,2021-05-06,R,0
AZ,6,2021-05-07,D1,890
AZ,6,2021-05-07,D2,568
AZ,6,2021-05-07,DU,0
AZ,6,2021-05-07,R,0
AZ,6,2021-05-08,D1,534
AZ,6,2021-05-08,D2,73
AZ,6,2021-05-08,DU,0
AZ,6,2021-05-08,R,0
AZ,6,2021-05-09,D1,33
AZ,6,2021-05-09,D2,6
AZ,6,2021-05-09,DU,0
AZ,6,2021-05-09,R,0
AZ,6,2021-05-10,D1,1746
AZ,6,2021-05-10,D2,500
AZ,6,2021-05-10,DU,0
AZ,6,2021-05-10,R,0
AZ,6,2021-05-11,D1,2001
AZ,6,2021-05-11,D2,363
AZ,6,2021-05-11,DU,0
AZ,6,2021-05-11,R,0
AZ,6,2021-05-12,D1,1158
AZ,6,2021-05-12,D2,313
AZ,6,2021-05-12,DU,0
AZ,6,2021-05-12,R,0
AZ,6,2021-05-13,D1,1192
AZ,6,2021-05-13,D2,188
AZ,6,2021-05-13,DU,0
AZ,6,2021-05-13,R,0
AZ,6,2021-05-14,D1,1114
AZ,6,2021-05-14,D2,200
AZ,6,2021-05-14,DU,0
AZ,6,2021-05-14,R,0
AZ,6,2021-05-15,D1,966
AZ,6,2021-05-15,D2,58
AZ,6,2021-05-15,DU,0
AZ,6,2021-05-15,R,0
AZ,6,2021-05-16,D1,4228
AZ,6,2021-05-16,D2,4
AZ,6,2021-05-16,DU,0
AZ,6,2021-05-16,R,0
AZ,6,2021-05-17,D1,1594
AZ,6,2021-05-17,D2,137
AZ,6,2021-05-17,DU,0
AZ,6,2021-05-17,R,0
AZ,6,2021-05-18,D1,3927
AZ,6,2021-05-18,D2,153
AZ,6,2021-05-18,DU,0
AZ,6,2021-05-18,R,0
AZ,6,2021-05-19,D1,3542
AZ,6,2021-05-19,D2,104
AZ,6,2021-05-19,DU,0
AZ,6,2021-05-19,R,0
AZ,6,2021-05-20,D1,12016
AZ,6,2021-05-20,D2,94
AZ,6,2021-05-20,DU,0
AZ,6,2021-05-20,R,0
AZ,6,2021-05-21,D1,20728
AZ,6,2021-05-21,D2,141
AZ,6,2021-05-21,DU,0
AZ,6,2021-05-21,R,0
AZ,6,2021-05-22,D1,7867
AZ,6,2021-05-22,D2,45
AZ,6,2021-05-22,DU,0
AZ,6,2021-05-22,R,0
AZ,6,2021-05-23,D1,1240
AZ,6,2021-05-23,D2,5
AZ,6,2021-05-23,DU,0
AZ,6,2021-05-23,R,0
AZ,6,2021-05-24,D1,13996
AZ,6,2021-05-24,D2,169
AZ,6,2021-05-24,DU,0
AZ,6,2021-05-24,R,0
AZ,6,2021-05-25,D1,9455
AZ,6,2021-05-25,D2,160
AZ,6,2021-05-25,DU,0
AZ,6,2021-05-25,R,0
AZ,6,2021-05-26,D1,9830
AZ,6,2021-05-26,D2,109
AZ,6,2021-05-26,DU,0
AZ,6,2021-05-26,R,0
AZ,6,2021-05-27,D1,10710
AZ,6,2021-05-27,D2,130
AZ,6,2021-05-27,DU,0
AZ,6,2021-05-27,R,0
AZ,6,2021-05-28,D1,23246
AZ,6,2021-05-28,D2,107
AZ,6,2021-05-28,DU,0
AZ,6,2021-05-28,R,1
AZ,6,2021-05-29,D1,10508
AZ,6,2021-05-29,D2,40
AZ,6,2021-05-29,DU,0
AZ,6,2021-05-29,R,0
AZ,6,2021-05-30,D1,1656
AZ,6,2021-05-30,D2,4
AZ,6,2021-05-30,DU,0
AZ,6,2021-05-30,R,0
AZ,6,2021-05-31,D1,17175
AZ,6,2021-05-31,D2,74
AZ,6,2021-05-31,DU,0
AZ,6,2021-05-31,R,1
AZ,6,2021-06-01,D1,15550
AZ,6,2021-06-01,D2,107
AZ,6,2021-06-01,DU,0
AZ,6,2021-06-01,R,0
AZ,6,2021-06-02,D1,13502
AZ,6,2021-06-02,D2,121
AZ,6,2021-06-02,DU,0
AZ,6,2021-06-02,R,0
AZ,6,2021-06-03,D1,4745
AZ,6,2021-06-03,D2,39
AZ,6,2021-06-03,DU,0
AZ,6,2021-06-03,R,0
AZ,6,2021-06-04,D1,7428
AZ,6,2021-06-04,D2,49
AZ,6,2021-06-04,DU,0
AZ,6,2021-06-04,R,0
AZ,6,2021-06-05,D1,3244
AZ,6,2021-06-05,D2,34
AZ,6,2021-06-05,DU,0
AZ,6,2021-06-05,R,0
AZ,6,2021-06-06,D1,343
AZ,6,2021-06-06,D2,2
AZ,6,2021-06-06,DU,0
AZ,6,2021-06-06,R,0
AZ,6,2021-06-07,D1,7687
AZ,6,2021-06-07,D2,108
AZ,6,2021-06-07,DU,0
AZ,6,2021-06-07,R,0
AZ,6,2021-06-08,D1,7536
AZ,6,2021-06-08,D2,85
AZ,6,2021-06-08,DU,0
AZ,6,2021-06-08,R,0
AZ,6,2021-06-09,D1,10593
AZ,6,2021-06-09,D2,62
AZ,6,2021-06-09,DU,0
AZ,6,2021-06-09,R,0
AZ,6,2021-06-10,D1,11018
AZ,6,2021-06-10,D2,61
AZ,6,2021-06-10,DU,0
AZ,6,2021-06-10,R,0
AZ,6,2021-06-11,D1,11566
AZ,6,2021-06-11,D2,52
AZ,6,2021-06-11,DU,0
AZ,6,2021-06-11,R,0
AZ,6,2021-06-12,D1,3765
AZ,6,2021-06-12,D2,18
AZ,6,2021-06-12,DU,0
AZ,6,2021-06-12,R,0
AZ,6,2021-06-13,D1,151
AZ,6,2021-06-13,D2,1
AZ,6,2021-06-13,DU,0
AZ,6,2021-06-13,R,0
AZ,6,2021-06-14,D1,6953
AZ,6,2021-06-14,D2,47
AZ,6,2021-06-14,DU,0
AZ,6,2021-06-14,R,0
AZ,6,2021-06-15,D1,6934
AZ,6,2021-06-15,D2,40
AZ,6,2021-06-15,DU,0
AZ,6,2021-06-15,R,0
AZ,6,2021-06-16,D1,6915
AZ,6,2021-06-16,D2,52
AZ,6,2021-06-16,DU,0
AZ,6,2021-06-16,R,0
AZ,6,2021-06-17,D1,10085
AZ,6,2021-06-17,D2,53
AZ,6,2021-06-17,DU,0
AZ,6,2021-06-17,R,0
AZ,6,2021-06-18,D1,9279
AZ,6,2021-06-18,D2,40
AZ,6,2021-06-18,DU,0
AZ,6,2021-06-18,R,0
AZ,6,2021-06-19,D1,14595
AZ,6,2021-06-19,D2,10
AZ,6,2021-06-19,DU,0
AZ,6,2021-06-19,R,1
AZ,6,2021-06-20,D1,1576
AZ,6,2021-06-20,D2,1
AZ,6,2021-06-20,DU,0
AZ,6,2021-06-20,R,0
AZ,6,2021-06-21,D1,18047
AZ,6,2021-06-21,D2,31
AZ,6,2021-06-21,DU,0
AZ,6,2021-06-21,R,1
AZ,6,2021-06-22,D1,20838
AZ,6,2021-06-22,D2,36
AZ,6,2021-06-22,DU,0
AZ,6,2021-06-22,R,1
AZ,6,2021-06-23,D1,23167
AZ,6,2021-06-23,D2,38
AZ,6,2021-06-23,DU,0
AZ,6,2021-06-23,R,0
AZ,6,2021-06-24,D1,27461
AZ,6,2021-06-24,D2,30
AZ,6,2021-06-24,DU,0
AZ,6,2021-06-24,R,1
AZ,6,2021-06-25,D1,22131
AZ,6,2021-06-25,D2,40
AZ,6,2021-06-25,DU,0
AZ,6,2021-06-25,R,0
AZ,6,2021-06-26,D1,15836
AZ,6,2021-06-26,D2,13
AZ,6,2021-06-26,DU,0
AZ,6,2021-06-26,R,0
AZ,6,2021-06-27,D1,141
AZ,6,2021-06-27,D2,15
AZ,6,2021-06-27,DU,0
AZ,6,2021-06-27,R,0
AZ,6,2021-06-28,D1,13778
AZ,6,2021-06-28,D2,2643
AZ,6,2021-06-28,DU,0
AZ,6,2021-06-28,R,0
AZ,6,2021-06-29,D1,42455
AZ,6,2021-06-29,D2,2993
AZ,6,2021-06-29,DU,0
AZ,6,2021-06-29,R,0
AZ,6,2021-06-30,D1,67861
AZ,6,2021-06-30,D2,2596
AZ,6,2021-06-30,DU,0
AZ,6,2021-06-30,R,0
AZ,6,2021-07-01,D1,47273
AZ,6,2021-07-01,D2,1968
AZ,6,2021-07-01,DU,0
AZ,6,2021-07-01,R,0
AZ,6,2021-07-02,D1,44593
AZ,6,2021-07-02,D2,1168
AZ,6,2021-07-02,DU,0
AZ,6,2021-07-02,R,0
AZ,6,2021-07-03,D1,14535
AZ,6,2021-07-03,D2,171
AZ,6,2021-07-03,DU,0
AZ,6,2021-07-03,R,0
AZ,6,2021-07-04,D1,479
AZ,6,2021-07-04,D2,37
AZ,6,2021-07-04,DU,0
AZ,6,2021-07-04,R,0
AZ,6,2021-07-05,D1,36290
AZ,6,2021-07-05,D2,676
AZ,6,2021-07-05,DU,0
AZ,6,2021-07-05,R,0
AZ,6,2021-07-06,D1,19336
AZ,6,2021-07-06,D2,213
AZ,6,2021-07-06,DU,0
AZ,6,2021-07-06,R,1
AZ,6,2021-07-07,D1,13957
AZ,6,2021-07-07,D2,178
AZ,6,2021-07-07,DU,0
AZ,6,2021-07-07,R,0
AZ,6,2021-07-08,D1,12534
AZ,6,2021-07-08,D2,180
AZ,6,2021-07-08,DU,0
AZ,6,2021-07-08,R,0
AZ,6,2021-07-09,D1,11246
AZ,6,2021-07-09,D2,81
AZ,6,2021-07-09,DU,0
AZ,6,2021-07-09,R,0
AZ,6,2021-07-10,D1,3250
AZ,6,2021-07-10,D2,74
AZ,6,2021-07-10,DU,0
AZ,6,2021-07-10,R,0
AZ,6,2021-07-11,D1,54
AZ,6,2021-07-11,D2,1
AZ,6,2021-07-11,DU,0
AZ,6,2021-07-11,R,0
AZ,6,2021-07-12,D1,8271
AZ,6,2021-07-12,D2,470
AZ,6,2021-07-12,DU,0
AZ,6,2021-07-12,R,0
AZ,6,2021-07-13,D1,5515
AZ,6,2021-07-13,D2,404
AZ,6,2021-07-13,DU,0
AZ,6,2021-07-13,R,0
AZ,6,2021-07-14,D1,3159
AZ,6,2021-07-14,D2,361
AZ,6,2021-07-14,DU,0
AZ,6,2021-07-14,R,0
AZ,6,2021-07-15,D1,2297
AZ,6,2021-07-15,D2,297
AZ,6,2021-07-15,DU,0
AZ,6,2021-07-15,R,0
AZ,6,2021-07-16,D1,1417
AZ,6,2021-07-16,D2,306
AZ,6,2021-07-16,DU,0
AZ,6,2021-07-16,R,0
AZ,6,2021-07-17,D1,1290
AZ,6,2021-07-17,D2,127
AZ,6,2021-07-17,DU,0
AZ,6,2021-07-17,R,0
AZ,6,2021-07-18,D1,157
AZ,6,2021-07-18,D2,1
AZ,6,2021-07-18,DU,0
AZ,6,2021-07-18,R,0
AZ,6,2021-07-19,D1,768
AZ,6,2021-07-19,D2,422
AZ,6,2021-07-19,DU,0
AZ,6,2021-07-19,R,0
AZ,6,2021-07-20,D1,627
AZ,6,2021-07-20,D2,312
AZ,6,2021-07-20,DU,0
AZ,6,2021-07-20,R,0
AZ,6,2021-07-21,D1,534
AZ,6,2021-07-21,D2,278
AZ,6,2021-07-21,DU,0
AZ,6,2021-07-21,R,0
AZ,6,2021-07-22,D1,1127
AZ,6,2021-07-22,D2,277
AZ,6,2021-07-22,DU,0
AZ,6,2021-07-22,R,0
AZ,6,2021-07-23,D1,2052
AZ,6,2021-07-23,D2,325
AZ,6,2021-07-23,DU,0
AZ,6,2021-07-23,R,0
AZ,6,2021-07-24,D1,1344
AZ,6,2021-07-24,D2,152
AZ,6,2021-07-24,DU,0
AZ,6,2021-07-24,R,0
AZ,6,2021-07-25,D1,51
AZ,6,2021-07-25,D2,81
AZ,6,2021-07-25,DU,0
AZ,6,2021-07-25,R,0
AZ,6,2021-07-26,D1,2255
AZ,6,2021-07-26,D2,297
AZ,6,2021-07-26,DU,0
AZ,6,2021-07-26,R,0
AZ,6,2021-07-27,D1,1534
AZ,6,2021-07-27,D2,899
AZ,6,2021-07-27,DU,0
AZ,6,2021-07-27,R,0
AZ,6,2021-07-28,D1,1186
AZ,6,2021-07-28,D2,647
AZ,6,2021-07-28,DU,0
AZ,6,2021-07-28,R,0
AZ,6,2021-07-29,D1,689
AZ,6,2021-07-29,D2,360
AZ,6,2021-07-29,DU,0
AZ,6,2021-07-29,R,0
AZ,6,2021-07-30,D1,789
AZ,6,2021-07-30,D2,529
AZ,6,2021-07-30,DU,0
AZ,6,2021-07-30,R,1
AZ,6,2021-07-31,D1,629
AZ,6,2021-07-31,D2,365
AZ,6,2021-07-31,DU,0
AZ,6,2021-07-31,R,0
AZ,6,2021-08-01,D1,23
AZ,6,2021-08-01,D2,25
AZ,6,2021-08-01,DU,0
AZ,6,2021-08-01,R,0
AZ,6,2021-08-02,D1,631
AZ,6,2021-08-02,D2,1157
AZ,6,2021-08-02,DU,0
AZ,6,2021-08-02,R,0
AZ,6,2021-08-03,D1,772
AZ,6,2021-08-03,D2,2029
AZ,6,2021-08-03,DU,0
AZ,6,2021-08-03,R,0
AZ,6,2021-08-04,D1,310
AZ,6,2021-08-04,D2,1383
AZ,6,2021-08-04,DU,0
AZ,6,2021-08-04,R,0
AZ,6,2021-08-05,D1,437
AZ,6,2021-08-05,D2,1495
AZ,6,2021-08-05,DU,0
AZ,6,2021-08-05,R,0
AZ,6,2021-08-06,D1,420
AZ,6,2021-08-06,D2,1618
AZ,6,2021-08-06,DU,0
AZ,6,2021-08-06,R,1
AZ,6,2021-08-07,D1,366
AZ,6,2021-08-07,D2,1456
AZ,6,2021-08-07,DU,0
AZ,6,2021-08-07,R,0
AZ,6,2021-08-08,D1,11
AZ,6,2021-08-08,D2,3868
AZ,6,2021-08-08,DU,0
AZ,6,2021-08-08,R,0
AZ,6,2021-08-09,D1,455
AZ,6,2021-08-09,D2,2538
AZ,6,2021-08-09,DU,0
AZ,6,2021-08-09,R,0
AZ,6,2021-08-10,D1,307
AZ,6,2021-08-10,D2,4255
AZ,6,2021-08-10,DU,0
AZ,6,2021-08-10,R,0
AZ,6,2021-08-11,D1,210
AZ,6,2021-08-11,D2,4207
AZ,6,2021-08-11,DU,0
AZ,6,2021-08-11,R,0
AZ,6,2021-08-12,D1,338
AZ,6,2021-08-12,D2,9733
AZ,6,2021-08-12,DU,0
AZ,6,2021-08-12,R,4
AZ,6,2021-08-13,D1,437
AZ,6,2021-08-13,D2,12322
AZ,6,2021-08-13,DU,0
AZ,6,2021-08-13,R,0
AZ,6,2021-08-14,D1,296
AZ,6,2021-08-14,D2,8937
AZ,6,2021-08-14,DU,0
AZ,6,2021-08-14,R,0
AZ,6,2021-08-15,D1,47
AZ,6,2021-08-15,D2,2097
AZ,6,2021-08-15,DU,0
AZ,6,2021-08-15,R,0
AZ,6,2021-08-16,D1,538
AZ,6,2021-08-16,D2,11701
AZ,6,2021-08-16,DU,0
AZ,6,2021-08-16,R,1
AZ,6,2021-08-17,D1,592
AZ,6,2021-08-17,D2,8386
AZ,6,2021-08-17,DU,0
AZ,6,2021-08-17,R,0
AZ,6,2021-08-18,D1,729
AZ,6,2021-08-18,D2,8857
AZ,6,2021-08-18,DU,0
AZ,6,2021-08-18,R,0
AZ,6,2021-08-19,D1,379
AZ,6,2021-08-19,D2,10105
AZ,6,2021-08-19,DU,0
AZ,6,2021-08-19,R,2
AZ,6,2021-08-20,D1,544
AZ,6,2021-08-20,D2,16937
AZ,6,2021-08-20,DU,0
AZ,6,2021-08-20,R,1
AZ,6,2021-08-21,D1,283
AZ,6,2021-08-21,D2,6708
AZ,6,2021-08-21,DU,0
AZ,6,2021-08-21,R,0
AZ,6,2021-08-22,D1,28
AZ,6,2021-08-22,D2,592
AZ,6,2021-08-22,DU,0
AZ,6,2021-08-22,R,0
AZ,6,2021-08-23,D1,258
AZ,6,2021-08-23,D2,16161
AZ,6,2021-08-23,DU,0
AZ,6,2021-08-23,R,2
AZ,6,2021-08-24,D1,343
AZ,6,2021-08-24,D2,12204
AZ,6,2021-08-24,DU,0
AZ,6,2021-08-24,R,1
AZ,6,2021-08-25,D1,513
AZ,6,2021-08-25,D2,12406
AZ,6,2021-08-25,DU,0
AZ,6,2021-08-25,R,0
AZ,6,2021-08-26,D1,445
AZ,6,2021-08-26,D2,8241
AZ,6,2021-08-26,DU,0
AZ,6,2021-08-26,R,1
AZ,6,2021-08-27,D1,315
AZ,6,2021-08-27,D2,8467
AZ,6,2021-08-27,DU,0
AZ,6,2021-08-27,R,0
AZ,6,2021-08-28,D1,156
AZ,6,2021-08-28,D2,5569
AZ,6,2021-08-28,DU,0
AZ,6,2021-08-28,R,0
AZ,6,2021-08-29,D1,9
AZ,6,2021-08-29,D2,242
AZ,6,2021-08-29,DU,0
AZ,6,2021-08-29,R,0
AZ,6,2021-08-30,D1,219
AZ,6,2021-08-30,D2,8892
AZ,6,2021-08-30,DU,0
AZ,6,2021-08-30,R,0
AZ,6,2021-08-31,D1,207
AZ,6,2021-08-31,D2,8118
AZ,6,2021-08-31,DU,0
AZ,6,2021-08-31,R,0
AZ,6,2021-09-01,D1,190
AZ,6,2021-09-01,D2,9625
AZ,6,2021-09-01,DU,0
AZ,6,2021-09-01,R,3
AZ,6,2021-09-02,D1,189
AZ,6,2021-09-02,D2,9714
AZ,6,2021-09-02,DU,0
AZ,6,2021-09-02,R,0
AZ,6,2021-09-03,D1,179
AZ,6,2021-09-03,D2,10438
AZ,6,2021-09-03,DU,0
AZ,6,2021-09-03,R,0
AZ,6,2021-09-04,D1,297
AZ,6,2021-09-04,D2,3617
AZ,6,2021-09-04,DU,0
AZ,6,2021-09-04,R,0
AZ,6,2021-09-05,D1,5
AZ,6,2021-09-05,D2,237
AZ,6,2021-09-05,DU,0
AZ,6,2021-09-05,R,0
AZ,6,2021-09-06,D1,62
AZ,6,2021-09-06,D2,2828
AZ,6,2021-09-06,DU,0
AZ,6,2021-09-06,R,0
AZ,6,2021-09-07,D1,12
AZ,6,2021-09-07,D2,946
AZ,6,2021-09-07,DU,0
AZ,6,2021-09-07,R,0
AZ,6,2021-09-08,D1,109
AZ,6,2021-09-08,D2,8232
AZ,6,2021-09-08,DU,0
AZ,6,2021-09-08,R,0
AZ,6,2021-09-09,D1,111
AZ,6,2021-09-09,D2,8272
AZ,6,2021-09-09,DU,0
AZ,6,2021-09-09,R,1
AZ,6,2021-09-10,D1,92
AZ,6,2021-09-10,D2,8436
AZ,6,2021-09-10,DU,0
AZ,6,2021-09-10,R,0
AZ,6,2021-09-11,D1,30
AZ,6,2021-09-11,D2,6762
AZ,6,2021-09-11,DU,0
AZ,6,2021-09-11,R,0
AZ,6,2021-09-12,D1,1
AZ,6,2021-09-12,D2,146
AZ,6,2021-09-12,DU,0
AZ,6,2021-09-12,R,0
AZ,6,2021-09-13,D1,80
AZ,6,2021-09-13,D2,10179
AZ,6,2021-09-13,DU,0
AZ,6,2021-09-13,R,1
AZ,6,2021-09-14,D1,64
AZ,6,2021-09-14,D2,9777
AZ,6,2021-09-14,DU,0
AZ,6,2021-09-14,R,0
AZ,6,2021-09-15,D1,50
AZ,6,2021-09-15,D2,11481
AZ,6,2021-09-15,DU,0
AZ,6,2021-09-15,R,1
AZ,6,2021-09-16,D1,88
AZ,6,2021-09-16,D2,13153
AZ,6,2021-09-16,DU,0
AZ,6,2021-09-16,R,0
AZ,6,2021-09-17,D1,73
AZ,6,2021-09-17,D2,12824
AZ,6,2021-09-17,DU,0
AZ,6,2021-09-17,R,1
AZ,6,2021-09-18,D1,41
AZ,6,2021-09-18,D2,7856
AZ,6,2021-09-18,DU,0
AZ,6,2021-09-18,R,0
AZ,6,2021-09-19,D1,5
AZ,6,2021-09-19,D2,934
AZ,6,2021-09-19,DU,0
AZ,6,2021-09-19,R,0
AZ,6,2021-09-20,D1,52
AZ,6,2021-09-20,D2,14510
AZ,6,2021-09-20,DU,0
AZ,6,2021-09-20,R,4
AZ,6,2021-09-21,D1,105
AZ,6,2021-09-21,D2,26280
AZ,6,2021-09-21,DU,0
AZ,6,2021-09-21,R,0
AZ,6,2021-09-22,D1,95
AZ,6,2021-09-22,D2,23749
AZ,6,2021-09-22,DU,0
AZ,6,2021-09-22,R,3
AZ,6,2021-09-23,D1,86
AZ,6,2021-09-23,D2,33362
AZ,6,2021-09-23,DU,0
AZ,6,2021-09-23,R,3
AZ,6,2021-09-24,D1,80
AZ,6,2021-09-24,D2,27735
AZ,6,2021-09-24,DU,0
AZ,6,2021-09-24,R,4
AZ,6,2021-09-25,D1,24
AZ,6,2021-09-25,D2,7113
AZ,6,2021-09-25,DU,0
AZ,6,2021-09-25,R,0
AZ,6,2021-09-26,D1,2
AZ,6,2021-09-26,D2,417
AZ,6,2021-09-26,DU,0
AZ,6,2021-09-26,R,0
AZ,6,2021-09-27,D1,38
AZ,6,2021-09-27,D2,17431
AZ,6,2021-09-27,DU,0
AZ,6,2021-09-27,R,1
AZ,6,2021-09-28,D1,31
AZ,6,2021-09-28,D2,10169
AZ,6,2021-09-28,DU,0
AZ,6,2021-09-28,R,2
AZ,6,2021-09-29,D1,29
AZ,6,2021-09-29,D2,9738
AZ,6,2021-09-29,DU,0
AZ,6,2021-09-29,R,16
AZ,6,2021-09-30,D1,34
AZ,6,2021-09-30,D2,13714
AZ,6,2021-09-30,DU,0
AZ,6,2021-09-30,R,21
AZ,6,2021-10-01,D1,42
AZ,6,2021-10-01,D2,11081
AZ,6,2021-10-01,DU,0
AZ,6,2021-10-01,R,24
AZ,6,2021-10-02,D1,16
AZ,6,2021-10-02,D2,8432
AZ,6,2021-10-02,DU,0
AZ,6,2021-10-02,R,13
AZ,6,2021-10-03,D1,0
AZ,6,2021-10-03,D2,171
AZ,6,2021-10-03,DU,0
AZ,6,2021-10-03,R,0
AZ,6,2021-10-04,D1,27
AZ,6,2021-10-04,D2,6215
AZ,6,2021-10-04,DU,0
AZ,6,2021-10-04,R,14
AZ,6,2021-10-05,D1,26
AZ,6,2021-10-05,D2,5380
AZ,6,2021-10-05,DU,0
AZ,6,2021-10-05,R,4
AZ,6,2021-10-06,D1,26
AZ,6,2021-10-06,D2,7159
AZ,6,2021-10-06,DU,0
AZ,6,2021-10-06,R,19
AZ,6,2021-10-07,D1,24
AZ,6,2021-10-07,D2,5809
AZ,6,2021-10-07,DU,0
AZ,6,2021-10-07,R,5
AZ,6,2021-10-08,D1,33
AZ,6,2021-10-08,D2,6899
AZ,6,2021-10-08,DU,0
AZ,6,2021-10-08,R,21
AZ,6,2021-10-09,D1,5
AZ,6,2021-10-09,D2,1640
AZ,6,2021-10-09,DU,0
AZ,6,2021-10-09,R,0
AZ,6,2021-10-10,D1,4
AZ,6,2021-10-10,D2,71
AZ,6,2021-10-10,DU,0
AZ,6,2021-10-10,R,0
AZ,6,2021-10-11,D1,3
AZ,6,2021-10-11,D2,906
AZ,6,2021-10-11,DU,0
AZ,6,2021-10-11,R,0
AZ,6,2021-10-12,D1,0
AZ,6,2021-10-12,D2,259
AZ,6,2021-10-12,DU,0
AZ,6,2021-10-12,R,1
AZ,6,2021-10-13,D1,17
AZ,6,2021-10-13,D2,5006
AZ,6,2021-10-13,DU,0
AZ,6,2021-10-13,R,8
AZ,6,2021-10-14,D1,25
AZ,6,2021-10-14,D2,3925
AZ,6,2021-10-14,DU,0
AZ,6,2021-10-14,R,11
AZ,6,2021-10-15,D1,19
AZ,6,2021-10-15,D2,3402
AZ,6,2021-10-15,DU,0
AZ,6,2021-10-15,R,19
AZ,6,2021-10-16,D1,29
AZ,6,2021-10-16,D2,2824
AZ,6,2021-10-16,DU,0
AZ,6,2021-10-16,R,3
AZ,6,2021-10-17,D1,2
AZ,6,2021-10-17,D2,36
AZ,6,2021-10-17,DU,0
AZ,6,2021-10-17,R,0
AZ,6,2021-10-18,D1,17
AZ,6,2021-10-18,D2,3325
AZ,6,2021-10-18,DU,0
AZ,6,2021-10-18,R,6
AZ,6,2021-10-19,D1,17
AZ,6,2021-10-19,D2,2555
AZ,6,2021-10-19,DU,0
AZ,6,2021-10-19,R,5
AZ,6,2021-10-20,D1,15
AZ,6,2021-10-20,D2,2249
AZ,6,2021-10-20,DU,0
AZ,6,2021-10-20,R,4
AZ,6,2021-10-21,D1,10
AZ,6,2021-10-21,D2,1591
AZ,6,2021-10-21,DU,0
AZ,6,2021-10-21,R,2
AZ,6,2021-10-22,D1,15
AZ,6,2021-10-22,D2,1448
AZ,6,2021-10-22,DU,0
AZ,6,2021-10-22,R,5
AZ,6,2021-10-23,D1,5
AZ,6,2021-10-23,D2,608
AZ,6,2021-10-23,DU,0
AZ,6,2021-10-23,R,1
AZ,6,2021-10-24,D1,1
AZ,6,2021-10-24,D2,20
AZ,6,2021-10-24,DU,0
AZ,6,2021-10-24,R,1
AZ,6,2021-10-25,D1,11
AZ,6,2021-10-25,D2,1121
AZ,6,2021-10-25,DU,0
AZ,6,2021-10-25,R,4
AZ,6,2021-10-26,D1,6
AZ,6,2021-10-26,D2,1471
AZ,6,2021-10-26,DU,0
AZ,6,2021-10-26,R,5
AZ,6,2021-10-27,D1,13
AZ,6,2021-10-27,D2,1275
AZ,6,2021-10-27,DU,0
AZ,6,2021-10-27,R,7
AZ,6,2021-10-28,D1,21
AZ,6,2021-10-28,D2,1435
AZ,6,2021-10-28,DU,0
AZ,6,2021-10-28,R,6
AZ,6,2021-10-29,D1,2
AZ,6,2021-10-29,D2,821
AZ,6,2021-10-29,DU,0
AZ,6,2021-10-29,R,4
AZ,6,2021-10-30,D1,23
AZ,6,2021-10-30,D2,323
AZ,6,2021-10-30,DU,0
AZ,6,2021-10-30,R,0
AZ,6,2021-10-31,D1,0
AZ,6,2021-10-31,D2,23
AZ,6,2021-10-31,DU,0
AZ,6,2021-10-31,R,0
AZ,6,2021-11-01,D1,3
AZ,6,2021-11-01,D2,197
AZ,6,2021-11-01,DU,0
AZ,6,2021-11-01,R,0
AZ,6,2021-11-02,D1,0
AZ,6,2021-11-02,D2,99
AZ,6,2021-11-02,DU,0
AZ,6,2021-11-02,R,0
AZ,6,2021-11-03,D1,10
AZ,6,2021-11-03,D2,1373
AZ,6,2021-11-03,DU,0
AZ,6,2021-11-03,R,8
AZ,6,2021-11-04,D1,13
AZ,6,2021-11-04,D2,1185
AZ,6,2021-11-04,DU,0
AZ,6,2021-11-04,R,6
AZ,6,2021-11-05,D1,12
AZ,6,2021-11-05,D2,1124
AZ,6,2021-11-05,DU,0
AZ,6,2021-11-05,R,13
AZ,6,2021-11-06,D1,4
AZ,6,2021-11-06,D2,447
AZ,6,2021-11-06,DU,0
AZ,6,2021-11-06,R,1
AZ,6,2021-11-07,D1,0
AZ,6,2021-11-07,D2,16
AZ,6,2021-11-07,DU,0
AZ,6,2021-11-07,R,0
AZ,6,2021-11-08,D1,13
AZ,6,2021-11-08,D2,1031
AZ,6,2021-11-08,DU,0
AZ,6,2021-11-08,R,9
AZ,6,2021-11-09,D1,20
AZ,6,2021-11-09,D2,1037
AZ,6,2021-11-09,DU,0
AZ,6,2021-11-09,R,7
AZ,6,2021-11-10,D1,11
AZ,6,2021-11-10,D2,835
AZ,6,2021-11-10,DU,0
AZ,6,2021-11-10,R,8
AZ,6,2021-11-11,D1,22
AZ,6,2021-11-11,D2,850
AZ,6,2021-11-11,DU,0
AZ,6,2021-11-11,R,30
AZ,6,2021-11-12,D1,13
AZ,6,2021-11-12,D2,845
AZ,6,2021-11-12,DU,0
AZ,6,2021-11-12,R,38
AZ,6,2021-11-13,D1,4
AZ,6,2021-11-13,D2,412
AZ,6,2021-11-13,DU,0
AZ,6,2021-11-13,R,4
AZ,6,2021-11-14,D1,1
AZ,6,2021-11-14,D2,21
AZ,6,2021-11-14,DU,0
AZ,6,2021-11-14,R,0
AZ,6,2021-11-15,D1,2
AZ,6,2021-11-15,D2,65
AZ,6,2021-11-15,DU,0
AZ,6,2021-11-15,R,2
AZ,6,2021-11-16,D1,11
AZ,6,2021-11-16,D2,607
AZ,6,2021-11-16,DU,0
AZ,6,2021-11-16,R,42
AZ,6,2021-11-17,D1,5
AZ,6,2021-11-17,D2,700
AZ,6,2021-11-17,DU,0
AZ,6,2021-11-17,R,43
AZ,6,2021-11-18,D1,9
AZ,6,2021-11-18,D2,17
AZ,6,2021-11-18,DU,0
AZ,6,2021-11-18,R,38
AZ,6,2021-11-19,D1,0
AZ,6,2021-11-19,D2,5
AZ,6,2021-11-19,DU,0
AZ,6,2021-11-19,R,0
AZ,6,2021-11-20,D1,8
AZ,6,2021-11-20,D2,15
AZ,6,2021-11-20,DU,0
AZ,6,2021-11-20,R,9
AZ,6,2021-11-21,D1,0
AZ,6,2021-11-21,D2,0
AZ,6,2021-11-21,DU,0
AZ,6,2021-11-21,R,1
AZ,6,2021-11-22,D1,1
AZ,6,2021-11-22,D2,6
AZ,6,2021-11-22,DU,0
AZ,6,2021-11-22,R,0
AZ,6,2021-11-23,D1,2
AZ,6,2021-11-23,D2,688
AZ,6,2021-11-23,DU,0
AZ,6,2021-11-23,R,3
AZ,6,2021-11-24,D1,0
AZ,6,2021-11-24,D2,23
AZ,6,2021-11-24,DU,0
AZ,6,2021-11-24,R,12
AZ,6,2021-11-25,D1,1
AZ,6,2021-11-25,D2,9
AZ,6,2021-11-25,DU,0
AZ,6,2021-11-25,R,0
AZ,6,2021-11-26,D1,0
AZ,6,2021-11-26,D2,458
AZ,6,2021-11-26,DU,0
AZ,6,2021-11-26,R,0
AZ,6,2021-11-29,D1,0
AZ,6,2021-11-29,D2,2
AZ,6,2021-11-29,DU,0
AZ,6,2021-11-29,R,1
AZ,6,2021-11-30,D1,0
AZ,6,2021-11-30,D2,5
AZ,6,2021-11-30,DU,0
AZ,6,2021-11-30,R,0
AZ,6,2021-12-01,D1,0
AZ,6,2021-12-01,D2,2
AZ,6,2021-12-01,DU,0
AZ,6,2021-12-01,R,0
AZ,6,2021-12-02,D1,0
AZ,6,2021-12-02,D2,478
AZ,6,2021-12-02,DU,0
AZ,6,2021-12-02,R,1
AZ,6,2021-12-03,D1,0
AZ,6,2021-12-03,D2,12
AZ,6,2021-12-03,DU,0
AZ,6,2021-12-03,R,0
AZ,6,2021-12-04,D1,6
AZ,6,2021-12-04,D2,0
AZ,6,2021-12-04,DU,0
AZ,6,2021-12-04,R,124
AZ,6,2021-12-05,D1,0
AZ,6,2021-12-05,D2,15
AZ,6,2021-12-05,DU,0
AZ,6,2021-12-05,R,3
AZ,6,2021-12-06,D1,0
AZ,6,2021-12-06,D2,5
AZ,6,2021-12-06,DU,0
AZ,6,2021-12-06,R,1
AZ,6,2021-12-07,D1,21
AZ,6,2021-12-07,D2,45
AZ,6,2021-12-07,DU,0
AZ,6,2021-12-07,R,634
AZ,6,2021-12-08,D1,0
AZ,6,2021-12-08,D2,2
AZ,6,2021-12-08,DU,0
AZ,6,2021-12-08,R,3
AZ,6,2021-12-09,D1,0
AZ,6,2021-12-09,D2,1
AZ,6,2021-12-09,DU,0
AZ,6,2021-12-09,R,0
AZ,6,2021-12-11,D1,0
AZ,6,2021-12-11,D2,0
AZ,6,2021-12-11,DU,0
AZ,6,2021-12-11,R,4
AZ,6,2021-12-13,D1,0
AZ,6,2021-12-13,D2,1
AZ,6,2021-12-13,DU,0
AZ,6,2021-12-13,R,1
AZ,6,2021-12-14,D1,17
AZ,6,2021-12-14,D2,17
AZ,6,2021-12-14,DU,0
AZ,6,2021-12-14,R,416
AZ,6,2021-12-15,D1,0
AZ,6,2021-12-15,D2,0
AZ,6,2021-12-15,DU,0
AZ,6,2021-12-15,R,2
AZ,6,2021-12-16,D1,0
AZ,6,2021-12-16,D2,2
AZ,6,2021-12-16,DU,0
AZ,6,2021-12-16,R,3
AZ,6,2021-12-17,D1,8
AZ,6,2021-12-17,D2,142
AZ,6,2021-12-17,DU,0
AZ,6,2021-12-17,R,305
AZ,6,2021-12-19,D1,0
AZ,6,2021-12-19,D2,4
AZ,6,2021-12-19,DU,0
AZ,6,2021-12-19,R,19
AZ,6,2021-12-20,D1,3
AZ,6,2021-12-20,D2,52
AZ,6,2021-12-20,DU,0
AZ,6,2021-12-20,R,131
AZ,6,2021-12-21,D1,0
AZ,6,2021-12-21,D2,2
AZ,6,2021-12-21,DU,0
AZ,6,2021-12-21,R,3
AZ,6,2021-12-22,D1,1
AZ,6,2021-12-22,D2,3
AZ,6,2021-12-22,DU,0
AZ,6,2021-12-22,R,6
AZ,6,2021-12-23,D1,4
AZ,6,2021-12-23,D2,33
AZ,6,2021-12-23,DU,0
AZ,6,2021-12-23,R,122
AZ,6,2021-12-26,D1,0
AZ,6,2021-12-26,D2,2
AZ,6,2021-12-26,DU,0
AZ,6,2021-12-26,R,1
AZ,6,2021-12-27,D1,9
AZ,6,2021-12-27,D2,165
AZ,6,2021-12-27,DU,0
AZ,6,2021-12-27,R,399
AZ,6,2021-12-28,D1,8
AZ,6,2021-12-28,D2,174
AZ,6,2021-12-28,DU,0
AZ,6,2021-12-28,R,524
AZ,6,2021-12-29,D1,0
AZ,6,2021-12-29,D2,3
AZ,6,2021-12-29,DU,0
AZ,6,2021-12-29,R,1
AZ,6,2021-12-30,D1,0
AZ,6,2021-12-30,D2,0
AZ,6,2021-12-30,DU,0
AZ,6,2021-12-30,R,1
AZ,6,2022-01-03,D1,5
AZ,6,2022-01-03,D2,69
AZ,6,2022-01-03,DU,0
AZ,6,2022-01-03,R,231
AZ,6,2022-01-04,D1,3
AZ,6,2022-01-04,D2,180
AZ,6,2022-01-04,DU,0
AZ,6,2022-01-04,R,725
AZ,6,2022-01-05,D1,0
AZ,6,2022-01-05,D2,6
AZ,6,2022-01-05,DU,0
AZ,6,2022-01-05,R,4
AZ,6,2022-01-06,D1,0
AZ,6,2022-01-06,D2,1
AZ,6,2022-01-06,DU,0
AZ,6,2022-01-06,R,0
AZ,6,2022-01-07,D1,0
AZ,6,2022-01-07,D2,4
AZ,6,2022-01-07,DU,0
AZ,6,2022-01-07,R,1
AZ,6,2022-01-08,D1,0
AZ,6,2022-01-08,D2,2
AZ,6,2022-01-08,DU,0
AZ,6,2022-01-08,R,17
AZ,6,2022-01-10,D1,18
AZ,6,2022-01-10,D2,137
AZ,6,2022-01-10,DU,0
AZ,6,2022-01-10,R,945
AZ,6,2022-01-11,D1,15
AZ,6,2022-01-11,D2,148
AZ,6,2022-01-11,DU,0
AZ,6,2022-01-11,R,1002
AZ,6,2022-01-12,D1,0
AZ,6,2022-01-12,D2,2
AZ,6,2022-01-12,DU,0
AZ,6,2022-01-12,R,5
AZ,6,2022-01-13,D1,7
AZ,6,2022-01-13,D2,157
AZ,6,2022-01-13,DU,0
AZ,6,2022-01-13,R,732
AZ,6,2022-01-14,D1,0
AZ,6,2022-01-14,D2,2
AZ,6,2022-01-14,DU,0
AZ,6,2022-01-14,R,44
AZ,7,2021-01-18,D1,1
AZ,7,2021-01-18,D2,0
AZ,7,2021-01-18,DU,0
AZ,7,2021-01-18,R,0
AZ,7,2021-01-19,D1,2
AZ,7,2021-01-19,D2,0
AZ,7,2021-01-19,DU,0
AZ,7,2021-01-19,R,0
AZ,7,2021-01-20,D1,5
AZ,7,2021-01-20,D2,0
AZ,7,2021-01-20,DU,0
AZ,7,2021-01-20,R,0
AZ,7,2021-01-21,D1,59
AZ,7,2021-01-21,D2,0
AZ,7,2021-01-21,DU,0
AZ,7,2021-01-21,R,0
AZ,7,2021-01-22,D1,28
AZ,7,2021-01-22,D2,1
AZ,7,2021-01-22,DU,0
AZ,7,2021-01-22,R,0
AZ,7,2021-01-25,D1,15
AZ,7,2021-01-25,D2,0
AZ,7,2021-01-25,DU,0
AZ,7,2021-01-25,R,0
AZ,7,2021-01-26,D1,86
AZ,7,2021-01-26,D2,0
AZ,7,2021-01-26,DU,0
AZ,7,2021-01-26,R,0
AZ,7,2021-01-27,D1,976
AZ,7,2021-01-27,D2,0
AZ,7,2021-01-27,DU,0
AZ,7,2021-01-27,R,0
AZ,7,2021-01-28,D1,2051
AZ,7,2021-01-28,D2,0
AZ,7,2021-01-28,DU,0
AZ,7,2021-01-28,R,0
AZ,7,2021-01-29,D1,1800
AZ,7,2021-01-29,D2,0
AZ,7,2021-01-29,DU,0
AZ,7,2021-01-29,R,0
AZ,7,2021-01-30,D1,468
AZ,7,2021-01-30,D2,0
AZ,7,2021-01-30,DU,0
AZ,7,2021-01-30,R,0
AZ,7,2021-01-31,D1,110
AZ,7,2021-01-31,D2,0
AZ,7,2021-01-31,DU,0
AZ,7,2021-01-31,R,0
AZ,7,2021-02-01,D1,1223
AZ,7,2021-02-01,D2,0
AZ,7,2021-02-01,DU,0
AZ,7,2021-02-01,R,0
AZ,7,2021-02-02,D1,1685
AZ,7,2021-02-02,D2,0
AZ,7,2021-02-02,DU,0
AZ,7,2021-02-02,R,0
AZ,7,2021-02-03,D1,1736
AZ,7,2021-02-03,D2,1
AZ,7,2021-02-03,DU,0
AZ,7,2021-02-03,R,0
AZ,7,2021-02-04,D1,1947
AZ,7,2021-02-04,D2,0
AZ,7,2021-02-04,DU,0
AZ,7,2021-02-04,R,0
AZ,7,2021-02-05,D1,1319
AZ,7,2021-02-05,D2,0
AZ,7,2021-02-05,DU,0
AZ,7,2021-02-05,R,0
AZ,7,2021-02-06,D1,252
AZ,7,2021-02-06,D2,0
AZ,7,2021-02-06,DU,0
AZ,7,2021-02-06,R,0
AZ,7,2021-02-07,D1,70
AZ,7,2021-02-07,D2,0
AZ,7,2021-02-07,DU,0
AZ,7,2021-02-07,R,0
AZ,7,2021-02-08,D1,566
AZ,7,2021-02-08,D2,0
AZ,7,2021-02-08,DU,0
AZ,7,2021-02-08,R,0
AZ,7,2021-02-09,D1,370
AZ,7,2021-02-09,D2,0
AZ,7,2021-02-09,DU,0
AZ,7,2021-02-09,R,0
AZ,7,2021-02-10,D1,367
AZ,7,2021-02-10,D2,0
AZ,7,2021-02-10,DU,0
AZ,7,2021-02-10,R,0
AZ,7,2021-02-11,D1,367
AZ,7,2021-02-11,D2,1
AZ,7,2021-02-11,DU,0
AZ,7,2021-02-11,R,0
AZ,7,2021-02-12,D1,231
AZ,7,2021-02-12,D2,0
AZ,7,2021-02-12,DU,0
AZ,7,2021-02-12,R,0
AZ,7,2021-02-13,D1,70
AZ,7,2021-02-13,D2,0
AZ,7,2021-02-13,DU,0
AZ,7,2021-02-13,R,0
AZ,7,2021-02-14,D1,16
AZ,7,2021-02-14,D2,1
AZ,7,2021-02-14,DU,0
AZ,7,2021-02-14,R,0
AZ,7,2021-02-15,D1,123
AZ,7,2021-02-15,D2,0
AZ,7,2021-02-15,DU,0
AZ,7,2021-02-15,R,0
AZ,7,2021-02-16,D1,76
AZ,7,2021-02-16,D2,0
AZ,7,2021-02-16,DU,0
AZ,7,2021-02-16,R,0
AZ,7,2021-02-17,D1,142
AZ,7,2021-02-17,D2,3
AZ,7,2021-02-17,DU,0
AZ,7,2021-02-17,R,0
AZ,7,2021-02-18,D1,155
AZ,7,2021-02-18,D2,0
AZ,7,2021-02-18,DU,0
AZ,7,2021-02-18,R,0
AZ,7,2021-02-19,D1,101
AZ,7,2021-02-19,D2,0
AZ,7,2021-02-19,DU,0
AZ,7,2021-02-19,R,0
AZ,7,2021-02-20,D1,10
AZ,7,2021-02-20,D2,0
AZ,7,2021-02-20,DU,0
AZ,7,2021-02-20,R,0
AZ,7,2021-02-21,D1,2
AZ,7,2021-02-21,D2,0
AZ,7,2021-02-21,DU,0
AZ,7,2021-02-21,R,0
AZ,7,2021-02-22,D1,60
AZ,7,2021-02-22,D2,1
AZ,7,2021-02-22,DU,0
AZ,7,2021-02-22,R,0
AZ,7,2021-02-23,D1,45
AZ,7,2021-02-23,D2,4
AZ,7,2021-02-23,DU,0
AZ,7,2021-02-23,R,0
AZ,7,2021-02-24,D1,31
AZ,7,2021-02-24,D2,2
AZ,7,2021-02-24,DU,0
AZ,7,2021-02-24,R,0
AZ,7,2021-02-25,D1,32
AZ,7,2021-02-25,D2,0
AZ,7,2021-02-25,DU,0
AZ,7,2021-02-25,R,0
AZ,7,2021-02-26,D1,38
AZ,7,2021-02-26,D2,2
AZ,7,2021-02-26,DU,0
AZ,7,2021-02-26,R,0
AZ,7,2021-02-27,D1,69
AZ,7,2021-02-27,D2,0
AZ,7,2021-02-27,DU,0
AZ,7,2021-02-27,R,0
AZ,7,2021-02-28,D1,19
AZ,7,2021-02-28,D2,1
AZ,7,2021-02-28,DU,0
AZ,7,2021-02-28,R,0
AZ,7,2021-03-01,D1,1131
AZ,7,2021-03-01,D2,5
AZ,7,2021-03-01,DU,0
AZ,7,2021-03-01,R,0
AZ,7,2021-03-02,D1,457
AZ,7,2021-03-02,D2,6
AZ,7,2021-03-02,DU,0
AZ,7,2021-03-02,R,0
AZ,7,2021-03-03,D1,197
AZ,7,2021-03-03,D2,0
AZ,7,2021-03-03,DU,0
AZ,7,2021-03-03,R,0
AZ,7,2021-03-04,D1,170
AZ,7,2021-03-04,D2,1
AZ,7,2021-03-04,DU,0
AZ,7,2021-03-04,R,0
AZ,7,2021-03-05,D1,114
AZ,7,2021-03-05,D2,1
AZ,7,2021-03-05,DU,0
AZ,7,2021-03-05,R,0
AZ,7,2021-03-06,D1,34
AZ,7,2021-03-06,D2,0
AZ,7,2021-03-06,DU,0
AZ,7,2021-03-06,R,0
AZ,7,2021-03-07,D1,2
AZ,7,2021-03-07,D2,0
AZ,7,2021-03-07,DU,0
AZ,7,2021-03-07,R,0
AZ,7,2021-03-08,D1,33
AZ,7,2021-03-08,D2,0
AZ,7,2021-03-08,DU,0
AZ,7,2021-03-08,R,0
AZ,7,2021-03-09,D1,42
AZ,7,2021-03-09,D2,0
AZ,7,2021-03-09,DU,0
AZ,7,2021-03-09,R,0
AZ,7,2021-03-10,D1,70
AZ,7,2021-03-10,D2,0
AZ,7,2021-03-10,DU,0
AZ,7,2021-03-10,R,0
AZ,7,2021-03-11,D1,60
AZ,7,2021-03-11,D2,5
AZ,7,2021-03-11,DU,0
AZ,7,2021-03-11,R,0
AZ,7,2021-03-12,D1,33
AZ,7,2021-03-12,D2,2
AZ,7,2021-03-12,DU,0
AZ,7,2021-03-12,R,0
AZ,7,2021-03-13,D1,23
AZ,7,2021-03-13,D2,0
AZ,7,2021-03-13,DU,0
AZ,7,2021-03-13,R,0
AZ,7,2021-03-15,D1,29
AZ,7,2021-03-15,D2,0
AZ,7,2021-03-15,DU,0
AZ,7,2021-03-15,R,0
AZ,7,2021-03-16,D1,27
AZ,7,2021-03-16,D2,0
AZ,7,2021-03-16,DU,0
AZ,7,2021-03-16,R,0
AZ,7,2021-03-17,D1,38
AZ,7,2021-03-17,D2,0
AZ,7,2021-03-17,DU,0
AZ,7,2021-03-17,R,0
AZ,7,2021-03-18,D1,38
AZ,7,2021-03-18,D2,0
AZ,7,2021-03-18,DU,0
AZ,7,2021-03-18,R,0
AZ,7,2021-03-19,D1,19
AZ,7,2021-03-19,D2,1
AZ,7,2021-03-19,DU,0
AZ,7,2021-03-19,R,0
AZ,7,2021-03-20,D1,16
AZ,7,2021-03-20,D2,0
AZ,7,2021-03-20,DU,0
AZ,7,2021-03-20,R,0
AZ,7,2021-03-22,D1,25
AZ,7,2021-03-22,D2,0
AZ,7,2021-03-22,DU,0
AZ,7,2021-03-22,R,0
AZ,7,2021-03-23,D1,26
AZ,7,2021-03-23,D2,1
AZ,7,2021-03-23,DU,0
AZ,7,2021-03-23,R,0
AZ,7,2021-03-24,D1,39
AZ,7,2021-03-24,D2,1
AZ,7,2021-03-24,DU,0
AZ,7,2021-03-24,R,0
AZ,7,2021-03-25,D1,17
AZ,7,2021-03-25,D2,0
AZ,7,2021-03-25,DU,0
AZ,7,2021-03-25,R,0
AZ,7,2021-03-26,D1,10
AZ,7,2021-03-26,D2,2
AZ,7,2021-03-26,DU,0
AZ,7,2021-03-26,R,0
AZ,7,2021-03-27,D1,9
AZ,7,2021-03-27,D2,0
AZ,7,2021-03-27,DU,0
AZ,7,2021-03-27,R,0
AZ,7,2021-03-29,D1,16
AZ,7,2021-03-29,D2,2
AZ,7,2021-03-29,DU,0
AZ,7,2021-03-29,R,0
AZ,7,2021-03-30,D1,21
AZ,7,2021-03-30,D2,7
AZ,7,2021-03-30,DU,0
AZ,7,2021-03-30,R,0
AZ,7,2021-03-31,D1,18
AZ,7,2021-03-31,D2,0
AZ,7,2021-03-31,DU,0
AZ,7,2021-03-31,R,0
AZ,7,2021-04-01,D1,5
AZ,7,2021-04-01,D2,2
AZ,7,2021-04-01,DU,0
AZ,7,2021-04-01,R,0
AZ,7,2021-04-02,D1,3
AZ,7,2021-04-02,D2,1
AZ,7,2021-04-02,DU,0
AZ,7,2021-04-02,R,0
AZ,7,2021-04-03,D1,1
AZ,7,2021-04-03,D2,0
AZ,7,2021-04-03,DU,0
AZ,7,2021-04-03,R,0
AZ,7,2021-04-04,D1,2
AZ,7,2021-04-04,D2,0
AZ,7,2021-04-04,DU,0
AZ,7,2021-04-04,R,0
AZ,7,2021-04-05,D1,1000
AZ,7,2021-04-05,D2,2
AZ,7,2021-04-05,DU,0
AZ,7,2021-04-05,R,0
AZ,7,2021-04-06,D1,1065
AZ,7,2021-04-06,D2,0
AZ,7,2021-04-06,DU,0
AZ,7,2021-04-06,R,0
AZ,7,2021-04-07,D1,958
AZ,7,2021-04-07,D2,0
AZ,7,2021-04-07,DU,0
AZ,7,2021-04-07,R,0
AZ,7,2021-04-08,D1,739
AZ,7,2021-04-08,D2,0
AZ,7,2021-04-08,DU,0
AZ,7,2021-04-08,R,0
AZ,7,2021-04-09,D1,678
AZ,7,2021-04-09,D2,1
AZ,7,2021-04-09,DU,0
AZ,7,2021-04-09,R,0
AZ,7,2021-04-10,D1,872
AZ,7,2021-04-10,D2,1
AZ,7,2021-04-10,DU,0
AZ,7,2021-04-10,R,0
AZ,7,2021-04-11,D1,98
AZ,7,2021-04-11,D2,1
AZ,7,2021-04-11,DU,0
AZ,7,2021-04-11,R,0
AZ,7,2021-04-12,D1,1665
AZ,7,2021-04-12,D2,5
AZ,7,2021-04-12,DU,0
AZ,7,2021-04-12,R,0
AZ,7,2021-04-13,D1,963
AZ,7,2021-04-13,D2,11
AZ,7,2021-04-13,DU,0
AZ,7,2021-04-13,R,0
AZ,7,2021-04-14,D1,784
AZ,7,2021-04-14,D2,6
AZ,7,2021-04-14,DU,0
AZ,7,2021-04-14,R,0
AZ,7,2021-04-15,D1,309
AZ,7,2021-04-15,D2,8
AZ,7,2021-04-15,DU,0
AZ,7,2021-04-15,R,0
AZ,7,2021-04-16,D1,321
AZ,7,2021-04-16,D2,18
AZ,7,2021-04-16,DU,0
AZ,7,2021-04-16,R,0
AZ,7,2021-04-17,D1,215
AZ,7,2021-04-17,D2,1
AZ,7,2021-04-17,DU,0
AZ,7,2021-04-17,R,0
AZ,7,2021-04-18,D1,2
AZ,7,2021-04-18,D2,28
AZ,7,2021-04-18,DU,0
AZ,7,2021-04-18,R,0
AZ,7,2021-04-19,D1,495
AZ,7,2021-04-19,D2,121
AZ,7,2021-04-19,DU,0
AZ,7,2021-04-19,R,0
AZ,7,2021-04-20,D1,524
AZ,7,2021-04-20,D2,383
AZ,7,2021-04-20,DU,0
AZ,7,2021-04-20,R,0
AZ,7,2021-04-21,D1,237
AZ,7,2021-04-21,D2,369
AZ,7,2021-04-21,DU,0
AZ,7,2021-04-21,R,0
AZ,7,2021-04-22,D1,377
AZ,7,2021-04-22,D2,1281
AZ,7,2021-04-22,DU,0
AZ,7,2021-04-22,R,0
AZ,7,2021-04-23,D1,287
AZ,7,2021-04-23,D2,1282
AZ,7,2021-04-23,DU,0
AZ,7,2021-04-23,R,0
AZ,7,2021-04-24,D1,80
AZ,7,2021-04-24,D2,292
AZ,7,2021-04-24,DU,0
AZ,7,2021-04-24,R,0
AZ,7,2021-04-25,D1,5
AZ,7,2021-04-25,D2,74
AZ,7,2021-04-25,DU,0
AZ,7,2021-04-25,R,0
AZ,7,2021-04-26,D1,205
AZ,7,2021-04-26,D2,1132
AZ,7,2021-04-26,DU,0
AZ,7,2021-04-26,R,0
AZ,7,2021-04-27,D1,219
AZ,7,2021-04-27,D2,1269
AZ,7,2021-04-27,DU,0
AZ,7,2021-04-27,R,0
AZ,7,2021-04-28,D1,162
AZ,7,2021-04-28,D2,1420
AZ,7,2021-04-28,DU,0
AZ,7,2021-04-28,R,0
AZ,7,2021-04-29,D1,220
AZ,7,2021-04-29,D2,1451
AZ,7,2021-04-29,DU,0
AZ,7,2021-04-29,R,0
AZ,7,2021-04-30,D1,245
AZ,7,2021-04-30,D2,879
AZ,7,2021-04-30,DU,0
AZ,7,2021-04-30,R,0
AZ,7,2021-05-01,D1,56
AZ,7,2021-05-01,D2,82
AZ,7,2021-05-01,DU,0
AZ,7,2021-05-01,R,0
AZ,7,2021-05-02,D1,12
AZ,7,2021-05-02,D2,9
AZ,7,2021-05-02,DU,0
AZ,7,2021-05-02,R,0
AZ,7,2021-05-03,D1,254
AZ,7,2021-05-03,D2,1338
AZ,7,2021-05-03,DU,0
AZ,7,2021-05-03,R,0
AZ,7,2021-05-04,D1,638
AZ,7,2021-05-04,D2,985
AZ,7,2021-05-04,DU,0
AZ,7,2021-05-04,R,0
AZ,7,2021-05-05,D1,713
AZ,7,2021-05-05,D2,867
AZ,7,2021-05-05,DU,0
AZ,7,2021-05-05,R,0
AZ,7,2021-05-06,D1,849
AZ,7,2021-05-06,D2,493
AZ,7,2021-05-06,DU,0
AZ,7,2021-05-06,R,0
AZ,7,2021-05-07,D1,1149
AZ,7,2021-05-07,D2,339
AZ,7,2021-05-07,DU,0
AZ,7,2021-05-07,R,0
AZ,7,2021-05-08,D1,726
AZ,7,2021-05-08,D2,71
AZ,7,2021-05-08,DU,0
AZ,7,2021-05-08,R,0
AZ,7,2021-05-09,D1,44
AZ,7,2021-05-09,D2,3
AZ,7,2021-05-09,DU,0
AZ,7,2021-05-09,R,0
AZ,7,2021-05-10,D1,2396
AZ,7,2021-05-10,D2,332
AZ,7,2021-05-10,DU,0
AZ,7,2021-05-10,R,0
AZ,7,2021-05-11,D1,5687
AZ,7,2021-05-11,D2,230
AZ,7,2021-05-11,DU,0
AZ,7,2021-05-11,R,0
AZ,7,2021-05-12,D1,38879
AZ,7,2021-05-12,D2,205
AZ,7,2021-05-12,DU,0
AZ,7,2021-05-12,R,0
AZ,7,2021-05-13,D1,26994
AZ,7,2021-05-13,D2,137
AZ,7,2021-05-13,DU,0
AZ,7,2021-05-13,R,0
AZ,7,2021-05-14,D1,31776
AZ,7,2021-05-14,D2,114
AZ,7,2021-05-14,DU,0
AZ,7,2021-05-14,R,0
AZ,7,2021-05-15,D1,14639
AZ,7,2021-05-15,D2,28
AZ,7,2021-05-15,DU,0
AZ,7,2021-05-15,R,0
AZ,7,2021-05-16,D1,5390
AZ,7,2021-05-16,D2,0
AZ,7,2021-05-16,DU,0
AZ,7,2021-05-16,R,0
AZ,7,2021-05-17,D1,23714
AZ,7,2021-05-17,D2,120
AZ,7,2021-05-17,DU,0
AZ,7,2021-05-17,R,0
AZ,7,2021-05-18,D1,25157
AZ,7,2021-05-18,D2,101
AZ,7,2021-05-18,DU,0
AZ,7,2021-05-18,R,1
AZ,7,2021-05-19,D1,20074
AZ,7,2021-05-19,D2,76
AZ,7,2021-05-19,DU,0
AZ,7,2021-05-19,R,0
AZ,7,2021-05-20,D1,18626
AZ,7,2021-05-20,D2,97
AZ,7,2021-05-20,DU,0
AZ,7,2021-05-20,R,0
AZ,7,2021-05-21,D1,20266
AZ,7,2021-05-21,D2,79
AZ,7,2021-05-21,DU,0
AZ,7,2021-05-21,R,0
AZ,7,2021-05-22,D1,10297
AZ,7,2021-05-22,D2,43
AZ,7,2021-05-22,DU,0
AZ,7,2021-05-22,R,0
AZ,7,2021-05-23,D1,693
AZ,7,2021-05-23,D2,7
AZ,7,2021-05-23,DU,0
AZ,7,2021-05-23,R,0
AZ,7,2021-05-24,D1,14153
AZ,7,2021-05-24,D2,481
AZ,7,2021-05-24,DU,0
AZ,7,2021-05-24,R,0
AZ,7,2021-05-25,D1,10577
AZ,7,2021-05-25,D2,336
AZ,7,2021-05-25,DU,0
AZ,7,2021-05-25,R,0
AZ,7,2021-05-26,D1,10518
AZ,7,2021-05-26,D2,163
AZ,7,2021-05-26,DU,0
AZ,7,2021-05-26,R,0
AZ,7,2021-05-27,D1,9294
AZ,7,2021-05-27,D2,175
AZ,7,2021-05-27,DU,0
AZ,7,2021-05-27,R,0
AZ,7,2021-05-28,D1,10579
AZ,7,2021-05-28,D2,135
AZ,7,2021-05-28,DU,0
AZ,7,2021-05-28,R,0
AZ,7,2021-05-29,D1,4792
AZ,7,2021-05-29,D2,59
AZ,7,2021-05-29,DU,0
AZ,7,2021-05-29,R,0
AZ,7,2021-05-30,D1,708
AZ,7,2021-05-30,D2,1
AZ,7,2021-05-30,DU,0
AZ,7,2021-05-30,R,0
AZ,7,2021-05-31,D1,8943
AZ,7,2021-05-31,D2,169
AZ,7,2021-05-31,DU,0
AZ,7,2021-05-31,R,0
AZ,7,2021-06-01,D1,9375
AZ,7,2021-06-01,D2,297
AZ,7,2021-06-01,DU,0
AZ,7,2021-06-01,R,0
AZ,7,2021-06-02,D1,9144
AZ,7,2021-06-02,D2,175
AZ,7,2021-06-02,DU,0
AZ,7,2021-06-02,R,0
AZ,7,2021-06-03,D1,3587
AZ,7,2021-06-03,D2,75
AZ,7,2021-06-03,DU,0
AZ,7,2021-06-03,R,0
AZ,7,2021-06-04,D1,5161
AZ,7,2021-06-04,D2,62
AZ,7,2021-06-04,DU,0
AZ,7,2021-06-04,R,0
AZ,7,2021-06-05,D1,3002
AZ,7,2021-06-05,D2,45
AZ,7,2021-06-05,DU,0
AZ,7,2021-06-05,R,0
AZ,7,2021-06-06,D1,228
AZ,7,2021-06-06,D2,0
AZ,7,2021-06-06,DU,0
AZ,7,2021-06-06,R,0
AZ,7,2021-06-07,D1,7357
AZ,7,2021-06-07,D2,75
AZ,7,2021-06-07,DU,0
AZ,7,2021-06-07,R,0
AZ,7,2021-06-08,D1,8067
AZ,7,2021-06-08,D2,63
AZ,7,2021-06-08,DU,0
AZ,7,2021-06-08,R,0
AZ,7,2021-06-09,D1,9375
AZ,7,2021-06-09,D2,49
AZ,7,2021-06-09,DU,0
AZ,7,2021-06-09,R,0
AZ,7,2021-06-10,D1,11388
AZ,7,2021-06-10,D2,53
AZ,7,2021-06-10,DU,0
AZ,7,2021-06-10,R,0
AZ,7,2021-06-11,D1,14010
AZ,7,2021-06-11,D2,57
AZ,7,2021-06-11,DU,0
AZ,7,2021-06-11,R,0
AZ,7,2021-06-12,D1,13766
AZ,7,2021-06-12,D2,15
AZ,7,2021-06-12,DU,0
AZ,7,2021-06-12,R,0
AZ,7,2021-06-13,D1,771
AZ,7,2021-06-13,D2,1
AZ,7,2021-06-13,DU,0
AZ,7,2021-06-13,R,0
AZ,7,2021-06-14,D1,22848
AZ,7,2021-06-14,D2,28
AZ,7,2021-06-14,DU,0
AZ,7,2021-06-14,R,0
AZ,7,2021-06-15,D1,38415
AZ,7,2021-06-15,D2,45
AZ,7,2021-06-15,DU,0
AZ,7,2021-06-15,R,0
AZ,7,2021-06-16,D1,98939
AZ,7,2021-06-16,D2,59
AZ,7,2021-06-16,DU,0
AZ,7,2021-06-16,R,0
AZ,7,2021-06-17,D1,91151
AZ,7,2021-06-17,D2,44
AZ,7,2021-06-17,DU,0
AZ,7,2021-06-17,R,0
AZ,7,2021-06-18,D1,65551
AZ,7,2021-06-18,D2,46
AZ,7,2021-06-18,DU,0
AZ,7,2021-06-18,R,0
AZ,7,2021-06-19,D1,58207
AZ,7,2021-06-19,D2,20
AZ,7,2021-06-19,DU,0
AZ,7,2021-06-19,R,0
AZ,7,2021-06-20,D1,5231
AZ,7,2021-06-20,D2,3
AZ,7,2021-06-20,DU,0
AZ,7,2021-06-20,R,0
AZ,7,2021-06-21,D1,35882
AZ,7,2021-06-21,D2,47
AZ,7,2021-06-21,DU,0
AZ,7,2021-06-21,R,0
AZ,7,2021-06-22,D1,22943
AZ,7,2021-06-22,D2,41
AZ,7,2021-06-22,DU,0
AZ,7,2021-06-22,R,0
AZ,7,2021-06-23,D1,12214
AZ,7,2021-06-23,D2,36
AZ,7,2021-06-23,DU,0
AZ,7,2021-06-23,R,1
AZ,7,2021-06-24,D1,8681
AZ,7,2021-06-24,D2,30
AZ,7,2021-06-24,DU,0
AZ,7,2021-06-24,R,0
AZ,7,2021-06-25,D1,6225
AZ,7,2021-06-25,D2,22
AZ,7,2021-06-25,DU,0
AZ,7,2021-06-25,R,1
AZ,7,2021-06-26,D1,5084
AZ,7,2021-06-26,D2,15
AZ,7,2021-06-26,DU,0
AZ,7,2021-06-26,R,0
AZ,7,2021-06-27,D1,131
AZ,7,2021-06-27,D2,4
AZ,7,2021-06-27,DU,0
AZ,7,2021-06-27,R,0
AZ,7,2021-06-28,D1,3166
AZ,7,2021-06-28,D2,1181
AZ,7,2021-06-28,DU,0
AZ,7,2021-06-28,R,0
AZ,7,2021-06-29,D1,3771
AZ,7,2021-06-29,D2,1172
AZ,7,2021-06-29,DU,0
AZ,7,2021-06-29,R,0
AZ,7,2021-06-30,D1,3968
AZ,7,2021-06-30,D2,1016
AZ,7,2021-06-30,DU,0
AZ,7,2021-06-30,R,0
AZ,7,2021-07-01,D1,5289
AZ,7,2021-07-01,D2,871
AZ,7,2021-07-01,DU,0
AZ,7,2021-07-01,R,0
AZ,7,2021-07-02,D1,5179
AZ,7,2021-07-02,D2,569
AZ,7,2021-07-02,DU,0
AZ,7,2021-07-02,R,0
AZ,7,2021-07-03,D1,1663
AZ,7,2021-07-03,D2,352
AZ,7,2021-07-03,DU,0
AZ,7,2021-07-03,R,0
AZ,7,2021-07-04,D1,96
AZ,7,2021-07-04,D2,23
AZ,7,2021-07-04,DU,0
AZ,7,2021-07-04,R,0
AZ,7,2021-07-05,D1,3601
AZ,7,2021-07-05,D2,748
AZ,7,2021-07-05,DU,0
AZ,7,2021-07-05,R,0
AZ,7,2021-07-06,D1,3299
AZ,7,2021-07-06,D2,409
AZ,7,2021-07-06,DU,0
AZ,7,2021-07-06,R,0
AZ,7,2021-07-07,D1,1745
AZ,7,2021-07-07,D2,370
AZ,7,2021-07-07,DU,0
AZ,7,2021-07-07,R,0
AZ,7,2021-07-08,D1,2708
AZ,7,2021-07-08,D2,313
AZ,7,2021-07-08,DU,0
AZ,7,2021-07-08,R,0
AZ,7,2021-07-09,D1,1458
AZ,7,2021-07-09,D2,200
AZ,7,2021-07-09,DU,0
AZ,7,2021-07-09,R,0
AZ,7,2021-07-10,D1,645
AZ,7,2021-07-10,D2,199
AZ,7,2021-07-10,DU,0
AZ,7,2021-07-10,R,0
AZ,7,2021-07-11,D1,12
AZ,7,2021-07-11,D2,3
AZ,7,2021-07-11,DU,0
AZ,7,2021-07-11,R,0
AZ,7,2021-07-12,D1,1922
AZ,7,2021-07-12,D2,750
AZ,7,2021-07-12,DU,0
AZ,7,2021-07-12,R,0
AZ,7,2021-07-13,D1,1463
AZ,7,2021-07-13,D2,560
AZ,7,2021-07-13,DU,0
AZ,7,2021-07-13,R,0
AZ,7,2021-07-14,D1,899
AZ,7,2021-07-14,D2,539
AZ,7,2021-07-14,DU,0
AZ,7,2021-07-14,R,0
AZ,7,2021-07-15,D1,745
AZ,7,2021-07-15,D2,399
AZ,7,2021-07-15,DU,0
AZ,7,2021-07-15,R,0
AZ,7,2021-07-16,D1,569
AZ,7,2021-07-16,D2,403
AZ,7,2021-07-16,DU,0
AZ,7,2021-07-16,R,0
AZ,7,2021-07-17,D1,559
AZ,7,2021-07-17,D2,178
AZ,7,2021-07-17,DU,0
AZ,7,2021-07-17,R,0
AZ,7,2021-07-18,D1,31
AZ,7,2021-07-18,D2,0
AZ,7,2021-07-18,DU,0
AZ,7,2021-07-18,R,0
AZ,7,2021-07-19,D1,286
AZ,7,2021-07-19,D2,441
AZ,7,2021-07-19,DU,0
AZ,7,2021-07-19,R,0
AZ,7,2021-07-20,D1,195
AZ,7,2021-07-20,D2,311
AZ,7,2021-07-20,DU,0
AZ,7,2021-07-20,R,0
AZ,7,2021-07-21,D1,232
AZ,7,2021-07-21,D2,272
AZ,7,2021-07-21,DU,0
AZ,7,2021-07-21,R,1
AZ,7,2021-07-22,D1,453
AZ,7,2021-07-22,D2,317
AZ,7,2021-07-22,DU,0
AZ,7,2021-07-22,R,0
AZ,7,2021-07-23,D1,785
AZ,7,2021-07-23,D2,396
AZ,7,2021-07-23,DU,0
AZ,7,2021-07-23,R,0
AZ,7,2021-07-24,D1,483
AZ,7,2021-07-24,D2,161
AZ,7,2021-07-24,DU,0
AZ,7,2021-07-24,R,0
AZ,7,2021-07-25,D1,13
AZ,7,2021-07-25,D2,56
AZ,7,2021-07-25,DU,0
AZ,7,2021-07-25,R,0
AZ,7,2021-07-26,D1,803
AZ,7,2021-07-26,D2,402
AZ,7,2021-07-26,DU,0
AZ,7,2021-07-26,R,0
AZ,7,2021-07-27,D1,662
AZ,7,2021-07-27,D2,918
AZ,7,2021-07-27,DU,0
AZ,7,2021-07-27,R,1
AZ,7,2021-07-28,D1,534
AZ,7,2021-07-28,D2,980
AZ,7,2021-07-28,DU,0
AZ,7,2021-07-28,R,0
AZ,7,2021-07-29,D1,275
AZ,7,2021-07-29,D2,893
AZ,7,2021-07-29,DU,0
AZ,7,2021-07-29,R,0
AZ,7,2021-07-30,D1,260
AZ,7,2021-07-30,D2,1045
AZ,7,2021-07-30,DU,0
AZ,7,2021-07-30,R,0
AZ,7,2021-07-31,D1,196
AZ,7,2021-07-31,D2,1289
AZ,7,2021-07-31,DU,0
AZ,7,2021-07-31,R,1
AZ,7,2021-08-01,D1,13
AZ,7,2021-08-01,D2,691
AZ,7,2021-08-01,DU,0
AZ,7,2021-08-01,R,0
AZ,7,2021-08-02,D1,221
AZ,7,2021-08-02,D2,4961
AZ,7,2021-08-02,DU,0
AZ,7,2021-08-02,R,0
AZ,7,2021-08-03,D1,378
AZ,7,2021-08-03,D2,7683
AZ,7,2021-08-03,DU,0
AZ,7,2021-08-03,R,0
AZ,7,2021-08-04,D1,273
AZ,7,2021-08-04,D2,30550
AZ,7,2021-08-04,DU,0
AZ,7,2021-08-04,R,0
AZ,7,2021-08-05,D1,255
AZ,7,2021-08-05,D2,20177
AZ,7,2021-08-05,DU,0
AZ,7,2021-08-05,R,0
AZ,7,2021-08-06,D1,242
AZ,7,2021-08-06,D2,21878
AZ,7,2021-08-06,DU,0
AZ,7,2021-08-06,R,0
AZ,7,2021-08-07,D1,177
AZ,7,2021-08-07,D2,11944
AZ,7,2021-08-07,DU,0
AZ,7,2021-08-07,R,0
AZ,7,2021-08-08,D1,7
AZ,7,2021-08-08,D2,3333
AZ,7,2021-08-08,DU,0
AZ,7,2021-08-08,R,0
AZ,7,2021-08-09,D1,255
AZ,7,2021-08-09,D2,22973
AZ,7,2021-08-09,DU,0
AZ,7,2021-08-09,R,0
AZ,7,2021-08-10,D1,247
AZ,7,2021-08-10,D2,19056
AZ,7,2021-08-10,DU,0
AZ,7,2021-08-10,R,4
AZ,7,2021-08-11,D1,156
AZ,7,2021-08-11,D2,15474
AZ,7,2021-08-11,DU,0
AZ,7,2021-08-11,R,0
AZ,7,2021-08-12,D1,203
AZ,7,2021-08-12,D2,18621
AZ,7,2021-08-12,DU,0
AZ,7,2021-08-12,R,2
AZ,7,2021-08-13,D1,188
AZ,7,2021-08-13,D2,15059
AZ,7,2021-08-13,DU,0
AZ,7,2021-08-13,R,0
AZ,7,2021-08-14,D1,178
AZ,7,2021-08-14,D2,11202
AZ,7,2021-08-14,DU,0
AZ,7,2021-08-14,R,0
AZ,7,2021-08-15,D1,27
AZ,7,2021-08-15,D2,2288
AZ,7,2021-08-15,DU,0
AZ,7,2021-08-15,R,0
AZ,7,2021-08-16,D1,246
AZ,7,2021-08-16,D2,15521
AZ,7,2021-08-16,DU,0
AZ,7,2021-08-16,R,0
AZ,7,2021-08-17,D1,305
AZ,7,2021-08-17,D2,12684
AZ,7,2021-08-17,DU,0
AZ,7,2021-08-17,R,2
AZ,7,2021-08-18,D1,372
AZ,7,2021-08-18,D2,11768
AZ,7,2021-08-18,DU,0
AZ,7,2021-08-18,R,1
AZ,7,2021-08-19,D1,188
AZ,7,2021-08-19,D2,11885
AZ,7,2021-08-19,DU,0
AZ,7,2021-08-19,R,0
AZ,7,2021-08-20,D1,275
AZ,7,2021-08-20,D2,10625
AZ,7,2021-08-20,DU,0
AZ,7,2021-08-20,R,1
AZ,7,2021-08-21,D1,125
AZ,7,2021-08-21,D2,4285
AZ,7,2021-08-21,DU,0
AZ,7,2021-08-21,R,2
AZ,7,2021-08-22,D1,18
AZ,7,2021-08-22,D2,209
AZ,7,2021-08-22,DU,0
AZ,7,2021-08-22,R,0
AZ,7,2021-08-23,D1,125
AZ,7,2021-08-23,D2,10507
AZ,7,2021-08-23,DU,0
AZ,7,2021-08-23,R,0
AZ,7,2021-08-24,D1,233
AZ,7,2021-08-24,D2,8529
AZ,7,2021-08-24,DU,0
AZ,7,2021-08-24,R,0
AZ,7,2021-08-25,D1,265
AZ,7,2021-08-25,D2,9951
AZ,7,2021-08-25,DU,0
AZ,7,2021-08-25,R,0
AZ,7,2021-08-26,D1,228
AZ,7,2021-08-26,D2,7598
AZ,7,2021-08-26,DU,0
AZ,7,2021-08-26,R,1
AZ,7,2021-08-27,D1,153
AZ,7,2021-08-27,D2,7438
AZ,7,2021-08-27,DU,0
AZ,7,2021-08-27,R,0
AZ,7,2021-08-28,D1,57
AZ,7,2021-08-28,D2,5231
AZ,7,2021-08-28,DU,0
AZ,7,2021-08-28,R,0
AZ,7,2021-08-29,D1,6
AZ,7,2021-08-29,D2,241
AZ,7,2021-08-29,DU,0
AZ,7,2021-08-29,R,0
AZ,7,2021-08-30,D1,126
AZ,7,2021-08-30,D2,10905
AZ,7,2021-08-30,DU,0
AZ,7,2021-08-30,R,0
AZ,7,2021-08-31,D1,114
AZ,7,2021-08-31,D2,10360
AZ,7,2021-08-31,DU,0
AZ,7,2021-08-31,R,0
AZ,7,2021-09-01,D1,93
AZ,7,2021-09-01,D2,10725
AZ,7,2021-09-01,DU,0
AZ,7,2021-09-01,R,0
AZ,7,2021-09-02,D1,151
AZ,7,2021-09-02,D2,13357
AZ,7,2021-09-02,DU,0
AZ,7,2021-09-02,R,1
AZ,7,2021-09-03,D1,129
AZ,7,2021-09-03,D2,15372
AZ,7,2021-09-03,DU,0
AZ,7,2021-09-03,R,2
AZ,7,2021-09-04,D1,69
AZ,7,2021-09-04,D2,15031
AZ,7,2021-09-04,DU,0
AZ,7,2021-09-04,R,0
AZ,7,2021-09-05,D1,13
AZ,7,2021-09-05,D2,3442
AZ,7,2021-09-05,DU,0
AZ,7,2021-09-05,R,0
AZ,7,2021-09-06,D1,42
AZ,7,2021-09-06,D2,8743
AZ,7,2021-09-06,DU,0
AZ,7,2021-09-06,R,0
AZ,7,2021-09-07,D1,6
AZ,7,2021-09-07,D2,5274
AZ,7,2021-09-07,DU,0
AZ,7,2021-09-07,R,0
AZ,7,2021-09-08,D1,121
AZ,7,2021-09-08,D2,52370
AZ,7,2021-09-08,DU,0
AZ,7,2021-09-08,R,3
AZ,7,2021-09-09,D1,122
AZ,7,2021-09-09,D2,52603
AZ,7,2021-09-09,DU,0
AZ,7,2021-09-09,R,2
AZ,7,2021-09-10,D1,119
AZ,7,2021-09-10,D2,45560
AZ,7,2021-09-10,DU,0
AZ,7,2021-09-10,R,1
AZ,7,2021-09-11,D1,46
AZ,7,2021-09-11,D2,26342
AZ,7,2021-09-11,DU,0
AZ,7,2021-09-11,R,9
AZ,7,2021-09-12,D1,2
AZ,7,2021-09-12,D2,1149
AZ,7,2021-09-12,DU,0
AZ,7,2021-09-12,R,0
AZ,7,2021-09-13,D1,72
AZ,7,2021-09-13,D2,29427
AZ,7,2021-09-13,DU,0
AZ,7,2021-09-13,R,2
AZ,7,2021-09-14,D1,68
AZ,7,2021-09-14,D2,21906
AZ,7,2021-09-14,DU,0
AZ,7,2021-09-14,R,3
AZ,7,2021-09-15,D1,33
AZ,7,2021-09-15,D2,11605
AZ,7,2021-09-15,DU,0
AZ,7,2021-09-15,R,2
AZ,7,2021-09-16,D1,43
AZ,7,2021-09-16,D2,11957
AZ,7,2021-09-16,DU,0
AZ,7,2021-09-16,R,0
AZ,7,2021-09-17,D1,38
AZ,7,2021-09-17,D2,14694
AZ,7,2021-09-17,DU,0
AZ,7,2021-09-17,R,2
AZ,7,2021-09-18,D1,41
AZ,7,2021-09-18,D2,7063
AZ,7,2021-09-18,DU,0
AZ,7,2021-09-18,R,0
AZ,7,2021-09-19,D1,3
AZ,7,2021-09-19,D2,583
AZ,7,2021-09-19,DU,0
AZ,7,2021-09-19,R,0
AZ,7,2021-09-20,D1,35
AZ,7,2021-09-20,D2,12986
AZ,7,2021-09-20,DU,0
AZ,7,2021-09-20,R,3
AZ,7,2021-09-21,D1,34
AZ,7,2021-09-21,D2,8918
AZ,7,2021-09-21,DU,0
AZ,7,2021-09-21,R,1
AZ,7,2021-09-22,D1,38
AZ,7,2021-09-22,D2,6267
AZ,7,2021-09-22,DU,0
AZ,7,2021-09-22,R,4
AZ,7,2021-09-23,D1,22
AZ,7,2021-09-23,D2,7208
AZ,7,2021-09-23,DU,0
AZ,7,2021-09-23,R,2
AZ,7,2021-09-24,D1,25
AZ,7,2021-09-24,D2,6143
AZ,7,2021-09-24,DU,0
AZ,7,2021-09-24,R,5
AZ,7,2021-09-25,D1,7
AZ,7,2021-09-25,D2,1874
AZ,7,2021-09-25,DU,0
AZ,7,2021-09-25,R,0
AZ,7,2021-09-26,D1,1
AZ,7,2021-09-26,D2,64
AZ,7,2021-09-26,DU,0
AZ,7,2021-09-26,R,0
AZ,7,2021-09-27,D1,23
AZ,7,2021-09-27,D2,3712
AZ,7,2021-09-27,DU,0
AZ,7,2021-09-27,R,3
AZ,7,2021-09-28,D1,14
AZ,7,2021-09-28,D2,2603
AZ,7,2021-09-28,DU,0
AZ,7,2021-09-28,R,2
AZ,7,2021-09-29,D1,10
AZ,7,2021-09-29,D2,2367
AZ,7,2021-09-29,DU,0
AZ,7,2021-09-29,R,11
AZ,7,2021-09-30,D1,17
AZ,7,2021-09-30,D2,3006
AZ,7,2021-09-30,DU,0
AZ,7,2021-09-30,R,15
AZ,7,2021-10-01,D1,13
AZ,7,2021-10-01,D2,2561
AZ,7,2021-10-01,DU,0
AZ,7,2021-10-01,R,9
AZ,7,2021-10-02,D1,12
AZ,7,2021-10-02,D2,2171
AZ,7,2021-10-02,DU,0
AZ,7,2021-10-02,R,7
AZ,7,2021-10-03,D1,0
AZ,7,2021-10-03,D2,42
AZ,7,2021-10-03,DU,0
AZ,7,2021-10-03,R,0
AZ,7,2021-10-04,D1,11
AZ,7,2021-10-04,D2,1941
AZ,7,2021-10-04,DU,0
AZ,7,2021-10-04,R,10
AZ,7,2021-10-05,D1,11
AZ,7,2021-10-05,D2,1497
AZ,7,2021-10-05,DU,0
AZ,7,2021-10-05,R,1
AZ,7,2021-10-06,D1,10
AZ,7,2021-10-06,D2,2070
AZ,7,2021-10-06,DU,0
AZ,7,2021-10-06,R,27
AZ,7,2021-10-07,D1,20
AZ,7,2021-10-07,D2,1876
AZ,7,2021-10-07,DU,0
AZ,7,2021-10-07,R,2
AZ,7,2021-10-08,D1,12
AZ,7,2021-10-08,D2,2009
AZ,7,2021-10-08,DU,0
AZ,7,2021-10-08,R,7
AZ,7,2021-10-09,D1,3
AZ,7,2021-10-09,D2,477
AZ,7,2021-10-09,DU,0
AZ,7,2021-10-09,R,1
AZ,7,2021-10-10,D1,0
AZ,7,2021-10-10,D2,37
AZ,7,2021-10-10,DU,0
AZ,7,2021-10-10,R,0
AZ,7,2021-10-11,D1,1
AZ,7,2021-10-11,D2,337
AZ,7,2021-10-11,DU,0
AZ,7,2021-10-11,R,0
AZ,7,2021-10-12,D1,0
AZ,7,2021-10-12,D2,98
AZ,7,2021-10-12,DU,0
AZ,7,2021-10-12,R,0
AZ,7,2021-10-13,D1,10
AZ,7,2021-10-13,D2,1861
AZ,7,2021-10-13,DU,0
AZ,7,2021-10-13,R,10
AZ,7,2021-10-14,D1,4
AZ,7,2021-10-14,D2,1422
AZ,7,2021-10-14,DU,0
AZ,7,2021-10-14,R,9
AZ,7,2021-10-15,D1,6
AZ,7,2021-10-15,D2,1284
AZ,7,2021-10-15,DU,0
AZ,7,2021-10-15,R,12
AZ,7,2021-10-16,D1,6
AZ,7,2021-10-16,D2,1020
AZ,7,2021-10-16,DU,0
AZ,7,2021-10-16,R,2
AZ,7,2021-10-17,D1,0
AZ,7,2021-10-17,D2,18
AZ,7,2021-10-17,DU,0
AZ,7,2021-10-17,R,0
AZ,7,2021-10-18,D1,10
AZ,7,2021-10-18,D2,1214
AZ,7,2021-10-18,DU,0
AZ,7,2021-10-18,R,1
AZ,7,2021-10-19,D1,1
AZ,7,2021-10-19,D2,947
AZ,7,2021-10-19,DU,0
AZ,7,2021-10-19,R,2
AZ,7,2021-10-20,D1,6
AZ,7,2021-10-20,D2,858
AZ,7,2021-10-20,DU,0
AZ,7,2021-10-20,R,2
AZ,7,2021-10-21,D1,4
AZ,7,2021-10-21,D2,625
AZ,7,2021-10-21,DU,0
AZ,7,2021-10-21,R,4
AZ,7,2021-10-22,D1,4
AZ,7,2021-10-22,D2,594
AZ,7,2021-10-22,DU,0
AZ,7,2021-10-22,R,0
AZ,7,2021-10-23,D1,2
AZ,7,2021-10-23,D2,245
AZ,7,2021-10-23,DU,0
AZ,7,2021-10-23,R,2
AZ,7,2021-10-24,D1,0
AZ,7,2021-10-24,D2,13
AZ,7,2021-10-24,DU,0
AZ,7,2021-10-24,R,0
AZ,7,2021-10-25,D1,3
AZ,7,2021-10-25,D2,482
AZ,7,2021-10-25,DU,0
AZ,7,2021-10-25,R,4
AZ,7,2021-10-26,D1,5
AZ,7,2021-10-26,D2,566
AZ,7,2021-10-26,DU,0
AZ,7,2021-10-26,R,6
AZ,7,2021-10-27,D1,4
AZ,7,2021-10-27,D2,427
AZ,7,2021-10-27,DU,0
AZ,7,2021-10-27,R,1
AZ,7,2021-10-28,D1,9
AZ,7,2021-10-28,D2,526
AZ,7,2021-10-28,DU,0
AZ,7,2021-10-28,R,8
AZ,7,2021-10-29,D1,3
AZ,7,2021-10-29,D2,291
AZ,7,2021-10-29,DU,0
AZ,7,2021-10-29,R,13
AZ,7,2021-10-30,D1,7
AZ,7,2021-10-30,D2,134
AZ,7,2021-10-30,DU,0
AZ,7,2021-10-30,R,1
AZ,7,2021-10-31,D1,1
AZ,7,2021-10-31,D2,6
AZ,7,2021-10-31,DU,0
AZ,7,2021-10-31,R,0
AZ,7,2021-11-01,D1,0
AZ,7,2021-11-01,D2,85
AZ,7,2021-11-01,DU,0
AZ,7,2021-11-01,R,0
AZ,7,2021-11-02,D1,0
AZ,7,2021-11-02,D2,23
AZ,7,2021-11-02,DU,0
AZ,7,2021-11-02,R,0
AZ,7,2021-11-03,D1,3
AZ,7,2021-11-03,D2,539
AZ,7,2021-11-03,DU,0
AZ,7,2021-11-03,R,4
AZ,7,2021-11-04,D1,8
AZ,7,2021-11-04,D2,481
AZ,7,2021-11-04,DU,0
AZ,7,2021-11-04,R,6
AZ,7,2021-11-05,D1,7
AZ,7,2021-11-05,D2,423
AZ,7,2021-11-05,DU,0
AZ,7,2021-11-05,R,10
AZ,7,2021-11-06,D1,1
AZ,7,2021-11-06,D2,147
AZ,7,2021-11-06,DU,0
AZ,7,2021-11-06,R,1
AZ,7,2021-11-07,D1,0
AZ,7,2021-11-07,D2,8
AZ,7,2021-11-07,DU,0
AZ,7,2021-11-07,R,0
AZ,7,2021-11-08,D1,2
AZ,7,2021-11-08,D2,474
AZ,7,2021-11-08,DU,0
AZ,7,2021-11-08,R,5
AZ,7,2021-11-09,D1,10
AZ,7,2021-11-09,D2,506
AZ,7,2021-11-09,DU,0
AZ,7,2021-11-09,R,8
AZ,7,2021-11-10,D1,6
AZ,7,2021-11-10,D2,366
AZ,7,2021-11-10,DU,0
AZ,7,2021-11-10,R,10
AZ,7,2021-11-11,D1,6
AZ,7,2021-11-11,D2,364
AZ,7,2021-11-11,DU,0
AZ,7,2021-11-11,R,17
AZ,7,2021-11-12,D1,7
AZ,7,2021-11-12,D2,396
AZ,7,2021-11-12,DU,0
AZ,7,2021-11-12,R,18
AZ,7,2021-11-13,D1,1
AZ,7,2021-11-13,D2,204
AZ,7,2021-11-13,DU,0
AZ,7,2021-11-13,R,2
AZ,7,2021-11-14,D1,0
AZ,7,2021-11-14,D2,5
AZ,7,2021-11-14,DU,0
AZ,7,2021-11-14,R,0
AZ,7,2021-11-15,D1,1
AZ,7,2021-11-15,D2,25
AZ,7,2021-11-15,DU,0
AZ,7,2021-11-15,R,1
AZ,7,2021-11-16,D1,5
AZ,7,2021-11-16,D2,279
AZ,7,2021-11-16,DU,0
AZ,7,2021-11-16,R,76
AZ,7,2021-11-17,D1,4
AZ,7,2021-11-17,D2,362
AZ,7,2021-11-17,DU,0
AZ,7,2021-11-17,R,64
AZ,7,2021-11-18,D1,7
AZ,7,2021-11-18,D2,0
AZ,7,2021-11-18,DU,0
AZ,7,2021-11-18,R,66
AZ,7,2021-11-19,D1,0
AZ,7,2021-11-19,D2,3
AZ,7,2021-11-19,DU,0
AZ,7,2021-11-19,R,1
AZ,7,2021-11-20,D1,2
AZ,7,2021-11-20,D2,4
AZ,7,2021-11-20,DU,0
AZ,7,2021-11-20,R,9
AZ,7,2021-11-22,D1,0
AZ,7,2021-11-22,D2,1
AZ,7,2021-11-22,DU,0
AZ,7,2021-11-22,R,0
AZ,7,2021-11-23,D1,1
AZ,7,2021-11-23,D2,310
AZ,7,2021-11-23,DU,0
AZ,7,2021-11-23,R,5
AZ,7,2021-11-24,D1,1
AZ,7,2021-11-24,D2,8
AZ,7,2021-11-24,DU,0
AZ,7,2021-11-24,R,6
AZ,7,2021-11-25,D1,1
AZ,7,2021-11-25,D2,3
AZ,7,2021-11-25,DU,0
AZ,7,2021-11-25,R,0
AZ,7,2021-11-26,D1,0
AZ,7,2021-11-26,D2,266
AZ,7,2021-11-26,DU,0
AZ,7,2021-11-26,R,1
AZ,7,2021-11-29,D1,0
AZ,7,2021-11-29,D2,1
AZ,7,2021-11-29,DU,0
AZ,7,2021-11-29,R,0
AZ,7,2021-11-30,D1,0
AZ,7,2021-11-30,D2,1
AZ,7,2021-11-30,DU,0
AZ,7,2021-11-30,R,0
AZ,7,2021-12-01,D1,0
AZ,7,2021-12-01,D2,3
AZ,7,2021-12-01,DU,0
AZ,7,2021-12-01,R,0
AZ,7,2021-12-02,D1,0
AZ,7,2021-12-02,D2,239
AZ,7,2021-12-02,DU,0
AZ,7,2021-12-02,R,0
AZ,7,2021-12-03,D1,0
AZ,7,2021-12-03,D2,6
AZ,7,2021-12-03,DU,0
AZ,7,2021-12-03,R,3
AZ,7,2021-12-04,D1,4
AZ,7,2021-12-04,D2,3
AZ,7,2021-12-04,DU,0
AZ,7,2021-12-04,R,111
AZ,7,2021-12-05,D1,0
AZ,7,2021-12-05,D2,2
AZ,7,2021-12-05,DU,0
AZ,7,2021-12-05,R,7
AZ,7,2021-12-06,D1,0
AZ,7,2021-12-06,D2,1
AZ,7,2021-12-06,DU,0
AZ,7,2021-12-06,R,5
AZ,7,2021-12-07,D1,9
AZ,7,2021-12-07,D2,41
AZ,7,2021-12-07,DU,0
AZ,7,2021-12-07,R,877
AZ,7,2021-12-08,D1,0
AZ,7,2021-12-08,D2,0
AZ,7,2021-12-08,DU,0
AZ,7,2021-12-08,R,6
AZ,7,2021-12-09,D1,0
AZ,7,2021-12-09,D2,0
AZ,7,2021-12-09,DU,0
AZ,7,2021-12-09,R,2
AZ,7,2021-12-10,D1,0
AZ,7,2021-12-10,D2,0
AZ,7,2021-12-10,DU,0
AZ,7,2021-12-10,R,2
AZ,7,2021-12-11,D1,0
AZ,7,2021-12-11,D2,0
AZ,7,2021-12-11,DU,0
AZ,7,2021-12-11,R,7
AZ,7,2021-12-13,D1,0
AZ,7,2021-12-13,D2,0
AZ,7,2021-12-13,DU,0
AZ,7,2021-12-13,R,1
AZ,7,2021-12-14,D1,7
AZ,7,2021-12-14,D2,18
AZ,7,2021-12-14,DU,0
AZ,7,2021-12-14,R,636
AZ,7,2021-12-15,D1,0
AZ,7,2021-12-15,D2,0
AZ,7,2021-12-15,DU,0
AZ,7,2021-12-15,R,2
AZ,7,2021-12-16,D1,0
AZ,7,2021-12-16,D2,1
AZ,7,2021-12-16,DU,0
AZ,7,2021-12-16,R,4
AZ,7,2021-12-17,D1,7
AZ,7,2021-12-17,D2,78
AZ,7,2021-12-17,DU,0
AZ,7,2021-12-17,R,411
AZ,7,2021-12-19,D1,0
AZ,7,2021-12-19,D2,2
AZ,7,2021-12-19,DU,0
AZ,7,2021-12-19,R,18
AZ,7,2021-12-20,D1,1
AZ,7,2021-12-20,D2,14
AZ,7,2021-12-20,DU,0
AZ,7,2021-12-20,R,214
AZ,7,2021-12-21,D1,0
AZ,7,2021-12-21,D2,3
AZ,7,2021-12-21,DU,0
AZ,7,2021-12-21,R,1
AZ,7,2021-12-22,D1,0
AZ,7,2021-12-22,D2,0
AZ,7,2021-12-22,DU,0
AZ,7,2021-12-22,R,6
AZ,7,2021-12-23,D1,3
AZ,7,2021-12-23,D2,25
AZ,7,2021-12-23,DU,0
AZ,7,2021-12-23,R,167
AZ,7,2021-12-26,D1,0
AZ,7,2021-12-26,D2,0
AZ,7,2021-12-26,DU,0
AZ,7,2021-12-26,R,1
AZ,7,2021-12-27,D1,4
AZ,7,2021-12-27,D2,74
AZ,7,2021-12-27,DU,0
AZ,7,2021-12-27,R,393
AZ,7,2021-12-28,D1,7
AZ,7,2021-12-28,D2,85
AZ,7,2021-12-28,DU,0
AZ,7,2021-12-28,R,599
AZ,7,2021-12-29,D1,0
AZ,7,2021-12-29,D2,3
AZ,7,2021-12-29,DU,0
AZ,7,2021-12-29,R,1
AZ,7,2022-01-03,D1,6
AZ,7,2022-01-03,D2,43
AZ,7,2022-01-03,DU,0
AZ,7,2022-01-03,R,300
AZ,7,2022-01-04,D1,3
AZ,7,2022-01-04,D2,94
AZ,7,2022-01-04,DU,0
AZ,7,2022-01-04,R,899
AZ,7,2022-01-05,D1,0
AZ,7,2022-01-05,D2,2
AZ,7,2022-01-05,DU,0
AZ,7,2022-01-05,R,11
AZ,7,2022-01-06,D1,0
AZ,7,2022-01-06,D2,1
AZ,7,2022-01-06,DU,0
AZ,7,2022-01-06,R,0
AZ,7,2022-01-07,D1,0
AZ,7,2022-01-07,D2,1
AZ,7,2022-01-07,DU,0
AZ,7,2022-01-07,R,4
AZ,7,2022-01-08,D1,0
AZ,7,2022-01-08,D2,1
AZ,7,2022-01-08,DU,0
AZ,7,2022-01-08,R,15
AZ,7,2022-01-10,D1,7
AZ,7,2022-01-10,D2,97
AZ,7,2022-01-10,DU,5
AZ,7,2022-01-10,R,2374
AZ,7,2022-01-11,D1,11
AZ,7,2022-01-11,D2,93
AZ,7,2022-01-11,DU,2
AZ,7,2022-01-11,R,2405
AZ,7,2022-01-12,D1,0
AZ,7,2022-01-12,D2,0
AZ,7,2022-01-12,DU,0
AZ,7,2022-01-12,R,10
AZ,7,2022-01-13,D1,7
AZ,7,2022-01-13,D2,78
AZ,7,2022-01-13,DU,0
AZ,7,2022-01-13,R,1361
AZ,7,2022-01-14,D1,0
AZ,7,2022-01-14,D2,7
AZ,7,2022-01-14,DU,0
AZ,7,2022-01-14,R,76
AZ,8,2021-01-20,D1,3
AZ,8,2021-01-20,D2,0
AZ,8,2021-01-20,DU,0
AZ,8,2021-01-20,R,0
AZ,8,2021-01-21,D1,9
AZ,8,2021-01-21,D2,0
AZ,8,2021-01-21,DU,0
AZ,8,2021-01-21,R,0
AZ,8,2021-01-22,D1,6
AZ,8,2021-01-22,D2,2
AZ,8,2021-01-22,DU,0
AZ,8,2021-01-22,R,0
AZ,8,2021-01-23,D1,2
AZ,8,2021-01-23,D2,0
AZ,8,2021-01-23,DU,0
AZ,8,2021-01-23,R,0
AZ,8,2021-01-24,D1,1
AZ,8,2021-01-24,D2,0
AZ,8,2021-01-24,DU,0
AZ,8,2021-01-24,R,0
AZ,8,2021-01-25,D1,3
AZ,8,2021-01-25,D2,0
AZ,8,2021-01-25,DU,0
AZ,8,2021-01-25,R,0
AZ,8,2021-01-26,D1,29
AZ,8,2021-01-26,D2,0
AZ,8,2021-01-26,DU,0
AZ,8,2021-01-26,R,0
AZ,8,2021-01-27,D1,445
AZ,8,2021-01-27,D2,0
AZ,8,2021-01-27,DU,0
AZ,8,2021-01-27,R,0
AZ,8,2021-01-28,D1,906
AZ,8,2021-01-28,D2,0
AZ,8,2021-01-28,DU,0
AZ,8,2021-01-28,R,0
AZ,8,2021-01-29,D1,762
AZ,8,2021-01-29,D2,0
AZ,8,2021-01-29,DU,0
AZ,8,2021-01-29,R,0
AZ,8,2021-01-30,D1,273
AZ,8,2021-01-30,D2,0
AZ,8,2021-01-30,DU,0
AZ,8,2021-01-30,R,0
AZ,8,2021-01-31,D1,62
AZ,8,2021-01-31,D2,0
AZ,8,2021-01-31,DU,0
AZ,8,2021-01-31,R,0
AZ,8,2021-02-01,D1,610
AZ,8,2021-02-01,D2,0
AZ,8,2021-02-01,DU,0
AZ,8,2021-02-01,R,0
AZ,8,2021-02-02,D1,777
AZ,8,2021-02-02,D2,0
AZ,8,2021-02-02,DU,0
AZ,8,2021-02-02,R,0
AZ,8,2021-02-03,D1,803
AZ,8,2021-02-03,D2,0
AZ,8,2021-02-03,DU,0
AZ,8,2021-02-03,R,0
AZ,8,2021-02-04,D1,750
AZ,8,2021-02-04,D2,0
AZ,8,2021-02-04,DU,0
AZ,8,2021-02-04,R,0
AZ,8,2021-02-05,D1,467
AZ,8,2021-02-05,D2,0
AZ,8,2021-02-05,DU,0
AZ,8,2021-02-05,R,0
AZ,8,2021-02-06,D1,89
AZ,8,2021-02-06,D2,0
AZ,8,2021-02-06,DU,0
AZ,8,2021-02-06,R,0
AZ,8,2021-02-07,D1,25
AZ,8,2021-02-07,D2,0
AZ,8,2021-02-07,DU,0
AZ,8,2021-02-07,R,0
AZ,8,2021-02-08,D1,277
AZ,8,2021-02-08,D2,1
AZ,8,2021-02-08,DU,0
AZ,8,2021-02-08,R,0
AZ,8,2021-02-09,D1,432
AZ,8,2021-02-09,D2,0
AZ,8,2021-02-09,DU,0
AZ,8,2021-02-09,R,0
AZ,8,2021-02-10,D1,349
AZ,8,2021-02-10,D2,0
AZ,8,2021-02-10,DU,0
AZ,8,2021-02-10,R,0
AZ,8,2021-02-11,D1,330
AZ,8,2021-02-11,D2,0
AZ,8,2021-02-11,DU,0
AZ,8,2021-02-11,R,0
AZ,8,2021-02-12,D1,237
AZ,8,2021-02-12,D2,0
AZ,8,2021-02-12,DU,0
AZ,8,2021-02-12,R,0
AZ,8,2021-02-13,D1,45
AZ,8,2021-02-13,D2,0
AZ,8,2021-02-13,DU,0
AZ,8,2021-02-13,R,0
AZ,8,2021-02-14,D1,14
AZ,8,2021-02-14,D2,0
AZ,8,2021-02-14,DU,0
AZ,8,2021-02-14,R,0
AZ,8,2021-02-15,D1,115
AZ,8,2021-02-15,D2,1
AZ,8,2021-02-15,DU,0
AZ,8,2021-02-15,R,0
AZ,8,2021-02-16,D1,79
AZ,8,2021-02-16,D2,0
AZ,8,2021-02-16,DU,0
AZ,8,2021-02-16,R,0
AZ,8,2021-02-17,D1,83
AZ,8,2021-02-17,D2,0
AZ,8,2021-02-17,DU,0
AZ,8,2021-02-17,R,0
AZ,8,2021-02-18,D1,118
AZ,8,2021-02-18,D2,1
AZ,8,2021-02-18,DU,0
AZ,8,2021-02-18,R,0
AZ,8,2021-02-19,D1,60
AZ,8,2021-02-19,D2,0
AZ,8,2021-02-19,DU,0
AZ,8,2021-02-19,R,0
AZ,8,2021-02-20,D1,19
AZ,8,2021-02-20,D2,0
AZ,8,2021-02-20,DU,0
AZ,8,2021-02-20,R,0
AZ,8,2021-02-21,D1,1
AZ,8,2021-02-21,D2,0
AZ,8,2021-02-21,DU,0
AZ,8,2021-02-21,R,0
AZ,8,2021-02-22,D1,53
AZ,8,2021-02-22,D2,0
AZ,8,2021-02-22,DU,0
AZ,8,2021-02-22,R,0
AZ,8,2021-02-23,D1,46
AZ,8,2021-02-23,D2,0
AZ,8,2021-02-23,DU,0
AZ,8,2021-02-23,R,0
AZ,8,2021-02-24,D1,48
AZ,8,2021-02-24,D2,1
AZ,8,2021-02-24,DU,0
AZ,8,2021-02-24,R,0
AZ,8,2021-02-25,D1,44
AZ,8,2021-02-25,D2,0
AZ,8,2021-02-25,DU,0
AZ,8,2021-02-25,R,0
AZ,8,2021-02-26,D1,77
AZ,8,2021-02-26,D2,0
AZ,8,2021-02-26,DU,0
AZ,8,2021-02-26,R,0
AZ,8,2021-02-27,D1,105
AZ,8,2021-02-27,D2,0
AZ,8,2021-02-27,DU,0
AZ,8,2021-02-27,R,0
AZ,8,2021-02-28,D1,20
AZ,8,2021-02-28,D2,0
AZ,8,2021-02-28,DU,0
AZ,8,2021-02-28,R,0
AZ,8,2021-03-01,D1,428
AZ,8,2021-03-01,D2,2
AZ,8,2021-03-01,DU,0
AZ,8,2021-03-01,R,0
AZ,8,2021-03-02,D1,460
AZ,8,2021-03-02,D2,2
AZ,8,2021-03-02,DU,0
AZ,8,2021-03-02,R,0
AZ,8,2021-03-03,D1,256
AZ,8,2021-03-03,D2,0
AZ,8,2021-03-03,DU,0
AZ,8,2021-03-03,R,0
AZ,8,2021-03-04,D1,226
AZ,8,2021-03-04,D2,0
AZ,8,2021-03-04,DU,0
AZ,8,2021-03-04,R,0
AZ,8,2021-03-05,D1,205
AZ,8,2021-03-05,D2,3
AZ,8,2021-03-05,DU,0
AZ,8,2021-03-05,R,0
AZ,8,2021-03-06,D1,39
AZ,8,2021-03-06,D2,0
AZ,8,2021-03-06,DU,0
AZ,8,2021-03-06,R,0
AZ,8,2021-03-07,D1,1
AZ,8,2021-03-07,D2,0
AZ,8,2021-03-07,DU,0
AZ,8,2021-03-07,R,0
AZ,8,2021-03-08,D1,121
AZ,8,2021-03-08,D2,0
AZ,8,2021-03-08,DU,0
AZ,8,2021-03-08,R,0
AZ,8,2021-03-09,D1,135
AZ,8,2021-03-09,D2,1
AZ,8,2021-03-09,DU,0
AZ,8,2021-03-09,R,0
AZ,8,2021-03-10,D1,165
AZ,8,2021-03-10,D2,1
AZ,8,2021-03-10,DU,0
AZ,8,2021-03-10,R,0
AZ,8,2021-03-11,D1,130
AZ,8,2021-03-11,D2,0
AZ,8,2021-03-11,DU,0
AZ,8,2021-03-11,R,0
AZ,8,2021-03-12,D1,83
AZ,8,2021-03-12,D2,1
AZ,8,2021-03-12,DU,0
AZ,8,2021-03-12,R,0
AZ,8,2021-03-13,D1,22
AZ,8,2021-03-13,D2,0
AZ,8,2021-03-13,DU,0
AZ,8,2021-03-13,R,0
AZ,8,2021-03-15,D1,26
AZ,8,2021-03-15,D2,0
AZ,8,2021-03-15,DU,0
AZ,8,2021-03-15,R,0
AZ,8,2021-03-16,D1,41
AZ,8,2021-03-16,D2,0
AZ,8,2021-03-16,DU,0
AZ,8,2021-03-16,R,0
AZ,8,2021-03-17,D1,17
AZ,8,2021-03-17,D2,0
AZ,8,2021-03-17,DU,0
AZ,8,2021-03-17,R,0
AZ,8,2021-03-18,D1,21
AZ,8,2021-03-18,D2,0
AZ,8,2021-03-18,DU,0
AZ,8,2021-03-18,R,0
AZ,8,2021-03-19,D1,16
AZ,8,2021-03-19,D2,0
AZ,8,2021-03-19,DU,0
AZ,8,2021-03-19,R,0
AZ,8,2021-03-20,D1,7
AZ,8,2021-03-20,D2,1
AZ,8,2021-03-20,DU,0
AZ,8,2021-03-20,R,0
AZ,8,2021-03-22,D1,21
AZ,8,2021-03-22,D2,0
AZ,8,2021-03-22,DU,0
AZ,8,2021-03-22,R,0
AZ,8,2021-03-23,D1,24
AZ,8,2021-03-23,D2,1
AZ,8,2021-03-23,DU,0
AZ,8,2021-03-23,R,0
AZ,8,2021-03-24,D1,32
AZ,8,2021-03-24,D2,1
AZ,8,2021-03-24,DU,0
AZ,8,2021-03-24,R,0
AZ,8,2021-03-25,D1,34
AZ,8,2021-03-25,D2,0
AZ,8,2021-03-25,DU,0
AZ,8,2021-03-25,R,0
AZ,8,2021-03-26,D1,100
AZ,8,2021-03-26,D2,0
AZ,8,2021-03-26,DU,0
AZ,8,2021-03-26,R,0
AZ,8,2021-03-27,D1,16
AZ,8,2021-03-27,D2,0
AZ,8,2021-03-27,DU,0
AZ,8,2021-03-27,R,0
AZ,8,2021-03-28,D1,2
AZ,8,2021-03-28,D2,1
AZ,8,2021-03-28,DU,0
AZ,8,2021-03-28,R,0
AZ,8,2021-03-29,D1,35
AZ,8,2021-03-29,D2,2
AZ,8,2021-03-29,DU,0
AZ,8,2021-03-29,R,0
AZ,8,2021-03-30,D1,68
AZ,8,2021-03-30,D2,1
AZ,8,2021-03-30,DU,0
AZ,8,2021-03-30,R,0
AZ,8,2021-03-31,D1,97
AZ,8,2021-03-31,D2,0
AZ,8,2021-03-31,DU,0
AZ,8,2021-03-31,R,0
AZ,8,2021-04-01,D1,311
AZ,8,2021-04-01,D2,0
AZ,8,2021-04-01,DU,0
AZ,8,2021-04-01,R,0
AZ,8,2021-04-02,D1,27
AZ,8,2021-04-02,D2,1
AZ,8,2021-04-02,DU,0
AZ,8,2021-04-02,R,0
AZ,8,2021-04-03,D1,9
AZ,8,2021-04-03,D2,0
AZ,8,2021-04-03,DU,0
AZ,8,2021-04-03,R,0
AZ,8,2021-04-05,D1,204
AZ,8,2021-04-05,D2,1
AZ,8,2021-04-05,DU,0
AZ,8,2021-04-05,R,0
AZ,8,2021-04-06,D1,181
AZ,8,2021-04-06,D2,0
AZ,8,2021-04-06,DU,0
AZ,8,2021-04-06,R,0
AZ,8,2021-04-07,D1,170
AZ,8,2021-04-07,D2,1
AZ,8,2021-04-07,DU,0
AZ,8,2021-04-07,R,0
AZ,8,2021-04-08,D1,153
AZ,8,2021-04-08,D2,1
AZ,8,2021-04-08,DU,0
AZ,8,2021-04-08,R,0
AZ,8,2021-04-09,D1,178
AZ,8,2021-04-09,D2,2
AZ,8,2021-04-09,DU,0
AZ,8,2021-04-09,R,0
AZ,8,2021-04-10,D1,878
AZ,8,2021-04-10,D2,0
AZ,8,2021-04-10,DU,0
AZ,8,2021-04-10,R,0
AZ,8,2021-04-11,D1,873
AZ,8,2021-04-11,D2,1
AZ,8,2021-04-11,DU,0
AZ,8,2021-04-11,R,0
AZ,8,2021-04-12,D1,10945
AZ,8,2021-04-12,D2,5
AZ,8,2021-04-12,DU,0
AZ,8,2021-04-12,R,0
AZ,8,2021-04-13,D1,12658
AZ,8,2021-04-13,D2,5
AZ,8,2021-04-13,DU,0
AZ,8,2021-04-13,R,0
AZ,8,2021-04-14,D1,13469
AZ,8,2021-04-14,D2,9
AZ,8,2021-04-14,DU,0
AZ,8,2021-04-14,R,0
AZ,8,2021-04-15,D1,6873
AZ,8,2021-04-15,D2,6
AZ,8,2021-04-15,DU,0
AZ,8,2021-04-15,R,0
AZ,8,2021-04-16,D1,5469
AZ,8,2021-04-16,D2,16
AZ,8,2021-04-16,DU,0
AZ,8,2021-04-16,R,0
AZ,8,2021-04-17,D1,2110
AZ,8,2021-04-17,D2,2
AZ,8,2021-04-17,DU,0
AZ,8,2021-04-17,R,0
AZ,8,2021-04-18,D1,2138
AZ,8,2021-04-18,D2,16
AZ,8,2021-04-18,DU,0
AZ,8,2021-04-18,R,0
AZ,8,2021-04-19,D1,12344
AZ,8,2021-04-19,D2,48
AZ,8,2021-04-19,DU,0
AZ,8,2021-04-19,R,0
AZ,8,2021-04-20,D1,27781
AZ,8,2021-04-20,D2,188
AZ,8,2021-04-20,DU,0
AZ,8,2021-04-20,R,0
AZ,8,2021-04-21,D1,56710
AZ,8,2021-04-21,D2,219
AZ,8,2021-04-21,DU,0
AZ,8,2021-04-21,R,0
AZ,8,2021-04-22,D1,27319
AZ,8,2021-04-22,D2,622
AZ,8,2021-04-22,DU,0
AZ,8,2021-04-22,R,0
AZ,8,2021-04-23,D1,36101
AZ,8,2021-04-23,D2,534
AZ,8,2021-04-23,DU,0
AZ,8,2021-04-23,R,0
AZ,8,2021-04-24,D1,8101
AZ,8,2021-04-24,D2,173
AZ,8,2021-04-24,DU,0
AZ,8,2021-04-24,R,0
AZ,8,2021-04-25,D1,948
AZ,8,2021-04-25,D2,32
AZ,8,2021-04-25,DU,0
AZ,8,2021-04-25,R,0
AZ,8,2021-04-26,D1,14996
AZ,8,2021-04-26,D2,531
AZ,8,2021-04-26,DU,0
AZ,8,2021-04-26,R,0
AZ,8,2021-04-27,D1,11834
AZ,8,2021-04-27,D2,565
AZ,8,2021-04-27,DU,0
AZ,8,2021-04-27,R,0
AZ,8,2021-04-28,D1,21955
AZ,8,2021-04-28,D2,588
AZ,8,2021-04-28,DU,0
AZ,8,2021-04-28,R,0
AZ,8,2021-04-29,D1,41201
AZ,8,2021-04-29,D2,565
AZ,8,2021-04-29,DU,0
AZ,8,2021-04-29,R,0
AZ,8,2021-04-30,D1,17861
AZ,8,2021-04-30,D2,321
AZ,8,2021-04-30,DU,0
AZ,8,2021-04-30,R,0
AZ,8,2021-05-01,D1,4500
AZ,8,2021-05-01,D2,50
AZ,8,2021-05-01,DU,0
AZ,8,2021-05-01,R,0
AZ,8,2021-05-02,D1,3507
AZ,8,2021-05-02,D2,5
AZ,8,2021-05-02,DU,0
AZ,8,2021-05-02,R,0
AZ,8,2021-05-03,D1,16938
AZ,8,2021-05-03,D2,614
AZ,8,2021-05-03,DU,0
AZ,8,2021-05-03,R,0
AZ,8,2021-05-04,D1,31877
AZ,8,2021-05-04,D2,515
AZ,8,2021-05-04,DU,0
AZ,8,2021-05-04,R,1
AZ,8,2021-05-05,D1,46814
AZ,8,2021-05-05,D2,480
AZ,8,2021-05-05,DU,0
AZ,8,2021-05-05,R,0
AZ,8,2021-05-06,D1,65911
AZ,8,2021-05-06,D2,321
AZ,8,2021-05-06,DU,0
AZ,8,2021-05-06,R,0
AZ,8,2021-05-07,D1,43360
AZ,8,2021-05-07,D2,280
AZ,8,2021-05-07,DU,0
AZ,8,2021-05-07,R,0
AZ,8,2021-05-08,D1,19992
AZ,8,2021-05-08,D2,83
AZ,8,2021-05-08,DU,0
AZ,8,2021-05-08,R,0
AZ,8,2021-05-09,D1,631
AZ,8,2021-05-09,D2,1
AZ,8,2021-05-09,DU,0
AZ,8,2021-05-09,R,0
AZ,8,2021-05-10,D1,16231
AZ,8,2021-05-10,D2,355
AZ,8,2021-05-10,DU,0
AZ,8,2021-05-10,R,0
AZ,8,2021-05-11,D1,11419
AZ,8,2021-05-11,D2,174
AZ,8,2021-05-11,DU,0
AZ,8,2021-05-11,R,0
AZ,8,2021-05-12,D1,7154
AZ,8,2021-05-12,D2,141
AZ,8,2021-05-12,DU,0
AZ,8,2021-05-12,R,0
AZ,8,2021-05-13,D1,6015
AZ,8,2021-05-13,D2,118
AZ,8,2021-05-13,DU,0
AZ,8,2021-05-13,R,0
AZ,8,2021-05-14,D1,4261
AZ,8,2021-05-14,D2,86
AZ,8,2021-05-14,DU,0
AZ,8,2021-05-14,R,0
AZ,8,2021-05-15,D1,2667
AZ,8,2021-05-15,D2,36
AZ,8,2021-05-15,DU,0
AZ,8,2021-05-15,R,0
AZ,8,2021-05-16,D1,580
AZ,8,2021-05-16,D2,3
AZ,8,2021-05-16,DU,0
AZ,8,2021-05-16,R,0
AZ,8,2021-05-17,D1,3131
AZ,8,2021-05-17,D2,103
AZ,8,2021-05-17,DU,0
AZ,8,2021-05-17,R,0
AZ,8,2021-05-18,D1,3364
AZ,8,2021-05-18,D2,87
AZ,8,2021-05-18,DU,0
AZ,8,2021-05-18,R,0
AZ,8,2021-05-19,D1,2346
AZ,8,2021-05-19,D2,67
AZ,8,2021-05-19,DU,0
AZ,8,2021-05-19,R,0
AZ,8,2021-05-20,D1,2504
AZ,8,2021-05-20,D2,65
AZ,8,2021-05-20,DU,0
AZ,8,2021-05-20,R,0
AZ,8,2021-05-21,D1,2471
AZ,8,2021-05-21,D2,92
AZ,8,2021-05-21,DU,0
AZ,8,2021-05-21,R,0
AZ,8,2021-05-22,D1,982
AZ,8,2021-05-22,D2,53
AZ,8,2021-05-22,DU,0
AZ,8,2021-05-22,R,0
AZ,8,2021-05-23,D1,83
AZ,8,2021-05-23,D2,3
AZ,8,2021-05-23,DU,0
AZ,8,2021-05-23,R,0
AZ,8,2021-05-24,D1,1935
AZ,8,2021-05-24,D2,249
AZ,8,2021-05-24,DU,0
AZ,8,2021-05-24,R,0
AZ,8,2021-05-25,D1,1585
AZ,8,2021-05-25,D2,272
AZ,8,2021-05-25,DU,0
AZ,8,2021-05-25,R,0
AZ,8,2021-05-26,D1,1423
AZ,8,2021-05-26,D2,162
AZ,8,2021-05-26,DU,0
AZ,8,2021-05-26,R,0
AZ,8,2021-05-27,D1,1493
AZ,8,2021-05-27,D2,165
AZ,8,2021-05-27,DU,0
AZ,8,2021-05-27,R,0
AZ,8,2021-05-28,D1,1799
AZ,8,2021-05-28,D2,147
AZ,8,2021-05-28,DU,0
AZ,8,2021-05-28,R,0
AZ,8,2021-05-29,D1,796
AZ,8,2021-05-29,D2,54
AZ,8,2021-05-29,DU,0
AZ,8,2021-05-29,R,0
AZ,8,2021-05-30,D1,83
AZ,8,2021-05-30,D2,0
AZ,8,2021-05-30,DU,0
AZ,8,2021-05-30,R,0
AZ,8,2021-05-31,D1,1336
AZ,8,2021-05-31,D2,149
AZ,8,2021-05-31,DU,0
AZ,8,2021-05-31,R,0
AZ,8,2021-06-01,D1,1317
AZ,8,2021-06-01,D2,198
AZ,8,2021-06-01,DU,0
AZ,8,2021-06-01,R,0
AZ,8,2021-06-02,D1,1130
AZ,8,2021-06-02,D2,230
AZ,8,2021-06-02,DU,0
AZ,8,2021-06-02,R,0
AZ,8,2021-06-03,D1,409
AZ,8,2021-06-03,D2,125
AZ,8,2021-06-03,DU,0
AZ,8,2021-06-03,R,1
AZ,8,2021-06-04,D1,659
AZ,8,2021-06-04,D2,115
AZ,8,2021-06-04,DU,0
AZ,8,2021-06-04,R,0
AZ,8,2021-06-05,D1,427
AZ,8,2021-06-05,D2,110
AZ,8,2021-06-05,DU,0
AZ,8,2021-06-05,R,0
AZ,8,2021-06-06,D1,33
AZ,8,2021-06-06,D2,3
AZ,8,2021-06-06,DU,0
AZ,8,2021-06-06,R,0
AZ,8,2021-06-07,D1,1127
AZ,8,2021-06-07,D2,121
AZ,8,2021-06-07,DU,0
AZ,8,2021-06-07,R,0
AZ,8,2021-06-08,D1,916
AZ,8,2021-06-08,D2,118
AZ,8,2021-06-08,DU,0
AZ,8,2021-06-08,R,0
AZ,8,2021-06-09,D1,884
AZ,8,2021-06-09,D2,79
AZ,8,2021-06-09,DU,0
AZ,8,2021-06-09,R,0
AZ,8,2021-06-10,D1,906
AZ,8,2021-06-10,D2,86
AZ,8,2021-06-10,DU,0
AZ,8,2021-06-10,R,0
AZ,8,2021-06-11,D1,804
AZ,8,2021-06-11,D2,87
AZ,8,2021-06-11,DU,0
AZ,8,2021-06-11,R,0
AZ,8,2021-06-12,D1,483
AZ,8,2021-06-12,D2,12
AZ,8,2021-06-12,DU,0
AZ,8,2021-06-12,R,0
AZ,8,2021-06-13,D1,17
AZ,8,2021-06-13,D2,0
AZ,8,2021-06-13,DU,0
AZ,8,2021-06-13,R,0
AZ,8,2021-06-14,D1,792
AZ,8,2021-06-14,D2,73
AZ,8,2021-06-14,DU,0
AZ,8,2021-06-14,R,0
AZ,8,2021-06-15,D1,880
AZ,8,2021-06-15,D2,48
AZ,8,2021-06-15,DU,0
AZ,8,2021-06-15,R,0
AZ,8,2021-06-16,D1,930
AZ,8,2021-06-16,D2,53
AZ,8,2021-06-16,DU,0
AZ,8,2021-06-16,R,0
AZ,8,2021-06-17,D1,937
AZ,8,2021-06-17,D2,96
AZ,8,2021-06-17,DU,0
AZ,8,2021-06-17,R,0
AZ,8,2021-06-18,D1,899
AZ,8,2021-06-18,D2,102
AZ,8,2021-06-18,DU,0
AZ,8,2021-06-18,R,0
AZ,8,2021-06-19,D1,526
AZ,8,2021-06-19,D2,45
AZ,8,2021-06-19,DU,0
AZ,8,2021-06-19,R,0
AZ,8,2021-06-20,D1,40
AZ,8,2021-06-20,D2,4
AZ,8,2021-06-20,DU,0
AZ,8,2021-06-20,R,0
AZ,8,2021-06-21,D1,664
AZ,8,2021-06-21,D2,89
AZ,8,2021-06-21,DU,0
AZ,8,2021-06-21,R,1
AZ,8,2021-06-22,D1,504
AZ,8,2021-06-22,D2,196
AZ,8,2021-06-22,DU,0
AZ,8,2021-06-22,R,0
AZ,8,2021-06-23,D1,314
AZ,8,2021-06-23,D2,115
AZ,8,2021-06-23,DU,0
AZ,8,2021-06-23,R,1
AZ,8,2021-06-24,D1,365
AZ,8,2021-06-24,D2,126
AZ,8,2021-06-24,DU,0
AZ,8,2021-06-24,R,0
AZ,8,2021-06-25,D1,222
AZ,8,2021-06-25,D2,131
AZ,8,2021-06-25,DU,0
AZ,8,2021-06-25,R,0
AZ,8,2021-06-26,D1,169
AZ,8,2021-06-26,D2,59
AZ,8,2021-06-26,DU,0
AZ,8,2021-06-26,R,0
AZ,8,2021-06-27,D1,4
AZ,8,2021-06-27,D2,1
AZ,8,2021-06-27,DU,0
AZ,8,2021-06-27,R,0
AZ,8,2021-06-28,D1,247
AZ,8,2021-06-28,D2,561
AZ,8,2021-06-28,DU,0
AZ,8,2021-06-28,R,0
AZ,8,2021-06-29,D1,224
AZ,8,2021-06-29,D2,511
AZ,8,2021-06-29,DU,0
AZ,8,2021-06-29,R,0
AZ,8,2021-06-30,D1,282
AZ,8,2021-06-30,D2,575
AZ,8,2021-06-30,DU,0
AZ,8,2021-06-30,R,0
AZ,8,2021-07-01,D1,379
AZ,8,2021-07-01,D2,554
AZ,8,2021-07-01,DU,0
AZ,8,2021-07-01,R,1
AZ,8,2021-07-02,D1,413
AZ,8,2021-07-02,D2,1420
AZ,8,2021-07-02,DU,0
AZ,8,2021-07-02,R,0
AZ,8,2021-07-03,D1,127
AZ,8,2021-07-03,D2,1509
AZ,8,2021-07-03,DU,0
AZ,8,2021-07-03,R,0
AZ,8,2021-07-04,D1,4
AZ,8,2021-07-04,D2,459
AZ,8,2021-07-04,DU,0
AZ,8,2021-07-04,R,0
AZ,8,2021-07-05,D1,375
AZ,8,2021-07-05,D2,6539
AZ,8,2021-07-05,DU,0
AZ,8,2021-07-05,R,0
AZ,8,2021-07-06,D1,286
AZ,8,2021-07-06,D2,7940
AZ,8,2021-07-06,DU,0
AZ,8,2021-07-06,R,0
AZ,8,2021-07-07,D1,223
AZ,8,2021-07-07,D2,8792
AZ,8,2021-07-07,DU,0
AZ,8,2021-07-07,R,1
AZ,8,2021-07-08,D1,256
AZ,8,2021-07-08,D2,6123
AZ,8,2021-07-08,DU,0
AZ,8,2021-07-08,R,0
AZ,8,2021-07-09,D1,150
AZ,8,2021-07-09,D2,1371
AZ,8,2021-07-09,DU,0
AZ,8,2021-07-09,R,0
AZ,8,2021-07-10,D1,65
AZ,8,2021-07-10,D2,3613
AZ,8,2021-07-10,DU,0
AZ,8,2021-07-10,R,0
AZ,8,2021-07-11,D1,5
AZ,8,2021-07-11,D2,283
AZ,8,2021-07-11,DU,0
AZ,8,2021-07-11,R,0
AZ,8,2021-07-12,D1,299
AZ,8,2021-07-12,D2,10893
AZ,8,2021-07-12,DU,0
AZ,8,2021-07-12,R,0
AZ,8,2021-07-13,D1,252
AZ,8,2021-07-13,D2,15519
AZ,8,2021-07-13,DU,0
AZ,8,2021-07-13,R,1
AZ,8,2021-07-14,D1,263
AZ,8,2021-07-14,D2,35778
AZ,8,2021-07-14,DU,0
AZ,8,2021-07-14,R,3
AZ,8,2021-07-15,D1,174
AZ,8,2021-07-15,D2,25779
AZ,8,2021-07-15,DU,0
AZ,8,2021-07-15,R,1
AZ,8,2021-07-16,D1,132
AZ,8,2021-07-16,D2,25060
AZ,8,2021-07-16,DU,0
AZ,8,2021-07-16,R,1
AZ,8,2021-07-17,D1,108
AZ,8,2021-07-17,D2,11817
AZ,8,2021-07-17,DU,0
AZ,8,2021-07-17,R,0
AZ,8,2021-07-18,D1,2
AZ,8,2021-07-18,D2,226
AZ,8,2021-07-18,DU,0
AZ,8,2021-07-18,R,1
AZ,8,2021-07-19,D1,103
AZ,8,2021-07-19,D2,16058
AZ,8,2021-07-19,DU,0
AZ,8,2021-07-19,R,0
AZ,8,2021-07-20,D1,89
AZ,8,2021-07-20,D2,17921
AZ,8,2021-07-20,DU,0
AZ,8,2021-07-20,R,2
AZ,8,2021-07-21,D1,184
AZ,8,2021-07-21,D2,25082
AZ,8,2021-07-21,DU,0
AZ,8,2021-07-21,R,4
AZ,8,2021-07-22,D1,182
AZ,8,2021-07-22,D2,32420
AZ,8,2021-07-22,DU,0
AZ,8,2021-07-22,R,0
AZ,8,2021-07-23,D1,223
AZ,8,2021-07-23,D2,23107
AZ,8,2021-07-23,DU,0
AZ,8,2021-07-23,R,2
AZ,8,2021-07-24,D1,91
AZ,8,2021-07-24,D2,8803
AZ,8,2021-07-24,DU,0
AZ,8,2021-07-24,R,0
AZ,8,2021-07-25,D1,12
AZ,8,2021-07-25,D2,3906
AZ,8,2021-07-25,DU,0
AZ,8,2021-07-25,R,0
AZ,8,2021-07-26,D1,278
AZ,8,2021-07-26,D2,21638
AZ,8,2021-07-26,DU,0
AZ,8,2021-07-26,R,2
AZ,8,2021-07-27,D1,281
AZ,8,2021-07-27,D2,33585
AZ,8,2021-07-27,DU,0
AZ,8,2021-07-27,R,4
AZ,8,2021-07-28,D1,168
AZ,8,2021-07-28,D2,37147
AZ,8,2021-07-28,DU,0
AZ,8,2021-07-28,R,1
AZ,8,2021-07-29,D1,297
AZ,8,2021-07-29,D2,45018
AZ,8,2021-07-29,DU,0
AZ,8,2021-07-29,R,3
AZ,8,2021-07-30,D1,156
AZ,8,2021-07-30,D2,30142
AZ,8,2021-07-30,DU,0
AZ,8,2021-07-30,R,1
AZ,8,2021-07-31,D1,92
AZ,8,2021-07-31,D2,16110
AZ,8,2021-07-31,DU,0
AZ,8,2021-07-31,R,1
AZ,8,2021-08-01,D1,5
AZ,8,2021-08-01,D2,387
AZ,8,2021-08-01,DU,0
AZ,8,2021-08-01,R,0
AZ,8,2021-08-02,D1,118
AZ,8,2021-08-02,D2,19633
AZ,8,2021-08-02,DU,0
AZ,8,2021-08-02,R,0
AZ,8,2021-08-03,D1,66
AZ,8,2021-08-03,D2,15164
AZ,8,2021-08-03,DU,0
AZ,8,2021-08-03,R,0
AZ,8,2021-08-04,D1,98
AZ,8,2021-08-04,D2,15009
AZ,8,2021-08-04,DU,0
AZ,8,2021-08-04,R,1
AZ,8,2021-08-05,D1,93
AZ,8,2021-08-05,D2,13859
AZ,8,2021-08-05,DU,0
AZ,8,2021-08-05,R,0
AZ,8,2021-08-06,D1,96
AZ,8,2021-08-06,D2,11828
AZ,8,2021-08-06,DU,0
AZ,8,2021-08-06,R,0
AZ,8,2021-08-07,D1,35
AZ,8,2021-08-07,D2,4703
AZ,8,2021-08-07,DU,0
AZ,8,2021-08-07,R,0
AZ,8,2021-08-08,D1,7
AZ,8,2021-08-08,D2,345
AZ,8,2021-08-08,DU,0
AZ,8,2021-08-08,R,0
AZ,8,2021-08-09,D1,87
AZ,8,2021-08-09,D2,8909
AZ,8,2021-08-09,DU,0
AZ,8,2021-08-09,R,0
AZ,8,2021-08-10,D1,52
AZ,8,2021-08-10,D2,6527
AZ,8,2021-08-10,DU,0
AZ,8,2021-08-10,R,0
AZ,8,2021-08-11,D1,32
AZ,8,2021-08-11,D2,4506
AZ,8,2021-08-11,DU,0
AZ,8,2021-08-11,R,0
AZ,8,2021-08-12,D1,50
AZ,8,2021-08-12,D2,3932
AZ,8,2021-08-12,DU,0
AZ,8,2021-08-12,R,1
AZ,8,2021-08-13,D1,42
AZ,8,2021-08-13,D2,3134
AZ,8,2021-08-13,DU,0
AZ,8,2021-08-13,R,0
AZ,8,2021-08-14,D1,32
AZ,8,2021-08-14,D2,1812
AZ,8,2021-08-14,DU,0
AZ,8,2021-08-14,R,0
AZ,8,2021-08-15,D1,14
AZ,8,2021-08-15,D2,472
AZ,8,2021-08-15,DU,0
AZ,8,2021-08-15,R,0
AZ,8,2021-08-16,D1,57
AZ,8,2021-08-16,D2,3157
AZ,8,2021-08-16,DU,0
AZ,8,2021-08-16,R,0
AZ,8,2021-08-17,D1,73
AZ,8,2021-08-17,D2,2837
AZ,8,2021-08-17,DU,0
AZ,8,2021-08-17,R,0
AZ,8,2021-08-18,D1,82
AZ,8,2021-08-18,D2,2516
AZ,8,2021-08-18,DU,0
AZ,8,2021-08-18,R,1
AZ,8,2021-08-19,D1,47
AZ,8,2021-08-19,D2,2577
AZ,8,2021-08-19,DU,0
AZ,8,2021-08-19,R,0
AZ,8,2021-08-20,D1,71
AZ,8,2021-08-20,D2,2309
AZ,8,2021-08-20,DU,0
AZ,8,2021-08-20,R,0
AZ,8,2021-08-21,D1,19
AZ,8,2021-08-21,D2,922
AZ,8,2021-08-21,DU,0
AZ,8,2021-08-21,R,2
AZ,8,2021-08-22,D1,4
AZ,8,2021-08-22,D2,35
AZ,8,2021-08-22,DU,0
AZ,8,2021-08-22,R,1
AZ,8,2021-08-23,D1,40
AZ,8,2021-08-23,D2,2168
AZ,8,2021-08-23,DU,0
AZ,8,2021-08-23,R,1
AZ,8,2021-08-24,D1,44
AZ,8,2021-08-24,D2,1668
AZ,8,2021-08-24,DU,0
AZ,8,2021-08-24,R,0
AZ,8,2021-08-25,D1,62
AZ,8,2021-08-25,D2,1707
AZ,8,2021-08-25,DU,0
AZ,8,2021-08-25,R,0
AZ,8,2021-08-26,D1,77
AZ,8,2021-08-26,D2,1299
AZ,8,2021-08-26,DU,0
AZ,8,2021-08-26,R,0
AZ,8,2021-08-27,D1,53
AZ,8,2021-08-27,D2,1154
AZ,8,2021-08-27,DU,0
AZ,8,2021-08-27,R,0
AZ,8,2021-08-28,D1,2
AZ,8,2021-08-28,D2,646
AZ,8,2021-08-28,DU,0
AZ,8,2021-08-28,R,0
AZ,8,2021-08-29,D1,1
AZ,8,2021-08-29,D2,13
AZ,8,2021-08-29,DU,0
AZ,8,2021-08-29,R,2
AZ,8,2021-08-30,D1,38
AZ,8,2021-08-30,D2,1363
AZ,8,2021-08-30,DU,0
AZ,8,2021-08-30,R,0
AZ,8,2021-08-31,D1,45
AZ,8,2021-08-31,D2,1120
AZ,8,2021-08-31,DU,0
AZ,8,2021-08-31,R,0
AZ,8,2021-09-01,D1,29
AZ,8,2021-09-01,D2,1086
AZ,8,2021-09-01,DU,0
AZ,8,2021-09-01,R,2
AZ,8,2021-09-02,D1,43
AZ,8,2021-09-02,D2,1089
AZ,8,2021-09-02,DU,0
AZ,8,2021-09-02,R,0
AZ,8,2021-09-03,D1,28
AZ,8,2021-09-03,D2,1107
AZ,8,2021-09-03,DU,0
AZ,8,2021-09-03,R,0
AZ,8,2021-09-04,D1,16
AZ,8,2021-09-04,D2,499
AZ,8,2021-09-04,DU,0
AZ,8,2021-09-04,R,0
AZ,8,2021-09-05,D1,1
AZ,8,2021-09-05,D2,63
AZ,8,2021-09-05,DU,0
AZ,8,2021-09-05,R,0
AZ,8,2021-09-06,D1,12
AZ,8,2021-09-06,D2,285
AZ,8,2021-09-06,DU,0
AZ,8,2021-09-06,R,0
AZ,8,2021-09-07,D1,2
AZ,8,2021-09-07,D2,122
AZ,8,2021-09-07,DU,0
AZ,8,2021-09-07,R,0
AZ,8,2021-09-08,D1,24
AZ,8,2021-09-08,D2,1114
AZ,8,2021-09-08,DU,0
AZ,8,2021-09-08,R,2
AZ,8,2021-09-09,D1,26
AZ,8,2021-09-09,D2,987
AZ,8,2021-09-09,DU,0
AZ,8,2021-09-09,R,3
AZ,8,2021-09-10,D1,18
AZ,8,2021-09-10,D2,836
AZ,8,2021-09-10,DU,0
AZ,8,2021-09-10,R,3
AZ,8,2021-09-11,D1,7
AZ,8,2021-09-11,D2,351
AZ,8,2021-09-11,DU,0
AZ,8,2021-09-11,R,394
AZ,8,2021-09-12,D1,0
AZ,8,2021-09-12,D2,10
AZ,8,2021-09-12,DU,0
AZ,8,2021-09-12,R,0
AZ,8,2021-09-13,D1,10
AZ,8,2021-09-13,D2,623
AZ,8,2021-09-13,DU,0
AZ,8,2021-09-13,R,41
AZ,8,2021-09-14,D1,12
AZ,8,2021-09-14,D2,584
AZ,8,2021-09-14,DU,0
AZ,8,2021-09-14,R,44
AZ,8,2021-09-15,D1,6
AZ,8,2021-09-15,D2,377
AZ,8,2021-09-15,DU,0
AZ,8,2021-09-15,R,23
AZ,8,2021-09-16,D1,10
AZ,8,2021-09-16,D2,406
AZ,8,2021-09-16,DU,0
AZ,8,2021-09-16,R,18
AZ,8,2021-09-17,D1,5
AZ,8,2021-09-17,D2,382
AZ,8,2021-09-17,DU,0
AZ,8,2021-09-17,R,18
AZ,8,2021-09-18,D1,2
AZ,8,2021-09-18,D2,176
AZ,8,2021-09-18,DU,0
AZ,8,2021-09-18,R,0
AZ,8,2021-09-19,D1,0
AZ,8,2021-09-19,D2,19
AZ,8,2021-09-19,DU,0
AZ,8,2021-09-19,R,0
AZ,8,2021-09-20,D1,12
AZ,8,2021-09-20,D2,440
AZ,8,2021-09-20,DU,0
AZ,8,2021-09-20,R,10
AZ,8,2021-09-21,D1,4
AZ,8,2021-09-21,D2,370
AZ,8,2021-09-21,DU,0
AZ,8,2021-09-21,R,4
AZ,8,2021-09-22,D1,9
AZ,8,2021-09-22,D2,260
AZ,8,2021-09-22,DU,0
AZ,8,2021-09-22,R,9
AZ,8,2021-09-23,D1,7
AZ,8,2021-09-23,D2,354
AZ,8,2021-09-23,DU,0
AZ,8,2021-09-23,R,8
AZ,8,2021-09-24,D1,7
AZ,8,2021-09-24,D2,354
AZ,8,2021-09-24,DU,0
AZ,8,2021-09-24,R,9
AZ,8,2021-09-25,D1,3
AZ,8,2021-09-25,D2,102
AZ,8,2021-09-25,DU,0
AZ,8,2021-09-25,R,0
AZ,8,2021-09-26,D1,1
AZ,8,2021-09-26,D2,3
AZ,8,2021-09-26,DU,0
AZ,8,2021-09-26,R,0
AZ,8,2021-09-27,D1,7
AZ,8,2021-09-27,D2,288
AZ,8,2021-09-27,DU,0
AZ,8,2021-09-27,R,6
AZ,8,2021-09-28,D1,4
AZ,8,2021-09-28,D2,175
AZ,8,2021-09-28,DU,0
AZ,8,2021-09-28,R,5
AZ,8,2021-09-29,D1,7
AZ,8,2021-09-29,D2,180
AZ,8,2021-09-29,DU,0
AZ,8,2021-09-29,R,6
AZ,8,2021-09-30,D1,2
AZ,8,2021-09-30,D2,222
AZ,8,2021-09-30,DU,0
AZ,8,2021-09-30,R,4
AZ,8,2021-10-01,D1,1
AZ,8,2021-10-01,D2,217
AZ,8,2021-10-01,DU,0
AZ,8,2021-10-01,R,6
AZ,8,2021-10-02,D1,2
AZ,8,2021-10-02,D2,212
AZ,8,2021-10-02,DU,0
AZ,8,2021-10-02,R,5
AZ,8,2021-10-03,D1,0
AZ,8,2021-10-03,D2,7
AZ,8,2021-10-03,DU,0
AZ,8,2021-10-03,R,0
AZ,8,2021-10-04,D1,2
AZ,8,2021-10-04,D2,165
AZ,8,2021-10-04,DU,0
AZ,8,2021-10-04,R,8
AZ,8,2021-10-05,D1,1
AZ,8,2021-10-05,D2,160
AZ,8,2021-10-05,DU,0
AZ,8,2021-10-05,R,4
AZ,8,2021-10-06,D1,2
AZ,8,2021-10-06,D2,203
AZ,8,2021-10-06,DU,0
AZ,8,2021-10-06,R,3
AZ,8,2021-10-07,D1,2
AZ,8,2021-10-07,D2,192
AZ,8,2021-10-07,DU,0
AZ,8,2021-10-07,R,7
AZ,8,2021-10-08,D1,3
AZ,8,2021-10-08,D2,196
AZ,8,2021-10-08,DU,0
AZ,8,2021-10-08,R,5
AZ,8,2021-10-09,D1,0
AZ,8,2021-10-09,D2,54
AZ,8,2021-10-09,DU,0
AZ,8,2021-10-09,R,1
AZ,8,2021-10-10,D1,0
AZ,8,2021-10-10,D2,2
AZ,8,2021-10-10,DU,0
AZ,8,2021-10-10,R,0
AZ,8,2021-10-11,D1,1
AZ,8,2021-10-11,D2,19
AZ,8,2021-10-11,DU,0
AZ,8,2021-10-11,R,0
AZ,8,2021-10-12,D1,0
AZ,8,2021-10-12,D2,11
AZ,8,2021-10-12,DU,0
AZ,8,2021-10-12,R,0
AZ,8,2021-10-13,D1,6
AZ,8,2021-10-13,D2,189
AZ,8,2021-10-13,DU,0
AZ,8,2021-10-13,R,11
AZ,8,2021-10-14,D1,2
AZ,8,2021-10-14,D2,162
AZ,8,2021-10-14,DU,0
AZ,8,2021-10-14,R,6
AZ,8,2021-10-15,D1,1
AZ,8,2021-10-15,D2,150
AZ,8,2021-10-15,DU,0
AZ,8,2021-10-15,R,17
AZ,8,2021-10-16,D1,1
AZ,8,2021-10-16,D2,114
AZ,8,2021-10-16,DU,0
AZ,8,2021-10-16,R,8
AZ,8,2021-10-18,D1,2
AZ,8,2021-10-18,D2,135
AZ,8,2021-10-18,DU,0
AZ,8,2021-10-18,R,4
AZ,8,2021-10-19,D1,3
AZ,8,2021-10-19,D2,109
AZ,8,2021-10-19,DU,0
AZ,8,2021-10-19,R,12
AZ,8,2021-10-20,D1,5
AZ,8,2021-10-20,D2,113
AZ,8,2021-10-20,DU,0
AZ,8,2021-10-20,R,2
AZ,8,2021-10-21,D1,0
AZ,8,2021-10-21,D2,97
AZ,8,2021-10-21,DU,0
AZ,8,2021-10-21,R,7
AZ,8,2021-10-22,D1,0
AZ,8,2021-10-22,D2,102
AZ,8,2021-10-22,DU,0
AZ,8,2021-10-22,R,11
AZ,8,2021-10-23,D1,1
AZ,8,2021-10-23,D2,42
AZ,8,2021-10-23,DU,0
AZ,8,2021-10-23,R,1
AZ,8,2021-10-24,D1,1
AZ,8,2021-10-24,D2,11
AZ,8,2021-10-24,DU,0
AZ,8,2021-10-24,R,0
AZ,8,2021-10-25,D1,0
AZ,8,2021-10-25,D2,81
AZ,8,2021-10-25,DU,0
AZ,8,2021-10-25,R,9
AZ,8,2021-10-26,D1,1
AZ,8,2021-10-26,D2,73
AZ,8,2021-10-26,DU,0
AZ,8,2021-10-26,R,12
AZ,8,2021-10-27,D1,2
AZ,8,2021-10-27,D2,59
AZ,8,2021-10-27,DU,0
AZ,8,2021-10-27,R,9
AZ,8,2021-10-28,D1,1
AZ,8,2021-10-28,D2,83
AZ,8,2021-10-28,DU,0
AZ,8,2021-10-28,R,23
AZ,8,2021-10-29,D1,1
AZ,8,2021-10-29,D2,46
AZ,8,2021-10-29,DU,0
AZ,8,2021-10-29,R,13
AZ,8,2021-10-30,D1,1
AZ,8,2021-10-30,D2,23
AZ,8,2021-10-30,DU,0
AZ,8,2021-10-30,R,2
AZ,8,2021-11-01,D1,0
AZ,8,2021-11-01,D2,10
AZ,8,2021-11-01,DU,0
AZ,8,2021-11-01,R,1
AZ,8,2021-11-02,D1,0
AZ,8,2021-11-02,D2,3
AZ,8,2021-11-02,DU,0
AZ,8,2021-11-02,R,0
AZ,8,2021-11-03,D1,2
AZ,8,2021-11-03,D2,90
AZ,8,2021-11-03,DU,0
AZ,8,2021-11-03,R,16
AZ,8,2021-11-04,D1,2
AZ,8,2021-11-04,D2,81
AZ,8,2021-11-04,DU,0
AZ,8,2021-11-04,R,31
AZ,8,2021-11-05,D1,2
AZ,8,2021-11-05,D2,84
AZ,8,2021-11-05,DU,0
AZ,8,2021-11-05,R,53
AZ,8,2021-11-06,D1,0
AZ,8,2021-11-06,D2,21
AZ,8,2021-11-06,DU,0
AZ,8,2021-11-06,R,4
AZ,8,2021-11-07,D1,0
AZ,8,2021-11-07,D2,2
AZ,8,2021-11-07,DU,0
AZ,8,2021-11-07,R,0
AZ,8,2021-11-08,D1,1
AZ,8,2021-11-08,D2,78
AZ,8,2021-11-08,DU,0
AZ,8,2021-11-08,R,19
AZ,8,2021-11-09,D1,1
AZ,8,2021-11-09,D2,76
AZ,8,2021-11-09,DU,0
AZ,8,2021-11-09,R,57
AZ,8,2021-11-10,D1,2
AZ,8,2021-11-10,D2,60
AZ,8,2021-11-10,DU,0
AZ,8,2021-11-10,R,40
AZ,8,2021-11-11,D1,3
AZ,8,2021-11-11,D2,80
AZ,8,2021-11-11,DU,0
AZ,8,2021-11-11,R,190
AZ,8,2021-11-12,D1,4
AZ,8,2021-11-12,D2,71
AZ,8,2021-11-12,DU,0
AZ,8,2021-11-12,R,194
AZ,8,2021-11-13,D1,0
AZ,8,2021-11-13,D2,36
AZ,8,2021-11-13,DU,0
AZ,8,2021-11-13,R,9
AZ,8,2021-11-15,D1,0
AZ,8,2021-11-15,D2,1
AZ,8,2021-11-15,DU,0
AZ,8,2021-11-15,R,10
AZ,8,2021-11-16,D1,2
AZ,8,2021-11-16,D2,41
AZ,8,2021-11-16,DU,0
AZ,8,2021-11-16,R,253
AZ,8,2021-11-17,D1,1
AZ,8,2021-11-17,D2,61
AZ,8,2021-11-17,DU,0
AZ,8,2021-11-17,R,300
AZ,8,2021-11-18,D1,0
AZ,8,2021-11-18,D2,3
AZ,8,2021-11-18,DU,0
AZ,8,2021-11-18,R,293
AZ,8,2021-11-19,D1,0
AZ,8,2021-11-19,D2,1
AZ,8,2021-11-19,DU,0
AZ,8,2021-11-19,R,3
AZ,8,2021-11-20,D1,2
AZ,8,2021-11-20,D2,1
AZ,8,2021-11-20,DU,0
AZ,8,2021-11-20,R,16
AZ,8,2021-11-23,D1,0
AZ,8,2021-11-23,D2,64
AZ,8,2021-11-23,DU,0
AZ,8,2021-11-23,R,9
AZ,8,2021-11-24,D1,0
AZ,8,2021-11-24,D2,1
AZ,8,2021-11-24,DU,0
AZ,8,2021-11-24,R,4
AZ,8,2021-11-26,D1,0
AZ,8,2021-11-26,D2,53
AZ,8,2021-11-26,DU,0
AZ,8,2021-11-26,R,1
AZ,8,2021-11-29,D1,0
AZ,8,2021-11-29,D2,1
AZ,8,2021-11-29,DU,0
AZ,8,2021-11-29,R,6
AZ,8,2021-11-30,D1,0
AZ,8,2021-11-30,D2,0
AZ,8,2021-11-30,DU,0
AZ,8,2021-11-30,R,1
AZ,8,2021-12-01,D1,0
AZ,8,2021-12-01,D2,1
AZ,8,2021-12-01,DU,0
AZ,8,2021-12-01,R,0
AZ,8,2021-12-02,D1,0
AZ,8,2021-12-02,D2,46
AZ,8,2021-12-02,DU,0
AZ,8,2021-12-02,R,1
AZ,8,2021-12-03,D1,0
AZ,8,2021-12-03,D2,0
AZ,8,2021-12-03,DU,0
AZ,8,2021-12-03,R,9
AZ,8,2021-12-04,D1,1
AZ,8,2021-12-04,D2,3
AZ,8,2021-12-04,DU,0
AZ,8,2021-12-04,R,647
AZ,8,2021-12-05,D1,0
AZ,8,2021-12-05,D2,0
AZ,8,2021-12-05,DU,0
AZ,8,2021-12-05,R,28
AZ,8,2021-12-06,D1,0
AZ,8,2021-12-06,D2,0
AZ,8,2021-12-06,DU,0
AZ,8,2021-12-06,R,29
AZ,8,2021-12-07,D1,5
AZ,8,2021-12-07,D2,16
AZ,8,2021-12-07,DU,0
AZ,8,2021-12-07,R,3410
AZ,8,2021-12-08,D1,0
AZ,8,2021-12-08,D2,0
AZ,8,2021-12-08,DU,0
AZ,8,2021-12-08,R,4
AZ,8,2021-12-09,D1,0
AZ,8,2021-12-09,D2,0
AZ,8,2021-12-09,DU,0
AZ,8,2021-12-09,R,4
AZ,8,2021-12-10,D1,0
AZ,8,2021-12-10,D2,0
AZ,8,2021-12-10,DU,0
AZ,8,2021-12-10,R,1
AZ,8,2021-12-11,D1,0
AZ,8,2021-12-11,D2,0
AZ,8,2021-12-11,DU,0
AZ,8,2021-12-11,R,4
AZ,8,2021-12-13,D1,0
AZ,8,2021-12-13,D2,0
AZ,8,2021-12-13,DU,0
AZ,8,2021-12-13,R,8
AZ,8,2021-12-14,D1,0
AZ,8,2021-12-14,D2,5
AZ,8,2021-12-14,DU,0
AZ,8,2021-12-14,R,1379
AZ,8,2021-12-15,D1,0
AZ,8,2021-12-15,D2,0
AZ,8,2021-12-15,DU,0
AZ,8,2021-12-15,R,3
AZ,8,2021-12-16,D1,0
AZ,8,2021-12-16,D2,0
AZ,8,2021-12-16,DU,0
AZ,8,2021-12-16,R,1
AZ,8,2021-12-17,D1,0
AZ,8,2021-12-17,D2,28
AZ,8,2021-12-17,DU,0
AZ,8,2021-12-17,R,584
AZ,8,2021-12-19,D1,0
AZ,8,2021-12-19,D2,0
AZ,8,2021-12-19,DU,0
AZ,8,2021-12-19,R,17
AZ,8,2021-12-20,D1,2
AZ,8,2021-12-20,D2,6
AZ,8,2021-12-20,DU,0
AZ,8,2021-12-20,R,233
AZ,8,2021-12-22,D1,0
AZ,8,2021-12-22,D2,0
AZ,8,2021-12-22,DU,0
AZ,8,2021-12-22,R,9
AZ,8,2021-12-23,D1,0
AZ,8,2021-12-23,D2,5
AZ,8,2021-12-23,DU,0
AZ,8,2021-12-23,R,189
AZ,8,2021-12-27,D1,3
AZ,8,2021-12-27,D2,16
AZ,8,2021-12-27,DU,0
AZ,8,2021-12-27,R,412
AZ,8,2021-12-28,D1,4
AZ,8,2021-12-28,D2,9
AZ,8,2021-12-28,DU,0
AZ,8,2021-12-28,R,551
AZ,8,2022-01-03,D1,2
AZ,8,2022-01-03,D2,7
AZ,8,2022-01-03,DU,0
AZ,8,2022-01-03,R,191
AZ,8,2022-01-04,D1,1
AZ,8,2022-01-04,D2,19
AZ,8,2022-01-04,DU,0
AZ,8,2022-01-04,R,597
AZ,8,2022-01-05,D1,0
AZ,8,2022-01-05,D2,0
AZ,8,2022-01-05,DU,0
AZ,8,2022-01-05,R,13
AZ,8,2022-01-08,D1,0
AZ,8,2022-01-08,D2,0
AZ,8,2022-01-08,DU,0
AZ,8,2022-01-08,R,3
AZ,8,2022-01-10,D1,2
AZ,8,2022-01-10,D2,20
AZ,8,2022-01-10,DU,1
AZ,8,2022-01-10,R,565
AZ,8,2022-01-11,D1,2
AZ,8,2022-01-11,D2,22
AZ,8,2022-01-11,DU,0
AZ,8,2022-01-11,R,723
AZ,8,2022-01-12,D1,0
AZ,8,2022-01-12,D2,1
AZ,8,2022-01-12,DU,0
AZ,8,2022-01-12,R,3
AZ,8,2022-01-13,D1,4
AZ,8,2022-01-13,D2,20
AZ,8,2022-01-13,DU,0
AZ,8,2022-01-13,R,445
AZ,8,2022-01-14,D1,0
AZ,8,2022-01-14,D2,1
AZ,8,2022-01-14,DU,0
AZ,8,2022-01-14,R,15
AZ,9,2021-01-19,D1,1
AZ,9,2021-01-19,D2,0
AZ,9,2021-01-19,DU,0
AZ,9,2021-01-19,R,0
AZ,9,2021-01-20,D1,2
AZ,9,2021-01-20,D2,0
AZ,9,2021-01-20,DU,0
AZ,9,2021-01-20,R,0
AZ,9,2021-01-21,D1,1
AZ,9,2021-01-21,D2,0
AZ,9,2021-01-21,DU,0
AZ,9,2021-01-21,R,0
AZ,9,2021-01-22,D1,1
AZ,9,2021-01-22,D2,0
AZ,9,2021-01-22,DU,0
AZ,9,2021-01-22,R,0
AZ,9,2021-01-25,D1,3
AZ,9,2021-01-25,D2,0
AZ,9,2021-01-25,DU,0
AZ,9,2021-01-25,R,0
AZ,9,2021-01-26,D1,10
AZ,9,2021-01-26,D2,0
AZ,9,2021-01-26,DU,0
AZ,9,2021-01-26,R,0
AZ,9,2021-01-27,D1,214
AZ,9,2021-01-27,D2,0
AZ,9,2021-01-27,DU,0
AZ,9,2021-01-27,R,0
AZ,9,2021-01-28,D1,390
AZ,9,2021-01-28,D2,1
AZ,9,2021-01-28,DU,0
AZ,9,2021-01-28,R,0
AZ,9,2021-01-29,D1,318
AZ,9,2021-01-29,D2,0
AZ,9,2021-01-29,DU,0
AZ,9,2021-01-29,R,0
AZ,9,2021-01-30,D1,137
AZ,9,2021-01-30,D2,0
AZ,9,2021-01-30,DU,0
AZ,9,2021-01-30,R,0
AZ,9,2021-01-31,D1,43
AZ,9,2021-01-31,D2,0
AZ,9,2021-01-31,DU,0
AZ,9,2021-01-31,R,0
AZ,9,2021-02-01,D1,286
AZ,9,2021-02-01,D2,0
AZ,9,2021-02-01,DU,0
AZ,9,2021-02-01,R,0
AZ,9,2021-02-02,D1,344
AZ,9,2021-02-02,D2,0
AZ,9,2021-02-02,DU,0
AZ,9,2021-02-02,R,0
AZ,9,2021-02-03,D1,295
AZ,9,2021-02-03,D2,0
AZ,9,2021-02-03,DU,0
AZ,9,2021-02-03,R,0
AZ,9,2021-02-04,D1,231
AZ,9,2021-02-04,D2,0
AZ,9,2021-02-04,DU,0
AZ,9,2021-02-04,R,0
AZ,9,2021-02-05,D1,182
AZ,9,2021-02-05,D2,0
AZ,9,2021-02-05,DU,0
AZ,9,2021-02-05,R,0
AZ,9,2021-02-06,D1,21
AZ,9,2021-02-06,D2,0
AZ,9,2021-02-06,DU,0
AZ,9,2021-02-06,R,0
AZ,9,2021-02-07,D1,8
AZ,9,2021-02-07,D2,1
AZ,9,2021-02-07,DU,0
AZ,9,2021-02-07,R,0
AZ,9,2021-02-08,D1,122
AZ,9,2021-02-08,D2,0
AZ,9,2021-02-08,DU,0
AZ,9,2021-02-08,R,0
AZ,9,2021-02-09,D1,171
AZ,9,2021-02-09,D2,0
AZ,9,2021-02-09,DU,0
AZ,9,2021-02-09,R,0
AZ,9,2021-02-10,D1,159
AZ,9,2021-02-10,D2,1
AZ,9,2021-02-10,DU,0
AZ,9,2021-02-10,R,0
AZ,9,2021-02-11,D1,170
AZ,9,2021-02-11,D2,0
AZ,9,2021-02-11,DU,0
AZ,9,2021-02-11,R,0
AZ,9,2021-02-12,D1,131
AZ,9,2021-02-12,D2,0
AZ,9,2021-02-12,DU,0
AZ,9,2021-02-12,R,0
AZ,9,2021-02-13,D1,26
AZ,9,2021-02-13,D2,1
AZ,9,2021-02-13,DU,0
AZ,9,2021-02-13,R,0
AZ,9,2021-02-14,D1,14
AZ,9,2021-02-14,D2,0
AZ,9,2021-02-14,DU,0
AZ,9,2021-02-14,R,0
AZ,9,2021-02-15,D1,70
AZ,9,2021-02-15,D2,0
AZ,9,2021-02-15,DU,0
AZ,9,2021-02-15,R,0
AZ,9,2021-02-16,D1,60
AZ,9,2021-02-16,D2,0
AZ,9,2021-02-16,DU,0
AZ,9,2021-02-16,R,0
AZ,9,2021-02-17,D1,61
AZ,9,2021-02-17,D2,0
AZ,9,2021-02-17,DU,0
AZ,9,2021-02-17,R,0
AZ,9,2021-02-18,D1,64
AZ,9,2021-02-18,D2,2
AZ,9,2021-02-18,DU,0
AZ,9,2021-02-18,R,0
AZ,9,2021-02-19,D1,55
AZ,9,2021-02-19,D2,0
AZ,9,2021-02-19,DU,0
AZ,9,2021-02-19,R,0
AZ,9,2021-02-20,D1,16
AZ,9,2021-02-20,D2,0
AZ,9,2021-02-20,DU,0
AZ,9,2021-02-20,R,0
AZ,9,2021-02-22,D1,58
AZ,9,2021-02-22,D2,0
AZ,9,2021-02-22,DU,0
AZ,9,2021-02-22,R,0
AZ,9,2021-02-23,D1,58
AZ,9,2021-02-23,D2,0
AZ,9,2021-02-23,DU,0
AZ,9,2021-02-23,R,0
AZ,9,2021-02-24,D1,89
AZ,9,2021-02-24,D2,0
AZ,9,2021-02-24,DU,0
AZ,9,2021-02-24,R,0
AZ,9,2021-02-25,D1,40
AZ,9,2021-02-25,D2,0
AZ,9,2021-02-25,DU,0
AZ,9,2021-02-25,R,0
AZ,9,2021-02-26,D1,195
AZ,9,2021-02-26,D2,0
AZ,9,2021-02-26,DU,0
AZ,9,2021-02-26,R,0
AZ,9,2021-02-27,D1,354
AZ,9,2021-02-27,D2,2
AZ,9,2021-02-27,DU,0
AZ,9,2021-02-27,R,0
AZ,9,2021-02-28,D1,70
AZ,9,2021-02-28,D2,0
AZ,9,2021-02-28,DU,0
AZ,9,2021-02-28,R,0
AZ,9,2021-03-01,D1,2028
AZ,9,2021-03-01,D2,0
AZ,9,2021-03-01,DU,0
AZ,9,2021-03-01,R,0
AZ,9,2021-03-02,D1,2625
AZ,9,2021-03-02,D2,2
AZ,9,2021-03-02,DU,0
AZ,9,2021-03-02,R,0
AZ,9,2021-03-03,D1,12149
AZ,9,2021-03-03,D2,0
AZ,9,2021-03-03,DU,0
AZ,9,2021-03-03,R,0
AZ,9,2021-03-04,D1,3607
AZ,9,2021-03-04,D2,3
AZ,9,2021-03-04,DU,0
AZ,9,2021-03-04,R,0
AZ,9,2021-03-05,D1,1619
AZ,9,2021-03-05,D2,6
AZ,9,2021-03-05,DU,0
AZ,9,2021-03-05,R,0
AZ,9,2021-03-06,D1,413
AZ,9,2021-03-06,D2,0
AZ,9,2021-03-06,DU,0
AZ,9,2021-03-06,R,0
AZ,9,2021-03-07,D1,4
AZ,9,2021-03-07,D2,0
AZ,9,2021-03-07,DU,0
AZ,9,2021-03-07,R,0
AZ,9,2021-03-08,D1,948
AZ,9,2021-03-08,D2,3
AZ,9,2021-03-08,DU,0
AZ,9,2021-03-08,R,0
AZ,9,2021-03-09,D1,663
AZ,9,2021-03-09,D2,0
AZ,9,2021-03-09,DU,0
AZ,9,2021-03-09,R,0
AZ,9,2021-03-10,D1,537
AZ,9,2021-03-10,D2,0
AZ,9,2021-03-10,DU,0
AZ,9,2021-03-10,R,0
AZ,9,2021-03-11,D1,337
AZ,9,2021-03-11,D2,1
AZ,9,2021-03-11,DU,0
AZ,9,2021-03-11,R,0
AZ,9,2021-03-12,D1,326
AZ,9,2021-03-12,D2,1
AZ,9,2021-03-12,DU,0
AZ,9,2021-03-12,R,0
AZ,9,2021-03-13,D1,258
AZ,9,2021-03-13,D2,0
AZ,9,2021-03-13,DU,0
AZ,9,2021-03-13,R,0
AZ,9,2021-03-14,D1,4
AZ,9,2021-03-14,D2,0
AZ,9,2021-03-14,DU,0
AZ,9,2021-03-14,R,0
AZ,9,2021-03-15,D1,537
AZ,9,2021-03-15,D2,1
AZ,9,2021-03-15,DU,0
AZ,9,2021-03-15,R,0
AZ,9,2021-03-16,D1,307
AZ,9,2021-03-16,D2,0
AZ,9,2021-03-16,DU,0
AZ,9,2021-03-16,R,0
AZ,9,2021-03-17,D1,107
AZ,9,2021-03-17,D2,1
AZ,9,2021-03-17,DU,0
AZ,9,2021-03-17,R,0
AZ,9,2021-03-18,D1,109
AZ,9,2021-03-18,D2,0
AZ,9,2021-03-18,DU,0
AZ,9,2021-03-18,R,0
AZ,9,2021-03-19,D1,145
AZ,9,2021-03-19,D2,2
AZ,9,2021-03-19,DU,0
AZ,9,2021-03-19,R,0
AZ,9,2021-03-20,D1,24
AZ,9,2021-03-20,D2,0
AZ,9,2021-03-20,DU,0
AZ,9,2021-03-20,R,0
AZ,9,2021-03-21,D1,1
AZ,9,2021-03-21,D2,0
AZ,9,2021-03-21,DU,0
AZ,9,2021-03-21,R,0
AZ,9,2021-03-22,D1,105
AZ,9,2021-03-22,D2,0
AZ,9,2021-03-22,DU,0
AZ,9,2021-03-22,R,0
AZ,9,2021-03-23,D1,112
AZ,9,2021-03-23,D2,3
AZ,9,2021-03-23,DU,0
AZ,9,2021-03-23,R,0
AZ,9,2021-03-24,D1,29
AZ,9,2021-03-24,D2,8
AZ,9,2021-03-24,DU,0
AZ,9,2021-03-24,R,0
AZ,9,2021-03-25,D1,60
AZ,9,2021-03-25,D2,4
AZ,9,2021-03-25,DU,0
AZ,9,2021-03-25,R,0
AZ,9,2021-03-26,D1,177
AZ,9,2021-03-26,D2,3
AZ,9,2021-03-26,DU,0
AZ,9,2021-03-26,R,0
AZ,9,2021-03-27,D1,20
AZ,9,2021-03-27,D2,1
AZ,9,2021-03-27,DU,0
AZ,9,2021-03-27,R,0
AZ,9,2021-03-29,D1,22
AZ,9,2021-03-29,D2,4
AZ,9,2021-03-29,DU,0
AZ,9,2021-03-29,R,0
AZ,9,2021-03-30,D1,58
AZ,9,2021-03-30,D2,2
AZ,9,2021-03-30,DU,0
AZ,9,2021-03-30,R,0
AZ,9,2021-03-31,D1,107
AZ,9,2021-03-31,D2,3
AZ,9,2021-03-31,DU,0
AZ,9,2021-03-31,R,0
AZ,9,2021-04-01,D1,104
AZ,9,2021-04-01,D2,0
AZ,9,2021-04-01,DU,0
AZ,9,2021-04-01,R,0
AZ,9,2021-04-02,D1,3
AZ,9,2021-04-02,D2,0
AZ,9,2021-04-02,DU,0
AZ,9,2021-04-02,R,0
AZ,9,2021-04-03,D1,3
AZ,9,2021-04-03,D2,0
AZ,9,2021-04-03,DU,0
AZ,9,2021-04-03,R,0
AZ,9,2021-04-05,D1,8
AZ,9,2021-04-05,D2,10
AZ,9,2021-04-05,DU,0
AZ,9,2021-04-05,R,0
AZ,9,2021-04-06,D1,12
AZ,9,2021-04-06,D2,0
AZ,9,2021-04-06,DU,0
AZ,9,2021-04-06,R,0
AZ,9,2021-04-07,D1,23
AZ,9,2021-04-07,D2,3
AZ,9,2021-04-07,DU,0
AZ,9,2021-04-07,R,0
AZ,9,2021-04-08,D1,5
AZ,9,2021-04-08,D2,2
AZ,9,2021-04-08,DU,0
AZ,9,2021-04-08,R,0
AZ,9,2021-04-09,D1,3
AZ,9,2021-04-09,D2,1
AZ,9,2021-04-09,DU,0
AZ,9,2021-04-09,R,0
AZ,9,2021-04-10,D1,16
AZ,9,2021-04-10,D2,0
AZ,9,2021-04-10,DU,0
AZ,9,2021-04-10,R,0
AZ,9,2021-04-11,D1,19
AZ,9,2021-04-11,D2,0
AZ,9,2021-04-11,DU,0
AZ,9,2021-04-11,R,0
AZ,9,2021-04-12,D1,266
AZ,9,2021-04-12,D2,0
AZ,9,2021-04-12,DU,0
AZ,9,2021-04-12,R,0
AZ,9,2021-04-13,D1,427
AZ,9,2021-04-13,D2,0
AZ,9,2021-04-13,DU,0
AZ,9,2021-04-13,R,0
AZ,9,2021-04-14,D1,555
AZ,9,2021-04-14,D2,3
AZ,9,2021-04-14,DU,0
AZ,9,2021-04-14,R,0
AZ,9,2021-04-15,D1,397
AZ,9,2021-04-15,D2,5
AZ,9,2021-04-15,DU,0
AZ,9,2021-04-15,R,0
AZ,9,2021-04-16,D1,309
AZ,9,2021-04-16,D2,3
AZ,9,2021-04-16,DU,0
AZ,9,2021-04-16,R,1
AZ,9,2021-04-17,D1,109
AZ,9,2021-04-17,D2,0
AZ,9,2021-04-17,DU,0
AZ,9,2021-04-17,R,0
AZ,9,2021-04-18,D1,9
AZ,9,2021-04-18,D2,5
AZ,9,2021-04-18,DU,0
AZ,9,2021-04-18,R,0
AZ,9,2021-04-19,D1,330
AZ,9,2021-04-19,D2,22
AZ,9,2021-04-19,DU,0
AZ,9,2021-04-19,R,0
AZ,9,2021-04-20,D1,450
AZ,9,2021-04-20,D2,99
AZ,9,2021-04-20,DU,0
AZ,9,2021-04-20,R,0
AZ,9,2021-04-21,D1,454
AZ,9,2021-04-21,D2,64
AZ,9,2021-04-21,DU,0
AZ,9,2021-04-21,R,0
AZ,9,2021-04-22,D1,549
AZ,9,2021-04-22,D2,231
AZ,9,2021-04-22,DU,0
AZ,9,2021-04-22,R,0
AZ,9,2021-04-23,D1,416
AZ,9,2021-04-23,D2,193
AZ,9,2021-04-23,DU,0
AZ,9,2021-04-23,R,0
AZ,9,2021-04-24,D1,214
AZ,9,2021-04-24,D2,102
AZ,9,2021-04-24,DU,0
AZ,9,2021-04-24,R,0
AZ,9,2021-04-25,D1,12
AZ,9,2021-04-25,D2,35
AZ,9,2021-04-25,DU,0
AZ,9,2021-04-25,R,0
AZ,9,2021-04-26,D1,326
AZ,9,2021-04-26,D2,215
AZ,9,2021-04-26,DU,0
AZ,9,2021-04-26,R,0
AZ,9,2021-04-27,D1,240
AZ,9,2021-04-27,D2,292
AZ,9,2021-04-27,DU,0
AZ,9,2021-04-27,R,1
AZ,9,2021-04-28,D1,312
AZ,9,2021-04-28,D2,241
AZ,9,2021-04-28,DU,0
AZ,9,2021-04-28,R,0
AZ,9,2021-04-29,D1,311
AZ,9,2021-04-29,D2,200
AZ,9,2021-04-29,DU,0
AZ,9,2021-04-29,R,0
AZ,9,2021-04-30,D1,314
AZ,9,2021-04-30,D2,138
AZ,9,2021-04-30,DU,0
AZ,9,2021-04-30,R,0
AZ,9,2021-05-01,D1,67
AZ,9,2021-05-01,D2,46
AZ,9,2021-05-01,DU,0
AZ,9,2021-05-01,R,0
AZ,9,2021-05-02,D1,18
AZ,9,2021-05-02,D2,0
AZ,9,2021-05-02,DU,0
AZ,9,2021-05-02,R,0
AZ,9,2021-05-03,D1,250
AZ,9,2021-05-03,D2,206
AZ,9,2021-05-03,DU,0
AZ,9,2021-05-03,R,0
AZ,9,2021-05-04,D1,306
AZ,9,2021-05-04,D2,232
AZ,9,2021-05-04,DU,0
AZ,9,2021-05-04,R,0
AZ,9,2021-05-05,D1,312
AZ,9,2021-05-05,D2,161
AZ,9,2021-05-05,DU,0
AZ,9,2021-05-05,R,0
AZ,9,2021-05-06,D1,275
AZ,9,2021-05-06,D2,132
AZ,9,2021-05-06,DU,0
AZ,9,2021-05-06,R,0
AZ,9,2021-05-07,D1,284
AZ,9,2021-05-07,D2,108
AZ,9,2021-05-07,DU,0
AZ,9,2021-05-07,R,0
AZ,9,2021-05-08,D1,136
AZ,9,2021-05-08,D2,61
AZ,9,2021-05-08,DU,0
AZ,9,2021-05-08,R,0
AZ,9,2021-05-09,D1,5
AZ,9,2021-05-09,D2,1
AZ,9,2021-05-09,DU,0
AZ,9,2021-05-09,R,0
AZ,9,2021-05-10,D1,217
AZ,9,2021-05-10,D2,173
AZ,9,2021-05-10,DU,0
AZ,9,2021-05-10,R,0
AZ,9,2021-05-11,D1,228
AZ,9,2021-05-11,D2,116
AZ,9,2021-05-11,DU,0
AZ,9,2021-05-11,R,0
AZ,9,2021-05-12,D1,206
AZ,9,2021-05-12,D2,85
AZ,9,2021-05-12,DU,0
AZ,9,2021-05-12,R,0
AZ,9,2021-05-13,D1,164
AZ,9,2021-05-13,D2,61
AZ,9,2021-05-13,DU,0
AZ,9,2021-05-13,R,0
AZ,9,2021-05-14,D1,138
AZ,9,2021-05-14,D2,61
AZ,9,2021-05-14,DU,0
AZ,9,2021-05-14,R,0
AZ,9,2021-05-15,D1,114
AZ,9,2021-05-15,D2,46
AZ,9,2021-05-15,DU,0
AZ,9,2021-05-15,R,0
AZ,9,2021-05-16,D1,10
AZ,9,2021-05-16,D2,4
AZ,9,2021-05-16,DU,0
AZ,9,2021-05-16,R,0
AZ,9,2021-05-17,D1,141
AZ,9,2021-05-17,D2,150
AZ,9,2021-05-17,DU,0
AZ,9,2021-05-17,R,0
AZ,9,2021-05-18,D1,177
AZ,9,2021-05-18,D2,95
AZ,9,2021-05-18,DU,0
AZ,9,2021-05-18,R,0
AZ,9,2021-05-19,D1,130
AZ,9,2021-05-19,D2,215
AZ,9,2021-05-19,DU,0
AZ,9,2021-05-19,R,0
AZ,9,2021-05-20,D1,151
AZ,9,2021-05-20,D2,176
AZ,9,2021-05-20,DU,0
AZ,9,2021-05-20,R,0
AZ,9,2021-05-21,D1,170
AZ,9,2021-05-21,D2,222
AZ,9,2021-05-21,DU,0
AZ,9,2021-05-21,R,0
AZ,9,2021-05-22,D1,45
AZ,9,2021-05-22,D2,260
AZ,9,2021-05-22,DU,0
AZ,9,2021-05-22,R,0
AZ,9,2021-05-23,D1,4
AZ,9,2021-05-23,D2,48
AZ,9,2021-05-23,DU,0
AZ,9,2021-05-23,R,0
AZ,9,2021-05-24,D1,123
AZ,9,2021-05-24,D2,1134
AZ,9,2021-05-24,DU,0
AZ,9,2021-05-24,R,0
AZ,9,2021-05-25,D1,125
AZ,9,2021-05-25,D2,1752
AZ,9,2021-05-25,DU,0
AZ,9,2021-05-25,R,0
AZ,9,2021-05-26,D1,130
AZ,9,2021-05-26,D2,5012
AZ,9,2021-05-26,DU,0
AZ,9,2021-05-26,R,0
AZ,9,2021-05-27,D1,129
AZ,9,2021-05-27,D2,2281
AZ,9,2021-05-27,DU,0
AZ,9,2021-05-27,R,0
AZ,9,2021-05-28,D1,151
AZ,9,2021-05-28,D2,1274
AZ,9,2021-05-28,DU,0
AZ,9,2021-05-28,R,0
AZ,9,2021-05-29,D1,46
AZ,9,2021-05-29,D2,494
AZ,9,2021-05-29,DU,0
AZ,9,2021-05-29,R,0
AZ,9,2021-05-30,D1,1
AZ,9,2021-05-30,D2,23
AZ,9,2021-05-30,DU,0
AZ,9,2021-05-30,R,0
AZ,9,2021-05-31,D1,95
AZ,9,2021-05-31,D2,902
AZ,9,2021-05-31,DU,0
AZ,9,2021-05-31,R,0
AZ,9,2021-06-01,D1,101
AZ,9,2021-06-01,D2,1999
AZ,9,2021-06-01,DU,0
AZ,9,2021-06-01,R,0
AZ,9,2021-06-02,D1,110
AZ,9,2021-06-02,D2,2150
AZ,9,2021-06-02,DU,0
AZ,9,2021-06-02,R,0
AZ,9,2021-06-03,D1,50
AZ,9,2021-06-03,D2,2062
AZ,9,2021-06-03,DU,0
AZ,9,2021-06-03,R,0
AZ,9,2021-06-04,D1,59
AZ,9,2021-06-04,D2,948
AZ,9,2021-06-04,DU,0
AZ,9,2021-06-04,R,0
AZ,9,2021-06-05,D1,65
AZ,9,2021-06-05,D2,599
AZ,9,2021-06-05,DU,0
AZ,9,2021-06-05,R,0
AZ,9,2021-06-06,D1,2
AZ,9,2021-06-06,D2,4
AZ,9,2021-06-06,DU,0
AZ,9,2021-06-06,R,0
AZ,9,2021-06-07,D1,96
AZ,9,2021-06-07,D2,1226
AZ,9,2021-06-07,DU,0
AZ,9,2021-06-07,R,0
AZ,9,2021-06-08,D1,94
AZ,9,2021-06-08,D2,635
AZ,9,2021-06-08,DU,0
AZ,9,2021-06-08,R,0
AZ,9,2021-06-09,D1,64
AZ,9,2021-06-09,D2,351
AZ,9,2021-06-09,DU,0
AZ,9,2021-06-09,R,1
AZ,9,2021-06-10,D1,90
AZ,9,2021-06-10,D2,320
AZ,9,2021-06-10,DU,0
AZ,9,2021-06-10,R,0
AZ,9,2021-06-11,D1,78
AZ,9,2021-06-11,D2,235
AZ,9,2021-06-11,DU,0
AZ,9,2021-06-11,R,0
AZ,9,2021-06-12,D1,31
AZ,9,2021-06-12,D2,35
AZ,9,2021-06-12,DU,0
AZ,9,2021-06-12,R,0
AZ,9,2021-06-13,D1,3
AZ,9,2021-06-13,D2,1
AZ,9,2021-06-13,DU,0
AZ,9,2021-06-13,R,0
AZ,9,2021-06-14,D1,67
AZ,9,2021-06-14,D2,251
AZ,9,2021-06-14,DU,0
AZ,9,2021-06-14,R,1
AZ,9,2021-06-15,D1,81
AZ,9,2021-06-15,D2,251
AZ,9,2021-06-15,DU,0
AZ,9,2021-06-15,R,1
AZ,9,2021-06-16,D1,78
AZ,9,2021-06-16,D2,148
AZ,9,2021-06-16,DU,0
AZ,9,2021-06-16,R,0
AZ,9,2021-06-17,D1,96
AZ,9,2021-06-17,D2,152
AZ,9,2021-06-17,DU,0
AZ,9,2021-06-17,R,0
AZ,9,2021-06-18,D1,95
AZ,9,2021-06-18,D2,82
AZ,9,2021-06-18,DU,0
AZ,9,2021-06-18,R,0
AZ,9,2021-06-19,D1,51
AZ,9,2021-06-19,D2,68
AZ,9,2021-06-19,DU,0
AZ,9,2021-06-19,R,0
AZ,9,2021-06-20,D1,2
AZ,9,2021-06-20,D2,4
AZ,9,2021-06-20,DU,0
AZ,9,2021-06-20,R,0
AZ,9,2021-06-21,D1,62
AZ,9,2021-06-21,D2,68
AZ,9,2021-06-21,DU,0
AZ,9,2021-06-21,R,0
AZ,9,2021-06-22,D1,49
AZ,9,2021-06-22,D2,69
AZ,9,2021-06-22,DU,0
AZ,9,2021-06-22,R,0
AZ,9,2021-06-23,D1,35
AZ,9,2021-06-23,D2,88
AZ,9,2021-06-23,DU,0
AZ,9,2021-06-23,R,0
AZ,9,2021-06-24,D1,46
AZ,9,2021-06-24,D2,70
AZ,9,2021-06-24,DU,0
AZ,9,2021-06-24,R,0
AZ,9,2021-06-25,D1,28
AZ,9,2021-06-25,D2,88
AZ,9,2021-06-25,DU,0
AZ,9,2021-06-25,R,0
AZ,9,2021-06-26,D1,23
AZ,9,2021-06-26,D2,47
AZ,9,2021-06-26,DU,0
AZ,9,2021-06-26,R,0
AZ,9,2021-06-27,D1,1
AZ,9,2021-06-27,D2,1
AZ,9,2021-06-27,DU,0
AZ,9,2021-06-27,R,0
AZ,9,2021-06-28,D1,23
AZ,9,2021-06-28,D2,51
AZ,9,2021-06-28,DU,0
AZ,9,2021-06-28,R,0
AZ,9,2021-06-29,D1,24
AZ,9,2021-06-29,D2,30
AZ,9,2021-06-29,DU,0
AZ,9,2021-06-29,R,0
AZ,9,2021-06-30,D1,44
AZ,9,2021-06-30,D2,43
AZ,9,2021-06-30,DU,0
AZ,9,2021-06-30,R,0
AZ,9,2021-07-01,D1,63
AZ,9,2021-07-01,D2,45
AZ,9,2021-07-01,DU,0
AZ,9,2021-07-01,R,0
AZ,9,2021-07-02,D1,50
AZ,9,2021-07-02,D2,68
AZ,9,2021-07-02,DU,0
AZ,9,2021-07-02,R,0
AZ,9,2021-07-03,D1,23
AZ,9,2021-07-03,D2,23
AZ,9,2021-07-03,DU,0
AZ,9,2021-07-03,R,0
AZ,9,2021-07-05,D1,62
AZ,9,2021-07-05,D2,171
AZ,9,2021-07-05,DU,0
AZ,9,2021-07-05,R,0
AZ,9,2021-07-06,D1,43
AZ,9,2021-07-06,D2,276
AZ,9,2021-07-06,DU,0
AZ,9,2021-07-06,R,0
AZ,9,2021-07-07,D1,39
AZ,9,2021-07-07,D2,305
AZ,9,2021-07-07,DU,0
AZ,9,2021-07-07,R,0
AZ,9,2021-07-08,D1,43
AZ,9,2021-07-08,D2,272
AZ,9,2021-07-08,DU,0
AZ,9,2021-07-08,R,0
AZ,9,2021-07-09,D1,16
AZ,9,2021-07-09,D2,63
AZ,9,2021-07-09,DU,0
AZ,9,2021-07-09,R,0
AZ,9,2021-07-10,D1,10
AZ,9,2021-07-10,D2,82
AZ,9,2021-07-10,DU,0
AZ,9,2021-07-10,R,0
AZ,9,2021-07-11,D1,0
AZ,9,2021-07-11,D2,6
AZ,9,2021-07-11,DU,0
AZ,9,2021-07-11,R,0
AZ,9,2021-07-12,D1,37
AZ,9,2021-07-12,D2,318
AZ,9,2021-07-12,DU,0
AZ,9,2021-07-12,R,0
AZ,9,2021-07-13,D1,29
AZ,9,2021-07-13,D2,295
AZ,9,2021-07-13,DU,0
AZ,9,2021-07-13,R,0
AZ,9,2021-07-14,D1,25
AZ,9,2021-07-14,D2,344
AZ,9,2021-07-14,DU,0
AZ,9,2021-07-14,R,0
AZ,9,2021-07-15,D1,12
AZ,9,2021-07-15,D2,479
AZ,9,2021-07-15,DU,0
AZ,9,2021-07-15,R,0
AZ,9,2021-07-16,D1,14
AZ,9,2021-07-16,D2,334
AZ,9,2021-07-16,DU,0
AZ,9,2021-07-16,R,0
AZ,9,2021-07-17,D1,14
AZ,9,2021-07-17,D2,265
AZ,9,2021-07-17,DU,0
AZ,9,2021-07-17,R,0
AZ,9,2021-07-18,D1,0
AZ,9,2021-07-18,D2,14
AZ,9,2021-07-18,DU,0
AZ,9,2021-07-18,R,0
AZ,9,2021-07-19,D1,14
AZ,9,2021-07-19,D2,333
AZ,9,2021-07-19,DU,0
AZ,9,2021-07-19,R,0
AZ,9,2021-07-20,D1,6
AZ,9,2021-07-20,D2,236
AZ,9,2021-07-20,DU,0
AZ,9,2021-07-20,R,0
AZ,9,2021-07-21,D1,7
AZ,9,2021-07-21,D2,270
AZ,9,2021-07-21,DU,0
AZ,9,2021-07-21,R,0
AZ,9,2021-07-22,D1,11
AZ,9,2021-07-22,D2,334
AZ,9,2021-07-22,DU,0
AZ,9,2021-07-22,R,0
AZ,9,2021-07-23,D1,24
AZ,9,2021-07-23,D2,303
AZ,9,2021-07-23,DU,0
AZ,9,2021-07-23,R,0
AZ,9,2021-07-24,D1,12
AZ,9,2021-07-24,D2,104
AZ,9,2021-07-24,DU,0
AZ,9,2021-07-24,R,0
AZ,9,2021-07-25,D1,0
AZ,9,2021-07-25,D2,24
AZ,9,2021-07-25,DU,0
AZ,9,2021-07-25,R,0
AZ,9,2021-07-26,D1,34
AZ,9,2021-07-26,D2,273
AZ,9,2021-07-26,DU,0
AZ,9,2021-07-26,R,0
AZ,9,2021-07-27,D1,26
AZ,9,2021-07-27,D2,341
AZ,9,2021-07-27,DU,0
AZ,9,2021-07-27,R,1
AZ,9,2021-07-28,D1,9
AZ,9,2021-07-28,D2,288
AZ,9,2021-07-28,DU,0
AZ,9,2021-07-28,R,0
AZ,9,2021-07-29,D1,9
AZ,9,2021-07-29,D2,222
AZ,9,2021-07-29,DU,0
AZ,9,2021-07-29,R,0
AZ,9,2021-07-30,D1,7
AZ,9,2021-07-30,D2,210
AZ,9,2021-07-30,DU,0
AZ,9,2021-07-30,R,0
AZ,9,2021-07-31,D1,4
AZ,9,2021-07-31,D2,127
AZ,9,2021-07-31,DU,0
AZ,9,2021-07-31,R,0
AZ,9,2021-08-02,D1,5
AZ,9,2021-08-02,D2,194
AZ,9,2021-08-02,DU,0
AZ,9,2021-08-02,R,0
AZ,9,2021-08-03,D1,3
AZ,9,2021-08-03,D2,205
AZ,9,2021-08-03,DU,0
AZ,9,2021-08-03,R,0
AZ,9,2021-08-04,D1,7
AZ,9,2021-08-04,D2,223
AZ,9,2021-08-04,DU,0
AZ,9,2021-08-04,R,0
AZ,9,2021-08-05,D1,14
AZ,9,2021-08-05,D2,192
AZ,9,2021-08-05,DU,0
AZ,9,2021-08-05,R,0
AZ,9,2021-08-06,D1,11
AZ,9,2021-08-06,D2,208
AZ,9,2021-08-06,DU,0
AZ,9,2021-08-06,R,0
AZ,9,2021-08-07,D1,4
AZ,9,2021-08-07,D2,107
AZ,9,2021-08-07,DU,0
AZ,9,2021-08-07,R,0
AZ,9,2021-08-08,D1,0
AZ,9,2021-08-08,D2,2
AZ,9,2021-08-08,DU,0
AZ,9,2021-08-08,R,0
AZ,9,2021-08-09,D1,9
AZ,9,2021-08-09,D2,192
AZ,9,2021-08-09,DU,0
AZ,9,2021-08-09,R,0
AZ,9,2021-08-10,D1,2
AZ,9,2021-08-10,D2,168
AZ,9,2021-08-10,DU,0
AZ,9,2021-08-10,R,0
AZ,9,2021-08-11,D1,2
AZ,9,2021-08-11,D2,148
AZ,9,2021-08-11,DU,0
AZ,9,2021-08-11,R,0
AZ,9,2021-08-12,D1,6
AZ,9,2021-08-12,D2,133
AZ,9,2021-08-12,DU,0
AZ,9,2021-08-12,R,0
AZ,9,2021-08-13,D1,6
AZ,9,2021-08-13,D2,128
AZ,9,2021-08-13,DU,0
AZ,9,2021-08-13,R,0
AZ,9,2021-08-14,D1,3
AZ,9,2021-08-14,D2,53
AZ,9,2021-08-14,DU,0
AZ,9,2021-08-14,R,0
AZ,9,2021-08-15,D1,0
AZ,9,2021-08-15,D2,11
AZ,9,2021-08-15,DU,0
AZ,9,2021-08-15,R,0
AZ,9,2021-08-16,D1,11
AZ,9,2021-08-16,D2,134
AZ,9,2021-08-16,DU,0
AZ,9,2021-08-16,R,0
AZ,9,2021-08-17,D1,16
AZ,9,2021-08-17,D2,115
AZ,9,2021-08-17,DU,0
AZ,9,2021-08-17,R,1
AZ,9,2021-08-18,D1,19
AZ,9,2021-08-18,D2,127
AZ,9,2021-08-18,DU,0
AZ,9,2021-08-18,R,0
AZ,9,2021-08-19,D1,4
AZ,9,2021-08-19,D2,125
AZ,9,2021-08-19,DU,0
AZ,9,2021-08-19,R,0
AZ,9,2021-08-20,D1,11
AZ,9,2021-08-20,D2,136
AZ,9,2021-08-20,DU,0
AZ,9,2021-08-20,R,0
AZ,9,2021-08-21,D1,2
AZ,9,2021-08-21,D2,40
AZ,9,2021-08-21,DU,0
AZ,9,2021-08-21,R,1
AZ,9,2021-08-22,D1,0
AZ,9,2021-08-22,D2,2
AZ,9,2021-08-22,DU,0
AZ,9,2021-08-22,R,1
AZ,9,2021-08-23,D1,7
AZ,9,2021-08-23,D2,89
AZ,9,2021-08-23,DU,0
AZ,9,2021-08-23,R,0
AZ,9,2021-08-24,D1,11
AZ,9,2021-08-24,D2,103
AZ,9,2021-08-24,DU,0
AZ,9,2021-08-24,R,0
AZ,9,2021-08-25,D1,15
AZ,9,2021-08-25,D2,98
AZ,9,2021-08-25,DU,0
AZ,9,2021-08-25,R,0
AZ,9,2021-08-26,D1,15
AZ,9,2021-08-26,D2,75
AZ,9,2021-08-26,DU,0
AZ,9,2021-08-26,R,0
AZ,9,2021-08-27,D1,8
AZ,9,2021-08-27,D2,72
AZ,9,2021-08-27,DU,0
AZ,9,2021-08-27,R,0
AZ,9,2021-08-28,D1,2
AZ,9,2021-08-28,D2,47
AZ,9,2021-08-28,DU,0
AZ,9,2021-08-28,R,0
AZ,9,2021-08-30,D1,5
AZ,9,2021-08-30,D2,91
AZ,9,2021-08-30,DU,0
AZ,9,2021-08-30,R,0
AZ,9,2021-08-31,D1,8
AZ,9,2021-08-31,D2,68
AZ,9,2021-08-31,DU,0
AZ,9,2021-08-31,R,0
AZ,9,2021-09-01,D1,9
AZ,9,2021-09-01,D2,61
AZ,9,2021-09-01,DU,0
AZ,9,2021-09-01,R,2
AZ,9,2021-09-02,D1,9
AZ,9,2021-09-02,D2,80
AZ,9,2021-09-02,DU,0
AZ,9,2021-09-02,R,5
AZ,9,2021-09-03,D1,10
AZ,9,2021-09-03,D2,62
AZ,9,2021-09-03,DU,0
AZ,9,2021-09-03,R,1
AZ,9,2021-09-04,D1,2
AZ,9,2021-09-04,D2,38
AZ,9,2021-09-04,DU,0
AZ,9,2021-09-04,R,1
AZ,9,2021-09-05,D1,0
AZ,9,2021-09-05,D2,2
AZ,9,2021-09-05,DU,0
AZ,9,2021-09-05,R,0
AZ,9,2021-09-06,D1,4
AZ,9,2021-09-06,D2,22
AZ,9,2021-09-06,DU,0
AZ,9,2021-09-06,R,0
AZ,9,2021-09-07,D1,0
AZ,9,2021-09-07,D2,10
AZ,9,2021-09-07,DU,0
AZ,9,2021-09-07,R,0
AZ,9,2021-09-08,D1,5
AZ,9,2021-09-08,D2,79
AZ,9,2021-09-08,DU,0
AZ,9,2021-09-08,R,4
AZ,9,2021-09-09,D1,5
AZ,9,2021-09-09,D2,79
AZ,9,2021-09-09,DU,0
AZ,9,2021-09-09,R,11
AZ,9,2021-09-10,D1,7
AZ,9,2021-09-10,D2,74
AZ,9,2021-09-10,DU,0
AZ,9,2021-09-10,R,7
AZ,9,2021-09-11,D1,2
AZ,9,2021-09-11,D2,30
AZ,9,2021-09-11,DU,0
AZ,9,2021-09-11,R,1016
AZ,9,2021-09-12,D1,0
AZ,9,2021-09-12,D2,1
AZ,9,2021-09-12,DU,0
AZ,9,2021-09-12,R,0
AZ,9,2021-09-13,D1,5
AZ,9,2021-09-13,D2,54
AZ,9,2021-09-13,DU,0
AZ,9,2021-09-13,R,104
AZ,9,2021-09-14,D1,0
AZ,9,2021-09-14,D2,57
AZ,9,2021-09-14,DU,0
AZ,9,2021-09-14,R,92
AZ,9,2021-09-15,D1,3
AZ,9,2021-09-15,D2,36
AZ,9,2021-09-15,DU,0
AZ,9,2021-09-15,R,69
AZ,9,2021-09-16,D1,0
AZ,9,2021-09-16,D2,33
AZ,9,2021-09-16,DU,0
AZ,9,2021-09-16,R,34
AZ,9,2021-09-17,D1,2
AZ,9,2021-09-17,D2,40
AZ,9,2021-09-17,DU,0
AZ,9,2021-09-17,R,47
AZ,9,2021-09-18,D1,1
AZ,9,2021-09-18,D2,12
AZ,9,2021-09-18,DU,0
AZ,9,2021-09-18,R,0
AZ,9,2021-09-20,D1,0
AZ,9,2021-09-20,D2,37
AZ,9,2021-09-20,DU,0
AZ,9,2021-09-20,R,26
AZ,9,2021-09-21,D1,1
AZ,9,2021-09-21,D2,30
AZ,9,2021-09-21,DU,0
AZ,9,2021-09-21,R,16
AZ,9,2021-09-22,D1,1
AZ,9,2021-09-22,D2,26
AZ,9,2021-09-22,DU,0
AZ,9,2021-09-22,R,17
AZ,9,2021-09-23,D1,0
AZ,9,2021-09-23,D2,36
AZ,9,2021-09-23,DU,0
AZ,9,2021-09-23,R,10
AZ,9,2021-09-24,D1,1
AZ,9,2021-09-24,D2,39
AZ,9,2021-09-24,DU,0
AZ,9,2021-09-24,R,7
AZ,9,2021-09-25,D1,1
AZ,9,2021-09-25,D2,11
AZ,9,2021-09-25,DU,0
AZ,9,2021-09-25,R,0
AZ,9,2021-09-27,D1,2
AZ,9,2021-09-27,D2,38
AZ,9,2021-09-27,DU,0
AZ,9,2021-09-27,R,10
AZ,9,2021-09-28,D1,2
AZ,9,2021-09-28,D2,21
AZ,9,2021-09-28,DU,0
AZ,9,2021-09-28,R,17
AZ,9,2021-09-29,D1,2
AZ,9,2021-09-29,D2,24
AZ,9,2021-09-29,DU,0
AZ,9,2021-09-29,R,10
AZ,9,2021-09-30,D1,0
AZ,9,2021-09-30,D2,30
AZ,9,2021-09-30,DU,0
AZ,9,2021-09-30,R,6
AZ,9,2021-10-01,D1,0
AZ,9,2021-10-01,D2,24
AZ,9,2021-10-01,DU,0
AZ,9,2021-10-01,R,10
AZ,9,2021-10-02,D1,1
AZ,9,2021-10-02,D2,28
AZ,9,2021-10-02,DU,0
AZ,9,2021-10-02,R,6
AZ,9,2021-10-03,D1,0
AZ,9,2021-10-03,D2,1
AZ,9,2021-10-03,DU,0
AZ,9,2021-10-03,R,0
AZ,9,2021-10-04,D1,0
AZ,9,2021-10-04,D2,23
AZ,9,2021-10-04,DU,0
AZ,9,2021-10-04,R,17
AZ,9,2021-10-05,D1,0
AZ,9,2021-10-05,D2,20
AZ,9,2021-10-05,DU,0
AZ,9,2021-10-05,R,12
AZ,9,2021-10-06,D1,1
AZ,9,2021-10-06,D2,23
AZ,9,2021-10-06,DU,0
AZ,9,2021-10-06,R,13
AZ,9,2021-10-07,D1,0
AZ,9,2021-10-07,D2,20
AZ,9,2021-10-07,DU,0
AZ,9,2021-10-07,R,15
AZ,9,2021-10-08,D1,1
AZ,9,2021-10-08,D2,13
AZ,9,2021-10-08,DU,0
AZ,9,2021-10-08,R,15
AZ,9,2021-10-09,D1,0
AZ,9,2021-10-09,D2,5
AZ,9,2021-10-09,DU,0
AZ,9,2021-10-09,R,0
AZ,9,2021-10-11,D1,0
AZ,9,2021-10-11,D2,5
AZ,9,2021-10-11,DU,0
AZ,9,2021-10-11,R,0
AZ,9,2021-10-12,D1,0
AZ,9,2021-10-12,D2,4
AZ,9,2021-10-12,DU,0
AZ,9,2021-10-12,R,0
AZ,9,2021-10-13,D1,1
AZ,9,2021-10-13,D2,22
AZ,9,2021-10-13,DU,0
AZ,9,2021-10-13,R,60
AZ,9,2021-10-14,D1,0
AZ,9,2021-10-14,D2,15
AZ,9,2021-10-14,DU,0
AZ,9,2021-10-14,R,15
AZ,9,2021-10-15,D1,1
AZ,9,2021-10-15,D2,23
AZ,9,2021-10-15,DU,0
AZ,9,2021-10-15,R,66
AZ,9,2021-10-16,D1,0
AZ,9,2021-10-16,D2,12
AZ,9,2021-10-16,DU,0
AZ,9,2021-10-16,R,17
AZ,9,2021-10-17,D1,0
AZ,9,2021-10-17,D2,0
AZ,9,2021-10-17,DU,0
AZ,9,2021-10-17,R,1
AZ,9,2021-10-18,D1,0
AZ,9,2021-10-18,D2,21
AZ,9,2021-10-18,DU,0
AZ,9,2021-10-18,R,15
AZ,9,2021-10-19,D1,0
AZ,9,2021-10-19,D2,17
AZ,9,2021-10-19,DU,0
AZ,9,2021-10-19,R,29
AZ,9,2021-10-20,D1,0
AZ,9,2021-10-20,D2,15
AZ,9,2021-10-20,DU,0
AZ,9,2021-10-20,R,29
AZ,9,2021-10-21,D1,0
AZ,9,2021-10-21,D2,16
AZ,9,2021-10-21,DU,0
AZ,9,2021-10-21,R,23
AZ,9,2021-10-22,D1,0
AZ,9,2021-10-22,D2,18
AZ,9,2021-10-22,DU,0
AZ,9,2021-10-22,R,20
AZ,9,2021-10-23,D1,1
AZ,9,2021-10-23,D2,3
AZ,9,2021-10-23,DU,0
AZ,9,2021-10-23,R,1
AZ,9,2021-10-25,D1,1
AZ,9,2021-10-25,D2,6
AZ,9,2021-10-25,DU,0
AZ,9,2021-10-25,R,13
AZ,9,2021-10-26,D1,0
AZ,9,2021-10-26,D2,13
AZ,9,2021-10-26,DU,0
AZ,9,2021-10-26,R,4
AZ,9,2021-10-27,D1,0
AZ,9,2021-10-27,D2,12
AZ,9,2021-10-27,DU,0
AZ,9,2021-10-27,R,14
AZ,9,2021-10-28,D1,1
AZ,9,2021-10-28,D2,11
AZ,9,2021-10-28,DU,0
AZ,9,2021-10-28,R,13
AZ,9,2021-10-29,D1,0
AZ,9,2021-10-29,D2,5
AZ,9,2021-10-29,DU,0
AZ,9,2021-10-29,R,15
AZ,9,2021-10-30,D1,1
AZ,9,2021-10-30,D2,3
AZ,9,2021-10-30,DU,0
AZ,9,2021-10-30,R,7
AZ,9,2021-11-01,D1,0
AZ,9,2021-11-01,D2,2
AZ,9,2021-11-01,DU,0
AZ,9,2021-11-01,R,0
AZ,9,2021-11-03,D1,1
AZ,9,2021-11-03,D2,24
AZ,9,2021-11-03,DU,0
AZ,9,2021-11-03,R,10
AZ,9,2021-11-04,D1,0
AZ,9,2021-11-04,D2,11
AZ,9,2021-11-04,DU,0
AZ,9,2021-11-04,R,19
AZ,9,2021-11-05,D1,1
AZ,9,2021-11-05,D2,16
AZ,9,2021-11-05,DU,0
AZ,9,2021-11-05,R,27
AZ,9,2021-11-06,D1,0
AZ,9,2021-11-06,D2,3
AZ,9,2021-11-06,DU,0
AZ,9,2021-11-06,R,8
AZ,9,2021-11-08,D1,1
AZ,9,2021-11-08,D2,13
AZ,9,2021-11-08,DU,0
AZ,9,2021-11-08,R,15
AZ,9,2021-11-09,D1,0
AZ,9,2021-11-09,D2,18
AZ,9,2021-11-09,DU,0
AZ,9,2021-11-09,R,31
AZ,9,2021-11-10,D1,0
AZ,9,2021-11-10,D2,10
AZ,9,2021-11-10,DU,0
AZ,9,2021-11-10,R,25
AZ,9,2021-11-11,D1,1
AZ,9,2021-11-11,D2,13
AZ,9,2021-11-11,DU,0
AZ,9,2021-11-11,R,110
AZ,9,2021-11-12,D1,1
AZ,9,2021-11-12,D2,13
AZ,9,2021-11-12,DU,0
AZ,9,2021-11-12,R,83
AZ,9,2021-11-13,D1,0
AZ,9,2021-11-13,D2,6
AZ,9,2021-11-13,DU,0
AZ,9,2021-11-13,R,7
AZ,9,2021-11-15,D1,0
AZ,9,2021-11-15,D2,0
AZ,9,2021-11-15,DU,0
AZ,9,2021-11-15,R,3
AZ,9,2021-11-16,D1,0
AZ,9,2021-11-16,D2,5
AZ,9,2021-11-16,DU,0
AZ,9,2021-11-16,R,48
AZ,9,2021-11-17,D1,0
AZ,9,2021-11-17,D2,13
AZ,9,2021-11-17,DU,0
AZ,9,2021-11-17,R,74
AZ,9,2021-11-18,D1,0
AZ,9,2021-11-18,D2,0
AZ,9,2021-11-18,DU,0
AZ,9,2021-11-18,R,83
AZ,9,2021-11-20,D1,0
AZ,9,2021-11-20,D2,0
AZ,9,2021-11-20,DU,0
AZ,9,2021-11-20,R,14
AZ,9,2021-11-23,D1,0
AZ,9,2021-11-23,D2,6
AZ,9,2021-11-23,DU,0
AZ,9,2021-11-23,R,2
AZ,9,2021-11-24,D1,0
AZ,9,2021-11-24,D2,0
AZ,9,2021-11-24,DU,0
AZ,9,2021-11-24,R,5
AZ,9,2021-11-26,D1,0
AZ,9,2021-11-26,D2,8
AZ,9,2021-11-26,DU,0
AZ,9,2021-11-26,R,1
AZ,9,2021-11-29,D1,0
AZ,9,2021-11-29,D2,0
AZ,9,2021-11-29,DU,0
AZ,9,2021-11-29,R,1
AZ,9,2021-11-30,D1,0
AZ,9,2021-11-30,D2,0
AZ,9,2021-11-30,DU,0
AZ,9,2021-11-30,R,1
AZ,9,2021-12-02,D1,0
AZ,9,2021-12-02,D2,6
AZ,9,2021-12-02,DU,0
AZ,9,2021-12-02,R,0
AZ,9,2021-12-03,D1,0
AZ,9,2021-12-03,D2,0
AZ,9,2021-12-03,DU,0
AZ,9,2021-12-03,R,3
AZ,9,2021-12-04,D1,0
AZ,9,2021-12-04,D2,0
AZ,9,2021-12-04,DU,0
AZ,9,2021-12-04,R,48
AZ,9,2021-12-05,D1,0
AZ,9,2021-12-05,D2,0
AZ,9,2021-12-05,DU,0
AZ,9,2021-12-05,R,3
AZ,9,2021-12-07,D1,3
AZ,9,2021-12-07,D2,1
AZ,9,2021-12-07,DU,0
AZ,9,2021-12-07,R,196
AZ,9,2021-12-08,D1,0
AZ,9,2021-12-08,D2,0
AZ,9,2021-12-08,DU,0
AZ,9,2021-12-08,R,2
AZ,9,2021-12-14,D1,1
AZ,9,2021-12-14,D2,0
AZ,9,2021-12-14,DU,0
AZ,9,2021-12-14,R,105
AZ,9,2021-12-15,D1,1
AZ,9,2021-12-15,D2,0
AZ,9,2021-12-15,DU,0
AZ,9,2021-12-15,R,1
AZ,9,2021-12-17,D1,1
AZ,9,2021-12-17,D2,2
AZ,9,2021-12-17,DU,0
AZ,9,2021-12-17,R,46
AZ,9,2021-12-19,D1,0
AZ,9,2021-12-19,D2,0
AZ,9,2021-12-19,DU,0
AZ,9,2021-12-19,R,1
AZ,9,2021-12-20,D1,0
AZ,9,2021-12-20,D2,1
AZ,9,2021-12-20,DU,0
AZ,9,2021-12-20,R,12
AZ,9,2021-12-21,D1,0
AZ,9,2021-12-21,D2,1
AZ,9,2021-12-21,DU,0
AZ,9,2021-12-21,R,0
AZ,9,2021-12-22,D1,0
AZ,9,2021-12-22,D2,0
AZ,9,2021-12-22,DU,0
AZ,9,2021-12-22,R,1
AZ,9,2021-12-23,D1,0
AZ,9,2021-12-23,D2,0
AZ,9,2021-12-23,DU,0
AZ,9,2021-12-23,R,8
AZ,9,2021-12-27,D1,0
AZ,9,2021-12-27,D2,0
AZ,9,2021-12-27,DU,0
AZ,9,2021-12-27,R,38
AZ,9,2021-12-28,D1,0
AZ,9,2021-12-28,D2,1
AZ,9,2021-12-28,DU,0
AZ,9,2021-12-28,R,47
AZ,9,2022-01-03,D1,0
AZ,9,2022-01-03,D2,4
AZ,9,2022-01-03,DU,0
AZ,9,2022-01-03,R,18
AZ,9,2022-01-04,D1,1
AZ,9,2022-01-04,D2,1
AZ,9,2022-01-04,DU,0
AZ,9,2022-01-04,R,44
AZ,9,2022-01-05,D1,0
AZ,9,2022-01-05,D2,0
AZ,9,2022-01-05,DU,0
AZ,9,2022-01-05,R,2
AZ,9,2022-01-10,D1,0
AZ,9,2022-01-10,D2,2
AZ,9,2022-01-10,DU,0
AZ,9,2022-01-10,R,63
AZ,9,2022-01-11,D1,2
AZ,9,2022-01-11,D2,2
AZ,9,2022-01-11,DU,0
AZ,9,2022-01-11,R,62
AZ,9,2022-01-12,D1,0
AZ,9,2022-01-12,D2,0
AZ,9,2022-01-12,DU,0
AZ,9,2022-01-12,R,1
AZ,9,2022-01-13,D1,2
AZ,9,2022-01-13,D2,1
AZ,9,2022-01-13,DU,0
AZ,9,2022-01-13,R,47
AZ,9,2022-01-14,D1,0
AZ,9,2022-01-14,D2,0
AZ,9,2022-01-14,DU,0
AZ,9,2022-01-14,R,3
AZ,10,2021-01-21,D1,1
AZ,10,2021-01-21,D2,0
AZ,10,2021-01-21,DU,0
AZ,10,2021-01-21,R,0
AZ,10,2021-01-22,D1,1
AZ,10,2021-01-22,D2,0
AZ,10,2021-01-22,DU,0
AZ,10,2021-01-22,R,0
AZ,10,2021-01-25,D1,6
AZ,10,2021-01-25,D2,0
AZ,10,2021-01-25,DU,0
AZ,10,2021-01-25,R,0
AZ,10,2021-01-26,D1,13
AZ,10,2021-01-26,D2,0
AZ,10,2021-01-26,DU,0
AZ,10,2021-01-26,R,0
AZ,10,2021-01-27,D1,186
AZ,10,2021-01-27,D2,0
AZ,10,2021-01-27,DU,0
AZ,10,2021-01-27,R,0
AZ,10,2021-01-28,D1,280
AZ,10,2021-01-28,D2,0
AZ,10,2021-01-28,DU,0
AZ,10,2021-01-28,R,0
AZ,10,2021-01-29,D1,257
AZ,10,2021-01-29,D2,0
AZ,10,2021-01-29,DU,0
AZ,10,2021-01-29,R,0
AZ,10,2021-01-30,D1,139
AZ,10,2021-01-30,D2,0
AZ,10,2021-01-30,DU,0
AZ,10,2021-01-30,R,0
AZ,10,2021-01-31,D1,42
AZ,10,2021-01-31,D2,0
AZ,10,2021-01-31,DU,0
AZ,10,2021-01-31,R,0
AZ,10,2021-02-01,D1,246
AZ,10,2021-02-01,D2,0
AZ,10,2021-02-01,DU,0
AZ,10,2021-02-01,R,0
AZ,10,2021-02-02,D1,282
AZ,10,2021-02-02,D2,0
AZ,10,2021-02-02,DU,0
AZ,10,2021-02-02,R,1
AZ,10,2021-02-03,D1,196
AZ,10,2021-02-03,D2,1
AZ,10,2021-02-03,DU,0
AZ,10,2021-02-03,R,0
AZ,10,2021-02-04,D1,174
AZ,10,2021-02-04,D2,0
AZ,10,2021-02-04,DU,0
AZ,10,2021-02-04,R,0
AZ,10,2021-02-05,D1,161
AZ,10,2021-02-05,D2,0
AZ,10,2021-02-05,DU,0
AZ,10,2021-02-05,R,0
AZ,10,2021-02-06,D1,12
AZ,10,2021-02-06,D2,0
AZ,10,2021-02-06,DU,0
AZ,10,2021-02-06,R,0
AZ,10,2021-02-07,D1,6
AZ,10,2021-02-07,D2,0
AZ,10,2021-02-07,DU,0
AZ,10,2021-02-07,R,0
AZ,10,2021-02-08,D1,166
AZ,10,2021-02-08,D2,0
AZ,10,2021-02-08,DU,0
AZ,10,2021-02-08,R,0
AZ,10,2021-02-09,D1,268
AZ,10,2021-02-09,D2,1
AZ,10,2021-02-09,DU,0
AZ,10,2021-02-09,R,0
AZ,10,2021-02-10,D1,283
AZ,10,2021-02-10,D2,0
AZ,10,2021-02-10,DU,0
AZ,10,2021-02-10,R,0
AZ,10,2021-02-11,D1,702
AZ,10,2021-02-11,D2,1
AZ,10,2021-02-11,DU,0
AZ,10,2021-02-11,R,0
AZ,10,2021-02-12,D1,2426
AZ,10,2021-02-12,D2,1
AZ,10,2021-02-12,DU,0
AZ,10,2021-02-12,R,0
AZ,10,2021-02-13,D1,138
AZ,10,2021-02-13,D2,0
AZ,10,2021-02-13,DU,0
AZ,10,2021-02-13,R,0
AZ,10,2021-02-14,D1,19
AZ,10,2021-02-14,D2,0
AZ,10,2021-02-14,DU,0
AZ,10,2021-02-14,R,0
AZ,10,2021-02-15,D1,1178
AZ,10,2021-02-15,D2,1
AZ,10,2021-02-15,DU,0
AZ,10,2021-02-15,R,0
AZ,10,2021-02-16,D1,400
AZ,10,2021-02-16,D2,1
AZ,10,2021-02-16,DU,0
AZ,10,2021-02-16,R,0
AZ,10,2021-02-17,D1,279
AZ,10,2021-02-17,D2,0
AZ,10,2021-02-17,DU,0
AZ,10,2021-02-17,R,0
AZ,10,2021-02-18,D1,156
AZ,10,2021-02-18,D2,0
AZ,10,2021-02-18,DU,0
AZ,10,2021-02-18,R,0
AZ,10,2021-02-19,D1,197
AZ,10,2021-02-19,D2,0
AZ,10,2021-02-19,DU,0
AZ,10,2021-02-19,R,0
AZ,10,2021-02-20,D1,129
AZ,10,2021-02-20,D2,0
AZ,10,2021-02-20,DU,0
AZ,10,2021-02-20,R,0
AZ,10,2021-02-21,D1,10
AZ,10,2021-02-21,D2,0
AZ,10,2021-02-21,DU,0
AZ,10,2021-02-21,R,0
AZ,10,2021-02-22,D1,109
AZ,10,2021-02-22,D2,1
AZ,10,2021-02-22,DU,0
AZ,10,2021-02-22,R,0
AZ,10,2021-02-23,D1,71
AZ,10,2021-02-23,D2,0
AZ,10,2021-02-23,DU,0
AZ,10,2021-02-23,R,0
AZ,10,2021-02-24,D1,53
AZ,10,2021-02-24,D2,0
AZ,10,2021-02-24,DU,0
AZ,10,2021-02-24,R,0
AZ,10,2021-02-25,D1,108
AZ,10,2021-02-25,D2,0
AZ,10,2021-02-25,DU,0
AZ,10,2021-02-25,R,0
AZ,10,2021-02-26,D1,2325
AZ,10,2021-02-26,D2,3
AZ,10,2021-02-26,DU,0
AZ,10,2021-02-26,R,0
AZ,10,2021-02-27,D1,20796
AZ,10,2021-02-27,D2,15
AZ,10,2021-02-27,DU,0
AZ,10,2021-02-27,R,0
AZ,10,2021-02-28,D1,3595
AZ,10,2021-02-28,D2,2
AZ,10,2021-02-28,DU,0
AZ,10,2021-02-28,R,0
AZ,10,2021-03-01,D1,33972
AZ,10,2021-03-01,D2,16
AZ,10,2021-03-01,DU,0
AZ,10,2021-03-01,R,0
AZ,10,2021-03-02,D1,14739
AZ,10,2021-03-02,D2,6
AZ,10,2021-03-02,DU,0
AZ,10,2021-03-02,R,0
AZ,10,2021-03-03,D1,5998
AZ,10,2021-03-03,D2,4
AZ,10,2021-03-03,DU,0
AZ,10,2021-03-03,R,0
AZ,10,2021-03-04,D1,3494
AZ,10,2021-03-04,D2,1
AZ,10,2021-03-04,DU,0
AZ,10,2021-03-04,R,0
AZ,10,2021-03-05,D1,2537
AZ,10,2021-03-05,D2,11
AZ,10,2021-03-05,DU,0
AZ,10,2021-03-05,R,0
AZ,10,2021-03-06,D1,1104
AZ,10,2021-03-06,D2,0
AZ,10,2021-03-06,DU,0
AZ,10,2021-03-06,R,0
AZ,10,2021-03-07,D1,22
AZ,10,2021-03-07,D2,0
AZ,10,2021-03-07,DU,0
AZ,10,2021-03-07,R,0
AZ,10,2021-03-08,D1,589
AZ,10,2021-03-08,D2,1
AZ,10,2021-03-08,DU,0
AZ,10,2021-03-08,R,0
AZ,10,2021-03-09,D1,373
AZ,10,2021-03-09,D2,14
AZ,10,2021-03-09,DU,0
AZ,10,2021-03-09,R,0
AZ,10,2021-03-10,D1,393
AZ,10,2021-03-10,D2,1
AZ,10,2021-03-10,DU,0
AZ,10,2021-03-10,R,0
AZ,10,2021-03-11,D1,229
AZ,10,2021-03-11,D2,4
AZ,10,2021-03-11,DU,0
AZ,10,2021-03-11,R,0
AZ,10,2021-03-12,D1,171
AZ,10,2021-03-12,D2,0
AZ,10,2021-03-12,DU,0
AZ,10,2021-03-12,R,0
AZ,10,2021-03-13,D1,145
AZ,10,2021-03-13,D2,0
AZ,10,2021-03-13,DU,0
AZ,10,2021-03-13,R,0
AZ,10,2021-03-14,D1,3
AZ,10,2021-03-14,D2,0
AZ,10,2021-03-14,DU,0
AZ,10,2021-03-14,R,0
AZ,10,2021-03-15,D1,109
AZ,10,2021-03-15,D2,1
AZ,10,2021-03-15,DU,0
AZ,10,2021-03-15,R,0
AZ,10,2021-03-16,D1,98
AZ,10,2021-03-16,D2,2
AZ,10,2021-03-16,DU,0
AZ,10,2021-03-16,R,0
AZ,10,2021-03-17,D1,41
AZ,10,2021-03-17,D2,0
AZ,10,2021-03-17,DU,0
AZ,10,2021-03-17,R,0
AZ,10,2021-03-18,D1,28
AZ,10,2021-03-18,D2,1
AZ,10,2021-03-18,DU,0
AZ,10,2021-03-18,R,0
AZ,10,2021-03-19,D1,34
AZ,10,2021-03-19,D2,2
AZ,10,2021-03-19,DU,0
AZ,10,2021-03-19,R,0
AZ,10,2021-03-20,D1,15
AZ,10,2021-03-20,D2,0
AZ,10,2021-03-20,DU,0
AZ,10,2021-03-20,R,0
AZ,10,2021-03-22,D1,14
AZ,10,2021-03-22,D2,8
AZ,10,2021-03-22,DU,0
AZ,10,2021-03-22,R,0
AZ,10,2021-03-23,D1,33
AZ,10,2021-03-23,D2,1
AZ,10,2021-03-23,DU,0
AZ,10,2021-03-23,R,0
AZ,10,2021-03-24,D1,12
AZ,10,2021-03-24,D2,2
AZ,10,2021-03-24,DU,0
AZ,10,2021-03-24,R,0
AZ,10,2021-03-25,D1,22
AZ,10,2021-03-25,D2,1
AZ,10,2021-03-25,DU,0
AZ,10,2021-03-25,R,0
AZ,10,2021-03-26,D1,21
AZ,10,2021-03-26,D2,1
AZ,10,2021-03-26,DU,0
AZ,10,2021-03-26,R,0
AZ,10,2021-03-27,D1,19
AZ,10,2021-03-27,D2,0
AZ,10,2021-03-27,DU,0
AZ,10,2021-03-27,R,0
AZ,10,2021-03-29,D1,10
AZ,10,2021-03-29,D2,1
AZ,10,2021-03-29,DU,0
AZ,10,2021-03-29,R,0
AZ,10,2021-03-30,D1,19
AZ,10,2021-03-30,D2,1
AZ,10,2021-03-30,DU,0
AZ,10,2021-03-30,R,0
AZ,10,2021-03-31,D1,3
AZ,10,2021-03-31,D2,1
AZ,10,2021-03-31,DU,0
AZ,10,2021-03-31,R,0
AZ,10,2021-04-01,D1,10
AZ,10,2021-04-01,D2,1
AZ,10,2021-04-01,DU,0
AZ,10,2021-04-01,R,0
AZ,10,2021-04-02,D1,1
AZ,10,2021-04-02,D2,1
AZ,10,2021-04-02,DU,0
AZ,10,2021-04-02,R,0
AZ,10,2021-04-03,D1,1
AZ,10,2021-04-03,D2,0
AZ,10,2021-04-03,DU,0
AZ,10,2021-04-03,R,0
AZ,10,2021-04-05,D1,6
AZ,10,2021-04-05,D2,1
AZ,10,2021-04-05,DU,0
AZ,10,2021-04-05,R,0
AZ,10,2021-04-06,D1,10
AZ,10,2021-04-06,D2,1
AZ,10,2021-04-06,DU,0
AZ,10,2021-04-06,R,0
AZ,10,2021-04-07,D1,14
AZ,10,2021-04-07,D2,1
AZ,10,2021-04-07,DU,0
AZ,10,2021-04-07,R,0
AZ,10,2021-04-08,D1,5
AZ,10,2021-04-08,D2,0
AZ,10,2021-04-08,DU,0
AZ,10,2021-04-08,R,0
AZ,10,2021-04-09,D1,3
AZ,10,2021-04-09,D2,0
AZ,10,2021-04-09,DU,0
AZ,10,2021-04-09,R,0
AZ,10,2021-04-10,D1,5
AZ,10,2021-04-10,D2,0
AZ,10,2021-04-10,DU,0
AZ,10,2021-04-10,R,0
AZ,10,2021-04-11,D1,1
AZ,10,2021-04-11,D2,0
AZ,10,2021-04-11,DU,0
AZ,10,2021-04-11,R,0
AZ,10,2021-04-12,D1,30
AZ,10,2021-04-12,D2,2
AZ,10,2021-04-12,DU,0
AZ,10,2021-04-12,R,0
AZ,10,2021-04-13,D1,46
AZ,10,2021-04-13,D2,8
AZ,10,2021-04-13,DU,0
AZ,10,2021-04-13,R,0
AZ,10,2021-04-14,D1,62
AZ,10,2021-04-14,D2,7
AZ,10,2021-04-14,DU,0
AZ,10,2021-04-14,R,0
AZ,10,2021-04-15,D1,44
AZ,10,2021-04-15,D2,3
AZ,10,2021-04-15,DU,0
AZ,10,2021-04-15,R,0
AZ,10,2021-04-16,D1,31
AZ,10,2021-04-16,D2,4
AZ,10,2021-04-16,DU,0
AZ,10,2021-04-16,R,0
AZ,10,2021-04-17,D1,16
AZ,10,2021-04-17,D2,1
AZ,10,2021-04-17,DU,0
AZ,10,2021-04-17,R,0
AZ,10,2021-04-18,D1,0
AZ,10,2021-04-18,D2,1
AZ,10,2021-04-18,DU,0
AZ,10,2021-04-18,R,0
AZ,10,2021-04-19,D1,39
AZ,10,2021-04-19,D2,32
AZ,10,2021-04-19,DU,0
AZ,10,2021-04-19,R,0
AZ,10,2021-04-20,D1,64
AZ,10,2021-04-20,D2,68
AZ,10,2021-04-20,DU,0
AZ,10,2021-04-20,R,0
AZ,10,2021-04-21,D1,76
AZ,10,2021-04-21,D2,31
AZ,10,2021-04-21,DU,0
AZ,10,2021-04-21,R,0
AZ,10,2021-04-22,D1,64
AZ,10,2021-04-22,D2,154
AZ,10,2021-04-22,DU,0
AZ,10,2021-04-22,R,0
AZ,10,2021-04-23,D1,45
AZ,10,2021-04-23,D2,147
AZ,10,2021-04-23,DU,0
AZ,10,2021-04-23,R,0
AZ,10,2021-04-24,D1,36
AZ,10,2021-04-24,D2,127
AZ,10,2021-04-24,DU,0
AZ,10,2021-04-24,R,0
AZ,10,2021-04-25,D1,2
AZ,10,2021-04-25,D2,46
AZ,10,2021-04-25,DU,0
AZ,10,2021-04-25,R,0
AZ,10,2021-04-26,D1,38
AZ,10,2021-04-26,D2,149
AZ,10,2021-04-26,DU,0
AZ,10,2021-04-26,R,0
AZ,10,2021-04-27,D1,60
AZ,10,2021-04-27,D2,226
AZ,10,2021-04-27,DU,0
AZ,10,2021-04-27,R,0
AZ,10,2021-04-28,D1,70
AZ,10,2021-04-28,D2,212
AZ,10,2021-04-28,DU,0
AZ,10,2021-04-28,R,0
AZ,10,2021-04-29,D1,71
AZ,10,2021-04-29,D2,181
AZ,10,2021-04-29,DU,0
AZ,10,2021-04-29,R,0
AZ,10,2021-04-30,D1,59
AZ,10,2021-04-30,D2,196
AZ,10,2021-04-30,DU,0
AZ,10,2021-04-30,R,0
AZ,10,2021-05-01,D1,17
AZ,10,2021-05-01,D2,57
AZ,10,2021-05-01,DU,0
AZ,10,2021-05-01,R,0
AZ,10,2021-05-02,D1,5
AZ,10,2021-05-02,D2,7
AZ,10,2021-05-02,DU,0
AZ,10,2021-05-02,R,0
AZ,10,2021-05-03,D1,45
AZ,10,2021-05-03,D2,278
AZ,10,2021-05-03,DU,0
AZ,10,2021-05-03,R,0
AZ,10,2021-05-04,D1,66
AZ,10,2021-05-04,D2,197
AZ,10,2021-05-04,DU,0
AZ,10,2021-05-04,R,0
AZ,10,2021-05-05,D1,61
AZ,10,2021-05-05,D2,266
AZ,10,2021-05-05,DU,0
AZ,10,2021-05-05,R,0
AZ,10,2021-05-06,D1,72
AZ,10,2021-05-06,D2,348
AZ,10,2021-05-06,DU,0
AZ,10,2021-05-06,R,0
AZ,10,2021-05-07,D1,60
AZ,10,2021-05-07,D2,1061
AZ,10,2021-05-07,DU,0
AZ,10,2021-05-07,R,0
AZ,10,2021-05-08,D1,21
AZ,10,2021-05-08,D2,206
AZ,10,2021-05-08,DU,0
AZ,10,2021-05-08,R,0
AZ,10,2021-05-09,D1,1
AZ,10,2021-05-09,D2,0
AZ,10,2021-05-09,DU,0
AZ,10,2021-05-09,R,0
AZ,10,2021-05-10,D1,48
AZ,10,2021-05-10,D2,755
AZ,10,2021-05-10,DU,0
AZ,10,2021-05-10,R,0
AZ,10,2021-05-11,D1,59
AZ,10,2021-05-11,D2,502
AZ,10,2021-05-11,DU,0
AZ,10,2021-05-11,R,0
AZ,10,2021-05-12,D1,53
AZ,10,2021-05-12,D2,846
AZ,10,2021-05-12,DU,0
AZ,10,2021-05-12,R,0
AZ,10,2021-05-13,D1,51
AZ,10,2021-05-13,D2,534
AZ,10,2021-05-13,DU,0
AZ,10,2021-05-13,R,0
AZ,10,2021-05-14,D1,44
AZ,10,2021-05-14,D2,925
AZ,10,2021-05-14,DU,0
AZ,10,2021-05-14,R,0
AZ,10,2021-05-15,D1,28
AZ,10,2021-05-15,D2,938
AZ,10,2021-05-15,DU,0
AZ,10,2021-05-15,R,0
AZ,10,2021-05-16,D1,4
AZ,10,2021-05-16,D2,887
AZ,10,2021-05-16,DU,0
AZ,10,2021-05-16,R,0
AZ,10,2021-05-17,D1,33
AZ,10,2021-05-17,D2,1351
AZ,10,2021-05-17,DU,0
AZ,10,2021-05-17,R,0
AZ,10,2021-05-18,D1,37
AZ,10,2021-05-18,D2,660
AZ,10,2021-05-18,DU,0
AZ,10,2021-05-18,R,0
AZ,10,2021-05-19,D1,38
AZ,10,2021-05-19,D2,751
AZ,10,2021-05-19,DU,0
AZ,10,2021-05-19,R,0
AZ,10,2021-05-20,D1,46
AZ,10,2021-05-20,D2,1234
AZ,10,2021-05-20,DU,0
AZ,10,2021-05-20,R,0
AZ,10,2021-05-21,D1,58
AZ,10,2021-05-21,D2,3195
AZ,10,2021-05-21,DU,0
AZ,10,2021-05-21,R,0
AZ,10,2021-05-22,D1,36
AZ,10,2021-05-22,D2,5935
AZ,10,2021-05-22,DU,0
AZ,10,2021-05-22,R,0
AZ,10,2021-05-23,D1,3
AZ,10,2021-05-23,D2,625
AZ,10,2021-05-23,DU,0
AZ,10,2021-05-23,R,0
AZ,10,2021-05-24,D1,119
AZ,10,2021-05-24,D2,16566
AZ,10,2021-05-24,DU,0
AZ,10,2021-05-24,R,0
AZ,10,2021-05-25,D1,54
AZ,10,2021-05-25,D2,8832
AZ,10,2021-05-25,DU,0
AZ,10,2021-05-25,R,0
AZ,10,2021-05-26,D1,45
AZ,10,2021-05-26,D2,5456
AZ,10,2021-05-26,DU,0
AZ,10,2021-05-26,R,0
AZ,10,2021-05-27,D1,85
AZ,10,2021-05-27,D2,6714
AZ,10,2021-05-27,DU,0
AZ,10,2021-05-27,R,0
AZ,10,2021-05-28,D1,85
AZ,10,2021-05-28,D2,6174
AZ,10,2021-05-28,DU,0
AZ,10,2021-05-28,R,0
AZ,10,2021-05-29,D1,36
AZ,10,2021-05-29,D2,2142
AZ,10,2021-05-29,DU,0
AZ,10,2021-05-29,R,0
AZ,10,2021-05-30,D1,2
AZ,10,2021-05-30,D2,91
AZ,10,2021-05-30,DU,0
AZ,10,2021-05-30,R,0
AZ,10,2021-05-31,D1,53
AZ,10,2021-05-31,D2,3964
AZ,10,2021-05-31,DU,0
AZ,10,2021-05-31,R,0
AZ,10,2021-06-01,D1,68
AZ,10,2021-06-01,D2,9358
AZ,10,2021-06-01,DU,0
AZ,10,2021-06-01,R,1
AZ,10,2021-06-02,D1,38
AZ,10,2021-06-02,D2,4251
AZ,10,2021-06-02,DU,0
AZ,10,2021-06-02,R,0
AZ,10,2021-06-03,D1,11
AZ,10,2021-06-03,D2,734
AZ,10,2021-06-03,DU,0
AZ,10,2021-06-03,R,0
AZ,10,2021-06-04,D1,33
AZ,10,2021-06-04,D2,796
AZ,10,2021-06-04,DU,0
AZ,10,2021-06-04,R,0
AZ,10,2021-06-05,D1,20
AZ,10,2021-06-05,D2,848
AZ,10,2021-06-05,DU,0
AZ,10,2021-06-05,R,0
AZ,10,2021-06-06,D1,0
AZ,10,2021-06-06,D2,13
AZ,10,2021-06-06,DU,0
AZ,10,2021-06-06,R,0
AZ,10,2021-06-07,D1,23
AZ,10,2021-06-07,D2,1197
AZ,10,2021-06-07,DU,0
AZ,10,2021-06-07,R,0
AZ,10,2021-06-08,D1,17
AZ,10,2021-06-08,D2,605
AZ,10,2021-06-08,DU,0
AZ,10,2021-06-08,R,0
AZ,10,2021-06-09,D1,30
AZ,10,2021-06-09,D2,436
AZ,10,2021-06-09,DU,0
AZ,10,2021-06-09,R,0
AZ,10,2021-06-10,D1,25
AZ,10,2021-06-10,D2,376
AZ,10,2021-06-10,DU,0
AZ,10,2021-06-10,R,0
AZ,10,2021-06-11,D1,16
AZ,10,2021-06-11,D2,234
AZ,10,2021-06-11,DU,0
AZ,10,2021-06-11,R,0
AZ,10,2021-06-12,D1,9
AZ,10,2021-06-12,D2,53
AZ,10,2021-06-12,DU,0
AZ,10,2021-06-12,R,0
AZ,10,2021-06-13,D1,0
AZ,10,2021-06-13,D2,5
AZ,10,2021-06-13,DU,0
AZ,10,2021-06-13,R,0
AZ,10,2021-06-14,D1,21
AZ,10,2021-06-14,D2,206
AZ,10,2021-06-14,DU,0
AZ,10,2021-06-14,R,0
AZ,10,2021-06-15,D1,31
AZ,10,2021-06-15,D2,179
AZ,10,2021-06-15,DU,0
AZ,10,2021-06-15,R,0
AZ,10,2021-06-16,D1,23
AZ,10,2021-06-16,D2,146
AZ,10,2021-06-16,DU,0
AZ,10,2021-06-16,R,0
AZ,10,2021-06-17,D1,27
AZ,10,2021-06-17,D2,100
AZ,10,2021-06-17,DU,0
AZ,10,2021-06-17,R,0
AZ,10,2021-06-18,D1,38
AZ,10,2021-06-18,D2,86
AZ,10,2021-06-18,DU,0
AZ,10,2021-06-18,R,0
AZ,10,2021-06-19,D1,20
AZ,10,2021-06-19,D2,46
AZ,10,2021-06-19,DU,0
AZ,10,2021-06-19,R,0
AZ,10,2021-06-20,D1,5
AZ,10,2021-06-20,D2,93
AZ,10,2021-06-20,DU,0
AZ,10,2021-06-20,R,0
AZ,10,2021-06-21,D1,24
AZ,10,2021-06-21,D2,86
AZ,10,2021-06-21,DU,0
AZ,10,2021-06-21,R,0
AZ,10,2021-06-22,D1,15
AZ,10,2021-06-22,D2,79
AZ,10,2021-06-22,DU,0
AZ,10,2021-06-22,R,0
AZ,10,2021-06-23,D1,11
AZ,10,2021-06-23,D2,76
AZ,10,2021-06-23,DU,0
AZ,10,2021-06-23,R,0
AZ,10,2021-06-24,D1,11
AZ,10,2021-06-24,D2,79
AZ,10,2021-06-24,DU,0
AZ,10,2021-06-24,R,0
AZ,10,2021-06-25,D1,9
AZ,10,2021-06-25,D2,48
AZ,10,2021-06-25,DU,0
AZ,10,2021-06-25,R,0
AZ,10,2021-06-26,D1,4
AZ,10,2021-06-26,D2,27
AZ,10,2021-06-26,DU,0
AZ,10,2021-06-26,R,0
AZ,10,2021-06-28,D1,11
AZ,10,2021-06-28,D2,51
AZ,10,2021-06-28,DU,0
AZ,10,2021-06-28,R,0
AZ,10,2021-06-29,D1,8
AZ,10,2021-06-29,D2,39
AZ,10,2021-06-29,DU,0
AZ,10,2021-06-29,R,0
AZ,10,2021-06-30,D1,8
AZ,10,2021-06-30,D2,42
AZ,10,2021-06-30,DU,0
AZ,10,2021-06-30,R,0
AZ,10,2021-07-01,D1,15
AZ,10,2021-07-01,D2,48
AZ,10,2021-07-01,DU,0
AZ,10,2021-07-01,R,0
AZ,10,2021-07-02,D1,12
AZ,10,2021-07-02,D2,52
AZ,10,2021-07-02,DU,0
AZ,10,2021-07-02,R,0
AZ,10,2021-07-03,D1,4
AZ,10,2021-07-03,D2,23
AZ,10,2021-07-03,DU,0
AZ,10,2021-07-03,R,0
AZ,10,2021-07-05,D1,20
AZ,10,2021-07-05,D2,51
AZ,10,2021-07-05,DU,0
AZ,10,2021-07-05,R,0
AZ,10,2021-07-06,D1,10
AZ,10,2021-07-06,D2,56
AZ,10,2021-07-06,DU,0
AZ,10,2021-07-06,R,0
AZ,10,2021-07-07,D1,12
AZ,10,2021-07-07,D2,71
AZ,10,2021-07-07,DU,0
AZ,10,2021-07-07,R,0
AZ,10,2021-07-08,D1,17
AZ,10,2021-07-08,D2,58
AZ,10,2021-07-08,DU,0
AZ,10,2021-07-08,R,0
AZ,10,2021-07-09,D1,10
AZ,10,2021-07-09,D2,12
AZ,10,2021-07-09,DU,0
AZ,10,2021-07-09,R,0
AZ,10,2021-07-10,D1,8
AZ,10,2021-07-10,D2,17
AZ,10,2021-07-10,DU,0
AZ,10,2021-07-10,R,0
AZ,10,2021-07-11,D1,0
AZ,10,2021-07-11,D2,1
AZ,10,2021-07-11,DU,0
AZ,10,2021-07-11,R,0
AZ,10,2021-07-12,D1,9
AZ,10,2021-07-12,D2,49
AZ,10,2021-07-12,DU,0
AZ,10,2021-07-12,R,0
AZ,10,2021-07-13,D1,12
AZ,10,2021-07-13,D2,57
AZ,10,2021-07-13,DU,0
AZ,10,2021-07-13,R,0
AZ,10,2021-07-14,D1,11
AZ,10,2021-07-14,D2,76
AZ,10,2021-07-14,DU,0
AZ,10,2021-07-14,R,0
AZ,10,2021-07-15,D1,5
AZ,10,2021-07-15,D2,69
AZ,10,2021-07-15,DU,0
AZ,10,2021-07-15,R,0
AZ,10,2021-07-16,D1,5
AZ,10,2021-07-16,D2,58
AZ,10,2021-07-16,DU,0
AZ,10,2021-07-16,R,0
AZ,10,2021-07-17,D1,6
AZ,10,2021-07-17,D2,41
AZ,10,2021-07-17,DU,0
AZ,10,2021-07-17,R,0
AZ,10,2021-07-18,D1,0
AZ,10,2021-07-18,D2,1
AZ,10,2021-07-18,DU,0
AZ,10,2021-07-18,R,0
AZ,10,2021-07-19,D1,2
AZ,10,2021-07-19,D2,43
AZ,10,2021-07-19,DU,0
AZ,10,2021-07-19,R,0
AZ,10,2021-07-20,D1,1
AZ,10,2021-07-20,D2,53
AZ,10,2021-07-20,DU,0
AZ,10,2021-07-20,R,0
AZ,10,2021-07-21,D1,4
AZ,10,2021-07-21,D2,67
AZ,10,2021-07-21,DU,0
AZ,10,2021-07-21,R,0
AZ,10,2021-07-22,D1,10
AZ,10,2021-07-22,D2,59
AZ,10,2021-07-22,DU,0
AZ,10,2021-07-22,R,0
AZ,10,2021-07-23,D1,6
AZ,10,2021-07-23,D2,73
AZ,10,2021-07-23,DU,0
AZ,10,2021-07-23,R,0
AZ,10,2021-07-24,D1,4
AZ,10,2021-07-24,D2,21
AZ,10,2021-07-24,DU,0
AZ,10,2021-07-24,R,0
AZ,10,2021-07-25,D1,0
AZ,10,2021-07-25,D2,2
AZ,10,2021-07-25,DU,0
AZ,10,2021-07-25,R,0
AZ,10,2021-07-26,D1,6
AZ,10,2021-07-26,D2,55
AZ,10,2021-07-26,DU,0
AZ,10,2021-07-26,R,0
AZ,10,2021-07-27,D1,10
AZ,10,2021-07-27,D2,70
AZ,10,2021-07-27,DU,0
AZ,10,2021-07-27,R,0
AZ,10,2021-07-28,D1,4
AZ,10,2021-07-28,D2,59
AZ,10,2021-07-28,DU,0
AZ,10,2021-07-28,R,0
AZ,10,2021-07-29,D1,4
AZ,10,2021-07-29,D2,51
AZ,10,2021-07-29,DU,0
AZ,10,2021-07-29,R,1
AZ,10,2021-07-30,D1,3
AZ,10,2021-07-30,D2,52
AZ,10,2021-07-30,DU,0
AZ,10,2021-07-30,R,0
AZ,10,2021-07-31,D1,3
AZ,10,2021-07-31,D2,31
AZ,10,2021-07-31,DU,0
AZ,10,2021-07-31,R,0
AZ,10,2021-08-02,D1,2
AZ,10,2021-08-02,D2,40
AZ,10,2021-08-02,DU,0
AZ,10,2021-08-02,R,0
AZ,10,2021-08-03,D1,2
AZ,10,2021-08-03,D2,58
AZ,10,2021-08-03,DU,0
AZ,10,2021-08-03,R,0
AZ,10,2021-08-04,D1,1
AZ,10,2021-08-04,D2,51
AZ,10,2021-08-04,DU,0
AZ,10,2021-08-04,R,0
AZ,10,2021-08-05,D1,1
AZ,10,2021-08-05,D2,46
AZ,10,2021-08-05,DU,0
AZ,10,2021-08-05,R,0
AZ,10,2021-08-06,D1,2
AZ,10,2021-08-06,D2,45
AZ,10,2021-08-06,DU,0
AZ,10,2021-08-06,R,0
AZ,10,2021-08-07,D1,1
AZ,10,2021-08-07,D2,26
AZ,10,2021-08-07,DU,0
AZ,10,2021-08-07,R,0
AZ,10,2021-08-08,D1,0
AZ,10,2021-08-08,D2,1
AZ,10,2021-08-08,DU,0
AZ,10,2021-08-08,R,0
AZ,10,2021-08-09,D1,6
AZ,10,2021-08-09,D2,42
AZ,10,2021-08-09,DU,0
AZ,10,2021-08-09,R,0
AZ,10,2021-08-10,D1,2
AZ,10,2021-08-10,D2,38
AZ,10,2021-08-10,DU,0
AZ,10,2021-08-10,R,0
AZ,10,2021-08-11,D1,1
AZ,10,2021-08-11,D2,35
AZ,10,2021-08-11,DU,0
AZ,10,2021-08-11,R,0
AZ,10,2021-08-12,D1,1
AZ,10,2021-08-12,D2,54
AZ,10,2021-08-12,DU,0
AZ,10,2021-08-12,R,0
AZ,10,2021-08-13,D1,4
AZ,10,2021-08-13,D2,23
AZ,10,2021-08-13,DU,0
AZ,10,2021-08-13,R,0
AZ,10,2021-08-14,D1,4
AZ,10,2021-08-14,D2,13
AZ,10,2021-08-14,DU,0
AZ,10,2021-08-14,R,0
AZ,10,2021-08-15,D1,0
AZ,10,2021-08-15,D2,3
AZ,10,2021-08-15,DU,0
AZ,10,2021-08-15,R,0
AZ,10,2021-08-16,D1,5
AZ,10,2021-08-16,D2,32
AZ,10,2021-08-16,DU,0
AZ,10,2021-08-16,R,0
AZ,10,2021-08-17,D1,5
AZ,10,2021-08-17,D2,36
AZ,10,2021-08-17,DU,0
AZ,10,2021-08-17,R,0
AZ,10,2021-08-18,D1,4
AZ,10,2021-08-18,D2,33
AZ,10,2021-08-18,DU,0
AZ,10,2021-08-18,R,0
AZ,10,2021-08-19,D1,6
AZ,10,2021-08-19,D2,35
AZ,10,2021-08-19,DU,0
AZ,10,2021-08-19,R,0
AZ,10,2021-08-20,D1,3
AZ,10,2021-08-20,D2,31
AZ,10,2021-08-20,DU,0
AZ,10,2021-08-20,R,0
AZ,10,2021-08-21,D1,1
AZ,10,2021-08-21,D2,9
AZ,10,2021-08-21,DU,0
AZ,10,2021-08-21,R,1
AZ,10,2021-08-22,D1,1
AZ,10,2021-08-22,D2,1
AZ,10,2021-08-22,DU,0
AZ,10,2021-08-22,R,0
AZ,10,2021-08-23,D1,0
AZ,10,2021-08-23,D2,39
AZ,10,2021-08-23,DU,0
AZ,10,2021-08-23,R,0
AZ,10,2021-08-24,D1,2
AZ,10,2021-08-24,D2,23
AZ,10,2021-08-24,DU,0
AZ,10,2021-08-24,R,0
AZ,10,2021-08-25,D1,7
AZ,10,2021-08-25,D2,27
AZ,10,2021-08-25,DU,0
AZ,10,2021-08-25,R,0
AZ,10,2021-08-26,D1,5
AZ,10,2021-08-26,D2,23
AZ,10,2021-08-26,DU,0
AZ,10,2021-08-26,R,0
AZ,10,2021-08-27,D1,6
AZ,10,2021-08-27,D2,20
AZ,10,2021-08-27,DU,0
AZ,10,2021-08-27,R,0
AZ,10,2021-08-28,D1,1
AZ,10,2021-08-28,D2,16
AZ,10,2021-08-28,DU,0
AZ,10,2021-08-28,R,1
AZ,10,2021-08-30,D1,2
AZ,10,2021-08-30,D2,25
AZ,10,2021-08-30,DU,0
AZ,10,2021-08-30,R,0
AZ,10,2021-08-31,D1,0
AZ,10,2021-08-31,D2,15
AZ,10,2021-08-31,DU,0
AZ,10,2021-08-31,R,1
AZ,10,2021-09-01,D1,2
AZ,10,2021-09-01,D2,27
AZ,10,2021-09-01,DU,0
AZ,10,2021-09-01,R,0
AZ,10,2021-09-02,D1,3
AZ,10,2021-09-02,D2,14
AZ,10,2021-09-02,DU,0
AZ,10,2021-09-02,R,11
AZ,10,2021-09-03,D1,0
AZ,10,2021-09-03,D2,22
AZ,10,2021-09-03,DU,0
AZ,10,2021-09-03,R,3
AZ,10,2021-09-04,D1,1
AZ,10,2021-09-04,D2,9
AZ,10,2021-09-04,DU,0
AZ,10,2021-09-04,R,1
AZ,10,2021-09-05,D1,0
AZ,10,2021-09-05,D2,1
AZ,10,2021-09-05,DU,0
AZ,10,2021-09-05,R,0
AZ,10,2021-09-06,D1,0
AZ,10,2021-09-06,D2,7
AZ,10,2021-09-06,DU,0
AZ,10,2021-09-06,R,0
AZ,10,2021-09-07,D1,0
AZ,10,2021-09-07,D2,2
AZ,10,2021-09-07,DU,0
AZ,10,2021-09-07,R,0
AZ,10,2021-09-08,D1,1
AZ,10,2021-09-08,D2,23
AZ,10,2021-09-08,DU,0
AZ,10,2021-09-08,R,15
AZ,10,2021-09-09,D1,5
AZ,10,2021-09-09,D2,19
AZ,10,2021-09-09,DU,0
AZ,10,2021-09-09,R,65
AZ,10,2021-09-10,D1,0
AZ,10,2021-09-10,D2,28
AZ,10,2021-09-10,DU,0
AZ,10,2021-09-10,R,74
AZ,10,2021-09-11,D1,0
AZ,10,2021-09-11,D2,12
AZ,10,2021-09-11,DU,0
AZ,10,2021-09-11,R,268
AZ,10,2021-09-12,D1,0
AZ,10,2021-09-12,D2,0
AZ,10,2021-09-12,DU,0
AZ,10,2021-09-12,R,42
AZ,10,2021-09-13,D1,2
AZ,10,2021-09-13,D2,16
AZ,10,2021-09-13,DU,0
AZ,10,2021-09-13,R,92
AZ,10,2021-09-14,D1,1
AZ,10,2021-09-14,D2,8
AZ,10,2021-09-14,DU,0
AZ,10,2021-09-14,R,43
AZ,10,2021-09-15,D1,0
AZ,10,2021-09-15,D2,9
AZ,10,2021-09-15,DU,0
AZ,10,2021-09-15,R,22
AZ,10,2021-09-16,D1,1
AZ,10,2021-09-16,D2,9
AZ,10,2021-09-16,DU,0
AZ,10,2021-09-16,R,30
AZ,10,2021-09-17,D1,1
AZ,10,2021-09-17,D2,8
AZ,10,2021-09-17,DU,0
AZ,10,2021-09-17,R,26
AZ,10,2021-09-18,D1,0
AZ,10,2021-09-18,D2,3
AZ,10,2021-09-18,DU,0
AZ,10,2021-09-18,R,21
AZ,10,2021-09-19,D1,0
AZ,10,2021-09-19,D2,0
AZ,10,2021-09-19,DU,0
AZ,10,2021-09-19,R,11
AZ,10,2021-09-20,D1,0
AZ,10,2021-09-20,D2,16
AZ,10,2021-09-20,DU,0
AZ,10,2021-09-20,R,18
AZ,10,2021-09-21,D1,1
AZ,10,2021-09-21,D2,8
AZ,10,2021-09-21,DU,0
AZ,10,2021-09-21,R,16
AZ,10,2021-09-22,D1,0
AZ,10,2021-09-22,D2,4
AZ,10,2021-09-22,DU,0
AZ,10,2021-09-22,R,6
AZ,10,2021-09-23,D1,1
AZ,10,2021-09-23,D2,16
AZ,10,2021-09-23,DU,0
AZ,10,2021-09-23,R,6
AZ,10,2021-09-24,D1,2
AZ,10,2021-09-24,D2,9
AZ,10,2021-09-24,DU,0
AZ,10,2021-09-24,R,3
AZ,10,2021-09-25,D1,1
AZ,10,2021-09-25,D2,3
AZ,10,2021-09-25,DU,0
AZ,10,2021-09-25,R,0
AZ,10,2021-09-27,D1,0
AZ,10,2021-09-27,D2,5
AZ,10,2021-09-27,DU,0
AZ,10,2021-09-27,R,7
AZ,10,2021-09-28,D1,0
AZ,10,2021-09-28,D2,6
AZ,10,2021-09-28,DU,0
AZ,10,2021-09-28,R,3
AZ,10,2021-09-29,D1,0
AZ,10,2021-09-29,D2,7
AZ,10,2021-09-29,DU,0
AZ,10,2021-09-29,R,5
AZ,10,2021-09-30,D1,0
AZ,10,2021-09-30,D2,8
AZ,10,2021-09-30,DU,0
AZ,10,2021-09-30,R,4
AZ,10,2021-10-01,D1,0
AZ,10,2021-10-01,D2,13
AZ,10,2021-10-01,DU,0
AZ,10,2021-10-01,R,3
AZ,10,2021-10-02,D1,0
AZ,10,2021-10-02,D2,10
AZ,10,2021-10-02,DU,0
AZ,10,2021-10-02,R,4
AZ,10,2021-10-04,D1,0
AZ,10,2021-10-04,D2,4
AZ,10,2021-10-04,DU,0
AZ,10,2021-10-04,R,5
AZ,10,2021-10-05,D1,0
AZ,10,2021-10-05,D2,10
AZ,10,2021-10-05,DU,0
AZ,10,2021-10-05,R,2
AZ,10,2021-10-06,D1,0
AZ,10,2021-10-06,D2,14
AZ,10,2021-10-06,DU,0
AZ,10,2021-10-06,R,4
AZ,10,2021-10-07,D1,0
AZ,10,2021-10-07,D2,6
AZ,10,2021-10-07,DU,0
AZ,10,2021-10-07,R,5
AZ,10,2021-10-08,D1,0
AZ,10,2021-10-08,D2,8
AZ,10,2021-10-08,DU,0
AZ,10,2021-10-08,R,3
AZ,10,2021-10-09,D1,0
AZ,10,2021-10-09,D2,1
AZ,10,2021-10-09,DU,0
AZ,10,2021-10-09,R,0
AZ,10,2021-10-10,D1,0
AZ,10,2021-10-10,D2,1
AZ,10,2021-10-10,DU,0
AZ,10,2021-10-10,R,0
AZ,10,2021-10-11,D1,0
AZ,10,2021-10-11,D2,1
AZ,10,2021-10-11,DU,0
AZ,10,2021-10-11,R,0
AZ,10,2021-10-13,D1,0
AZ,10,2021-10-13,D2,7
AZ,10,2021-10-13,DU,0
AZ,10,2021-10-13,R,7
AZ,10,2021-10-14,D1,0
AZ,10,2021-10-14,D2,7
AZ,10,2021-10-14,DU,0
AZ,10,2021-10-14,R,2
AZ,10,2021-10-15,D1,0
AZ,10,2021-10-15,D2,9
AZ,10,2021-10-15,DU,0
AZ,10,2021-10-15,R,6
AZ,10,2021-10-16,D1,0
AZ,10,2021-10-16,D2,2
AZ,10,2021-10-16,DU,0
AZ,10,2021-10-16,R,4
AZ,10,2021-10-18,D1,0
AZ,10,2021-10-18,D2,5
AZ,10,2021-10-18,DU,0
AZ,10,2021-10-18,R,1
AZ,10,2021-10-19,D1,0
AZ,10,2021-10-19,D2,6
AZ,10,2021-10-19,DU,0
AZ,10,2021-10-19,R,3
AZ,10,2021-10-20,D1,0
AZ,10,2021-10-20,D2,7
AZ,10,2021-10-20,DU,0
AZ,10,2021-10-20,R,0
AZ,10,2021-10-21,D1,0
AZ,10,2021-10-21,D2,5
AZ,10,2021-10-21,DU,0
AZ,10,2021-10-21,R,1
AZ,10,2021-10-22,D1,1
AZ,10,2021-10-22,D2,4
AZ,10,2021-10-22,DU,0
AZ,10,2021-10-22,R,2
AZ,10,2021-10-23,D1,0
AZ,10,2021-10-23,D2,1
AZ,10,2021-10-23,DU,0
AZ,10,2021-10-23,R,0
AZ,10,2021-10-24,D1,0
AZ,10,2021-10-24,D2,1
AZ,10,2021-10-24,DU,0
AZ,10,2021-10-24,R,0
AZ,10,2021-10-25,D1,0
AZ,10,2021-10-25,D2,7
AZ,10,2021-10-25,DU,0
AZ,10,2021-10-25,R,1
AZ,10,2021-10-26,D1,0
AZ,10,2021-10-26,D2,2
AZ,10,2021-10-26,DU,0
AZ,10,2021-10-26,R,2
AZ,10,2021-10-27,D1,0
AZ,10,2021-10-27,D2,1
AZ,10,2021-10-27,DU,0
AZ,10,2021-10-27,R,1
AZ,10,2021-10-28,D1,0
AZ,10,2021-10-28,D2,8
AZ,10,2021-10-28,DU,0
AZ,10,2021-10-28,R,3
AZ,10,2021-10-29,D1,0
AZ,10,2021-10-29,D2,2
AZ,10,2021-10-29,DU,0
AZ,10,2021-10-29,R,1
AZ,10,2021-10-30,D1,0
AZ,10,2021-10-30,D2,4
AZ,10,2021-10-30,DU,0
AZ,10,2021-10-30,R,0
AZ,10,2021-11-03,D1,0
AZ,10,2021-11-03,D2,5
AZ,10,2021-11-03,DU,0
AZ,10,2021-11-03,R,5
AZ,10,2021-11-04,D1,0
AZ,10,2021-11-04,D2,3
AZ,10,2021-11-04,DU,0
AZ,10,2021-11-04,R,6
AZ,10,2021-11-05,D1,0
AZ,10,2021-11-05,D2,4
AZ,10,2021-11-05,DU,0
AZ,10,2021-11-05,R,5
AZ,10,2021-11-06,D1,0
AZ,10,2021-11-06,D2,1
AZ,10,2021-11-06,DU,0
AZ,10,2021-11-06,R,0
AZ,10,2021-11-08,D1,0
AZ,10,2021-11-08,D2,3
AZ,10,2021-11-08,DU,0
AZ,10,2021-11-08,R,2
AZ,10,2021-11-09,D1,1
AZ,10,2021-11-09,D2,2
AZ,10,2021-11-09,DU,0
AZ,10,2021-11-09,R,13
AZ,10,2021-11-10,D1,0
AZ,10,2021-11-10,D2,1
AZ,10,2021-11-10,DU,0
AZ,10,2021-11-10,R,7
AZ,10,2021-11-11,D1,0
AZ,10,2021-11-11,D2,5
AZ,10,2021-11-11,DU,0
AZ,10,2021-11-11,R,19
AZ,10,2021-11-12,D1,0
AZ,10,2021-11-12,D2,1
AZ,10,2021-11-12,DU,0
AZ,10,2021-11-12,R,15
AZ,10,2021-11-13,D1,1
AZ,10,2021-11-13,D2,4
AZ,10,2021-11-13,DU,0
AZ,10,2021-11-13,R,3
AZ,10,2021-11-14,D1,0
AZ,10,2021-11-14,D2,1
AZ,10,2021-11-14,DU,0
AZ,10,2021-11-14,R,1
AZ,10,2021-11-15,D1,0
AZ,10,2021-11-15,D2,0
AZ,10,2021-11-15,DU,0
AZ,10,2021-11-15,R,1
AZ,10,2021-11-16,D1,2
AZ,10,2021-11-16,D2,3
AZ,10,2021-11-16,DU,0
AZ,10,2021-11-16,R,12
AZ,10,2021-11-17,D1,0
AZ,10,2021-11-17,D2,10
AZ,10,2021-11-17,DU,0
AZ,10,2021-11-17,R,15
AZ,10,2021-11-18,D1,0
AZ,10,2021-11-18,D2,0
AZ,10,2021-11-18,DU,0
AZ,10,2021-11-18,R,49
AZ,10,2021-11-20,D1,0
AZ,10,2021-11-20,D2,0
AZ,10,2021-11-20,DU,0
AZ,10,2021-11-20,R,20
AZ,10,2021-11-23,D1,0
AZ,10,2021-11-23,D2,8
AZ,10,2021-11-23,DU,0
AZ,10,2021-11-23,R,4
AZ,10,2021-11-24,D1,0
AZ,10,2021-11-24,D2,0
AZ,10,2021-11-24,DU,0
AZ,10,2021-11-24,R,8
AZ,10,2021-11-26,D1,0
AZ,10,2021-11-26,D2,1
AZ,10,2021-11-26,DU,0
AZ,10,2021-11-26,R,2
AZ,10,2021-11-29,D1,0
AZ,10,2021-11-29,D2,0
AZ,10,2021-11-29,DU,0
AZ,10,2021-11-29,R,1
AZ,10,2021-12-01,D1,0
AZ,10,2021-12-01,D2,0
AZ,10,2021-12-01,DU,0
AZ,10,2021-12-01,R,1
AZ,10,2021-12-02,D1,0
AZ,10,2021-12-02,D2,2
AZ,10,2021-12-02,DU,0
AZ,10,2021-12-02,R,0
AZ,10,2021-12-03,D1,0
AZ,10,2021-12-03,D2,0
AZ,10,2021-12-03,DU,0
AZ,10,2021-12-03,R,1
AZ,10,2021-12-04,D1,0
AZ,10,2021-12-04,D2,0
AZ,10,2021-12-04,DU,0
AZ,10,2021-12-04,R,40
AZ,10,2021-12-05,D1,0
AZ,10,2021-12-05,D2,0
AZ,10,2021-12-05,DU,0
AZ,10,2021-12-05,R,2
AZ,10,2021-12-06,D1,0
AZ,10,2021-12-06,D2,0
AZ,10,2021-12-06,DU,0
AZ,10,2021-12-06,R,1
AZ,10,2021-12-07,D1,0
AZ,10,2021-12-07,D2,3
AZ,10,2021-12-07,DU,0
AZ,10,2021-12-07,R,179
AZ,10,2021-12-10,D1,0
AZ,10,2021-12-10,D2,0
AZ,10,2021-12-10,DU,0
AZ,10,2021-12-10,R,1
AZ,10,2021-12-14,D1,0
AZ,10,2021-12-14,D2,2
AZ,10,2021-12-14,DU,0
AZ,10,2021-12-14,R,53
AZ,10,2021-12-15,D1,0
AZ,10,2021-12-15,D2,0
AZ,10,2021-12-15,DU,0
AZ,10,2021-12-15,R,2
AZ,10,2021-12-17,D1,0
AZ,10,2021-12-17,D2,2
AZ,10,2021-12-17,DU,0
AZ,10,2021-12-17,R,32
AZ,10,2021-12-20,D1,0
AZ,10,2021-12-20,D2,0
AZ,10,2021-12-20,DU,0
AZ,10,2021-12-20,R,5
AZ,10,2021-12-23,D1,0
AZ,10,2021-12-23,D2,0
AZ,10,2021-12-23,DU,0
AZ,10,2021-12-23,R,11
AZ,10,2021-12-27,D1,0
AZ,10,2021-12-27,D2,1
AZ,10,2021-12-27,DU,0
AZ,10,2021-12-27,R,20
AZ,10,2021-12-28,D1,0
AZ,10,2021-12-28,D2,1
AZ,10,2021-12-28,DU,0
AZ,10,2021-12-28,R,19
AZ,10,2022-01-03,D1,0
AZ,10,2022-01-03,D2,2
AZ,10,2022-01-03,DU,0
AZ,10,2022-01-03,R,13
AZ,10,2022-01-04,D1,0
AZ,10,2022-01-04,D2,0
AZ,10,2022-01-04,DU,0
AZ,10,2022-01-04,R,19
AZ,10,2022-01-08,D1,0
AZ,10,2022-01-08,D2,0
AZ,10,2022-01-08,DU,0
AZ,10,2022-01-08,R,1
AZ,10,2022-01-10,D1,0
AZ,10,2022-01-10,D2,1
AZ,10,2022-01-10,DU,0
AZ,10,2022-01-10,R,21
AZ,10,2022-01-11,D1,0
AZ,10,2022-01-11,D2,0
AZ,10,2022-01-11,DU,0
AZ,10,2022-01-11,R,36
AZ,10,2022-01-13,D1,0
AZ,10,2022-01-13,D2,1
AZ,10,2022-01-13,DU,0
AZ,10,2022-01-13,R,15
AZ,10,2022-01-14,D1,0
AZ,10,2022-01-14,D2,0
AZ,10,2022-01-14,DU,0
AZ,10,2022-01-14,R,3
AZ,11,2021-01-22,D1,5
AZ,11,2021-01-22,D2,0
AZ,11,2021-01-22,DU,0
AZ,11,2021-01-22,R,0
AZ,11,2021-01-25,D1,2
AZ,11,2021-01-25,D2,0
AZ,11,2021-01-25,DU,0
AZ,11,2021-01-25,R,0
AZ,11,2021-01-26,D1,3
AZ,11,2021-01-26,D2,0
AZ,11,2021-01-26,DU,0
AZ,11,2021-01-26,R,0
AZ,11,2021-01-27,D1,65
AZ,11,2021-01-27,D2,0
AZ,11,2021-01-27,DU,0
AZ,11,2021-01-27,R,0
AZ,11,2021-01-28,D1,107
AZ,11,2021-01-28,D2,0
AZ,11,2021-01-28,DU,0
AZ,11,2021-01-28,R,0
AZ,11,2021-01-29,D1,79
AZ,11,2021-01-29,D2,0
AZ,11,2021-01-29,DU,0
AZ,11,2021-01-29,R,0
AZ,11,2021-01-30,D1,83
AZ,11,2021-01-30,D2,0
AZ,11,2021-01-30,DU,0
AZ,11,2021-01-30,R,0
AZ,11,2021-01-31,D1,19
AZ,11,2021-01-31,D2,0
AZ,11,2021-01-31,DU,0
AZ,11,2021-01-31,R,0
AZ,11,2021-02-01,D1,81
AZ,11,2021-02-01,D2,0
AZ,11,2021-02-01,DU,0
AZ,11,2021-02-01,R,0
AZ,11,2021-02-02,D1,106
AZ,11,2021-02-02,D2,0
AZ,11,2021-02-02,DU,0
AZ,11,2021-02-02,R,0
AZ,11,2021-02-03,D1,93
AZ,11,2021-02-03,D2,0
AZ,11,2021-02-03,DU,0
AZ,11,2021-02-03,R,0
AZ,11,2021-02-04,D1,90
AZ,11,2021-02-04,D2,0
AZ,11,2021-02-04,DU,0
AZ,11,2021-02-04,R,0
AZ,11,2021-02-05,D1,1491
AZ,11,2021-02-05,D2,1
AZ,11,2021-02-05,DU,0
AZ,11,2021-02-05,R,0
AZ,11,2021-02-06,D1,153
AZ,11,2021-02-06,D2,0
AZ,11,2021-02-06,DU,0
AZ,11,2021-02-06,R,0
AZ,11,2021-02-07,D1,6
AZ,11,2021-02-07,D2,0
AZ,11,2021-02-07,DU,0
AZ,11,2021-02-07,R,0
AZ,11,2021-02-08,D1,1218
AZ,11,2021-02-08,D2,1
AZ,11,2021-02-08,DU,0
AZ,11,2021-02-08,R,0
AZ,11,2021-02-09,D1,459
AZ,11,2021-02-09,D2,0
AZ,11,2021-02-09,DU,0
AZ,11,2021-02-09,R,0
AZ,11,2021-02-10,D1,241
AZ,11,2021-02-10,D2,0
AZ,11,2021-02-10,DU,0
AZ,11,2021-02-10,R,0
AZ,11,2021-02-11,D1,141
AZ,11,2021-02-11,D2,0
AZ,11,2021-02-11,DU,0
AZ,11,2021-02-11,R,0
AZ,11,2021-02-12,D1,148
AZ,11,2021-02-12,D2,0
AZ,11,2021-02-12,DU,0
AZ,11,2021-02-12,R,0
AZ,11,2021-02-13,D1,11
AZ,11,2021-02-13,D2,0
AZ,11,2021-02-13,DU,0
AZ,11,2021-02-13,R,0
AZ,11,2021-02-14,D1,7
AZ,11,2021-02-14,D2,0
AZ,11,2021-02-14,DU,0
AZ,11,2021-02-14,R,0
AZ,11,2021-02-15,D1,58
AZ,11,2021-02-15,D2,0
AZ,11,2021-02-15,DU,0
AZ,11,2021-02-15,R,0
AZ,11,2021-02-16,D1,36
AZ,11,2021-02-16,D2,0
AZ,11,2021-02-16,DU,0
AZ,11,2021-02-16,R,0
AZ,11,2021-02-17,D1,25
AZ,11,2021-02-17,D2,1
AZ,11,2021-02-17,DU,0
AZ,11,2021-02-17,R,0
AZ,11,2021-02-18,D1,14
AZ,11,2021-02-18,D2,0
AZ,11,2021-02-18,DU,0
AZ,11,2021-02-18,R,0
AZ,11,2021-02-19,D1,8
AZ,11,2021-02-19,D2,0
AZ,11,2021-02-19,DU,0
AZ,11,2021-02-19,R,0
AZ,11,2021-02-20,D1,1
AZ,11,2021-02-20,D2,0
AZ,11,2021-02-20,DU,0
AZ,11,2021-02-20,R,0
AZ,11,2021-02-22,D1,10
AZ,11,2021-02-22,D2,0
AZ,11,2021-02-22,DU,0
AZ,11,2021-02-22,R,0
AZ,11,2021-02-23,D1,9
AZ,11,2021-02-23,D2,0
AZ,11,2021-02-23,DU,0
AZ,11,2021-02-23,R,0
AZ,11,2021-02-24,D1,7
AZ,11,2021-02-24,D2,0
AZ,11,2021-02-24,DU,0
AZ,11,2021-02-24,R,0
AZ,11,2021-02-25,D1,7
AZ,11,2021-02-25,D2,0
AZ,11,2021-02-25,DU,0
AZ,11,2021-02-25,R,0
AZ,11,2021-02-26,D1,37
AZ,11,2021-02-26,D2,0
AZ,11,2021-02-26,DU,0
AZ,11,2021-02-26,R,0
AZ,11,2021-02-27,D1,128
AZ,11,2021-02-27,D2,1
AZ,11,2021-02-27,DU,0
AZ,11,2021-02-27,R,0
AZ,11,2021-02-28,D1,13
AZ,11,2021-02-28,D2,0
AZ,11,2021-02-28,DU,0
AZ,11,2021-02-28,R,0
AZ,11,2021-03-01,D1,171
AZ,11,2021-03-01,D2,0
AZ,11,2021-03-01,DU,0
AZ,11,2021-03-01,R,0
AZ,11,2021-03-02,D1,153
AZ,11,2021-03-02,D2,0
AZ,11,2021-03-02,DU,0
AZ,11,2021-03-02,R,0
AZ,11,2021-03-03,D1,67
AZ,11,2021-03-03,D2,4
AZ,11,2021-03-03,DU,0
AZ,11,2021-03-03,R,0
AZ,11,2021-03-04,D1,53
AZ,11,2021-03-04,D2,2
AZ,11,2021-03-04,DU,0
AZ,11,2021-03-04,R,0
AZ,11,2021-03-05,D1,40
AZ,11,2021-03-05,D2,1
AZ,11,2021-03-05,DU,0
AZ,11,2021-03-05,R,0
AZ,11,2021-03-06,D1,17
AZ,11,2021-03-06,D2,1
AZ,11,2021-03-06,DU,0
AZ,11,2021-03-06,R,0
AZ,11,2021-03-08,D1,16
AZ,11,2021-03-08,D2,3
AZ,11,2021-03-08,DU,0
AZ,11,2021-03-08,R,0
AZ,11,2021-03-09,D1,13
AZ,11,2021-03-09,D2,1
AZ,11,2021-03-09,DU,0
AZ,11,2021-03-09,R,0
AZ,11,2021-03-10,D1,19
AZ,11,2021-03-10,D2,1
AZ,11,2021-03-10,DU,0
AZ,11,2021-03-10,R,0
AZ,11,2021-03-11,D1,9
AZ,11,2021-03-11,D2,3
AZ,11,2021-03-11,DU,0
AZ,11,2021-03-11,R,0
AZ,11,2021-03-12,D1,2
AZ,11,2021-03-12,D2,0
AZ,11,2021-03-12,DU,0
AZ,11,2021-03-12,R,0
AZ,11,2021-03-13,D1,6
AZ,11,2021-03-13,D2,0
AZ,11,2021-03-13,DU,0
AZ,11,2021-03-13,R,0
AZ,11,2021-03-15,D1,7
AZ,11,2021-03-15,D2,1
AZ,11,2021-03-15,DU,0
AZ,11,2021-03-15,R,0
AZ,11,2021-03-16,D1,6
AZ,11,2021-03-16,D2,0
AZ,11,2021-03-16,DU,0
AZ,11,2021-03-16,R,0
AZ,11,2021-03-17,D1,1
AZ,11,2021-03-17,D2,0
AZ,11,2021-03-17,DU,0
AZ,11,2021-03-17,R,0
AZ,11,2021-03-18,D1,2
AZ,11,2021-03-18,D2,0
AZ,11,2021-03-18,DU,0
AZ,11,2021-03-18,R,0
AZ,11,2021-03-19,D1,2
AZ,11,2021-03-19,D2,0
AZ,11,2021-03-19,DU,0
AZ,11,2021-03-19,R,0
AZ,11,2021-03-22,D1,3
AZ,11,2021-03-22,D2,0
AZ,11,2021-03-22,DU,0
AZ,11,2021-03-22,R,0
AZ,11,2021-03-23,D1,2
AZ,11,2021-03-23,D2,0
AZ,11,2021-03-23,DU,0
AZ,11,2021-03-23,R,0
AZ,11,2021-03-25,D1,2
AZ,11,2021-03-25,D2,1
AZ,11,2021-03-25,DU,0
AZ,11,2021-03-25,R,0
AZ,11,2021-03-27,D1,2
AZ,11,2021-03-27,D2,0
AZ,11,2021-03-27,DU,0
AZ,11,2021-03-27,R,0
AZ,11,2021-03-30,D1,2
AZ,11,2021-03-30,D2,0
AZ,11,2021-03-30,DU,0
AZ,11,2021-03-30,R,0
AZ,11,2021-03-31,D1,1
AZ,11,2021-03-31,D2,0
AZ,11,2021-03-31,DU,0
AZ,11,2021-03-31,R,0
AZ,11,2021-04-03,D1,1
AZ,11,2021-04-03,D2,0
AZ,11,2021-04-03,DU,0
AZ,11,2021-04-03,R,0
AZ,11,2021-04-07,D1,2
AZ,11,2021-04-07,D2,0
AZ,11,2021-04-07,DU,0
AZ,11,2021-04-07,R,0
AZ,11,2021-04-09,D1,1
AZ,11,2021-04-09,D2,1
AZ,11,2021-04-09,DU,0
AZ,11,2021-04-09,R,0
AZ,11,2021-04-12,D1,5
AZ,11,2021-04-12,D2,1
AZ,11,2021-04-12,DU,0
AZ,11,2021-04-12,R,0
AZ,11,2021-04-13,D1,4
AZ,11,2021-04-13,D2,1
AZ,11,2021-04-13,DU,0
AZ,11,2021-04-13,R,0
AZ,11,2021-04-14,D1,4
AZ,11,2021-04-14,D2,4
AZ,11,2021-04-14,DU,0
AZ,11,2021-04-14,R,0
AZ,11,2021-04-15,D1,12
AZ,11,2021-04-15,D2,0
AZ,11,2021-04-15,DU,0
AZ,11,2021-04-15,R,0
AZ,11,2021-04-16,D1,6
AZ,11,2021-04-16,D2,1
AZ,11,2021-04-16,DU,0
AZ,11,2021-04-16,R,0
AZ,11,2021-04-17,D1,2
AZ,11,2021-04-17,D2,0
AZ,11,2021-04-17,DU,0
AZ,11,2021-04-17,R,0
AZ,11,2021-04-19,D1,2
AZ,11,2021-04-19,D2,14
AZ,11,2021-04-19,DU,0
AZ,11,2021-04-19,R,0
AZ,11,2021-04-20,D1,12
AZ,11,2021-04-20,D2,34
AZ,11,2021-04-20,DU,0
AZ,11,2021-04-20,R,0
AZ,11,2021-04-21,D1,8
AZ,11,2021-04-21,D2,8
AZ,11,2021-04-21,DU,0
AZ,11,2021-04-21,R,0
AZ,11,2021-04-22,D1,12
AZ,11,2021-04-22,D2,52
AZ,11,2021-04-22,DU,0
AZ,11,2021-04-22,R,0
AZ,11,2021-04-23,D1,10
AZ,11,2021-04-23,D2,41
AZ,11,2021-04-23,DU,0
AZ,11,2021-04-23,R,0
AZ,11,2021-04-24,D1,5
AZ,11,2021-04-24,D2,70
AZ,11,2021-04-24,DU,0
AZ,11,2021-04-24,R,0
AZ,11,2021-04-25,D1,0
AZ,11,2021-04-25,D2,29
AZ,11,2021-04-25,DU,0
AZ,11,2021-04-25,R,0
AZ,11,2021-04-26,D1,8
AZ,11,2021-04-26,D2,56
AZ,11,2021-04-26,DU,0
AZ,11,2021-04-26,R,0
AZ,11,2021-04-27,D1,9
AZ,11,2021-04-27,D2,88
AZ,11,2021-04-27,DU,0
AZ,11,2021-04-27,R,0
AZ,11,2021-04-28,D1,8
AZ,11,2021-04-28,D2,69
AZ,11,2021-04-28,DU,0
AZ,11,2021-04-28,R,0
AZ,11,2021-04-29,D1,15
AZ,11,2021-04-29,D2,89
AZ,11,2021-04-29,DU,0
AZ,11,2021-04-29,R,0
AZ,11,2021-04-30,D1,13
AZ,11,2021-04-30,D2,389
AZ,11,2021-04-30,DU,0
AZ,11,2021-04-30,R,0
AZ,11,2021-05-01,D1,5
AZ,11,2021-05-01,D2,42
AZ,11,2021-05-01,DU,0
AZ,11,2021-05-01,R,0
AZ,11,2021-05-02,D1,1
AZ,11,2021-05-02,D2,1
AZ,11,2021-05-02,DU,0
AZ,11,2021-05-02,R,0
AZ,11,2021-05-03,D1,9
AZ,11,2021-05-03,D2,463
AZ,11,2021-05-03,DU,0
AZ,11,2021-05-03,R,0
AZ,11,2021-05-04,D1,8
AZ,11,2021-05-04,D2,259
AZ,11,2021-05-04,DU,0
AZ,11,2021-05-04,R,0
AZ,11,2021-05-05,D1,16
AZ,11,2021-05-05,D2,711
AZ,11,2021-05-05,DU,0
AZ,11,2021-05-05,R,0
AZ,11,2021-05-06,D1,13
AZ,11,2021-05-06,D2,260
AZ,11,2021-05-06,DU,0
AZ,11,2021-05-06,R,0
AZ,11,2021-05-07,D1,6
AZ,11,2021-05-07,D2,255
AZ,11,2021-05-07,DU,0
AZ,11,2021-05-07,R,0
AZ,11,2021-05-08,D1,12
AZ,11,2021-05-08,D2,165
AZ,11,2021-05-08,DU,0
AZ,11,2021-05-08,R,0
AZ,11,2021-05-09,D1,0
AZ,11,2021-05-09,D2,2
AZ,11,2021-05-09,DU,0
AZ,11,2021-05-09,R,0
AZ,11,2021-05-10,D1,10
AZ,11,2021-05-10,D2,498
AZ,11,2021-05-10,DU,0
AZ,11,2021-05-10,R,0
AZ,11,2021-05-11,D1,9
AZ,11,2021-05-11,D2,183
AZ,11,2021-05-11,DU,0
AZ,11,2021-05-11,R,0
AZ,11,2021-05-12,D1,7
AZ,11,2021-05-12,D2,82
AZ,11,2021-05-12,DU,0
AZ,11,2021-05-12,R,0
AZ,11,2021-05-13,D1,9
AZ,11,2021-05-13,D2,54
AZ,11,2021-05-13,DU,0
AZ,11,2021-05-13,R,0
AZ,11,2021-05-14,D1,6
AZ,11,2021-05-14,D2,39
AZ,11,2021-05-14,DU,0
AZ,11,2021-05-14,R,0
AZ,11,2021-05-15,D1,7
AZ,11,2021-05-15,D2,25
AZ,11,2021-05-15,DU,0
AZ,11,2021-05-15,R,0
AZ,11,2021-05-17,D1,6
AZ,11,2021-05-17,D2,32
AZ,11,2021-05-17,DU,0
AZ,11,2021-05-17,R,0
AZ,11,2021-05-18,D1,4
AZ,11,2021-05-18,D2,39
AZ,11,2021-05-18,DU,0
AZ,11,2021-05-18,R,0
AZ,11,2021-05-19,D1,1
AZ,11,2021-05-19,D2,27
AZ,11,2021-05-19,DU,0
AZ,11,2021-05-19,R,0
AZ,11,2021-05-20,D1,5
AZ,11,2021-05-20,D2,27
AZ,11,2021-05-20,DU,0
AZ,11,2021-05-20,R,0
AZ,11,2021-05-21,D1,9
AZ,11,2021-05-21,D2,44
AZ,11,2021-05-21,DU,0
AZ,11,2021-05-21,R,0
AZ,11,2021-05-22,D1,2
AZ,11,2021-05-22,D2,30
AZ,11,2021-05-22,DU,0
AZ,11,2021-05-22,R,0
AZ,11,2021-05-23,D1,1
AZ,11,2021-05-23,D2,7
AZ,11,2021-05-23,DU,0
AZ,11,2021-05-23,R,0
AZ,11,2021-05-24,D1,5
AZ,11,2021-05-24,D2,64
AZ,11,2021-05-24,DU,0
AZ,11,2021-05-24,R,0
AZ,11,2021-05-25,D1,3
AZ,11,2021-05-25,D2,84
AZ,11,2021-05-25,DU,0
AZ,11,2021-05-25,R,0
AZ,11,2021-05-26,D1,10
AZ,11,2021-05-26,D2,54
AZ,11,2021-05-26,DU,0
AZ,11,2021-05-26,R,0
AZ,11,2021-05-27,D1,3
AZ,11,2021-05-27,D2,37
AZ,11,2021-05-27,DU,0
AZ,11,2021-05-27,R,0
AZ,11,2021-05-28,D1,6
AZ,11,2021-05-28,D2,45
AZ,11,2021-05-28,DU,0
AZ,11,2021-05-28,R,0
AZ,11,2021-05-29,D1,0
AZ,11,2021-05-29,D2,11
AZ,11,2021-05-29,DU,0
AZ,11,2021-05-29,R,0
AZ,11,2021-05-31,D1,4
AZ,11,2021-05-31,D2,44
AZ,11,2021-05-31,DU,0
AZ,11,2021-05-31,R,0
AZ,11,2021-06-01,D1,4
AZ,11,2021-06-01,D2,41
AZ,11,2021-06-01,DU,0
AZ,11,2021-06-01,R,0
AZ,11,2021-06-02,D1,3
AZ,11,2021-06-02,D2,54
AZ,11,2021-06-02,DU,0
AZ,11,2021-06-02,R,0
AZ,11,2021-06-03,D1,0
AZ,11,2021-06-03,D2,21
AZ,11,2021-06-03,DU,0
AZ,11,2021-06-03,R,0
AZ,11,2021-06-04,D1,6
AZ,11,2021-06-04,D2,12
AZ,11,2021-06-04,DU,0
AZ,11,2021-06-04,R,0
AZ,11,2021-06-05,D1,3
AZ,11,2021-06-05,D2,26
AZ,11,2021-06-05,DU,0
AZ,11,2021-06-05,R,0
AZ,11,2021-06-07,D1,4
AZ,11,2021-06-07,D2,26
AZ,11,2021-06-07,DU,0
AZ,11,2021-06-07,R,0
AZ,11,2021-06-08,D1,6
AZ,11,2021-06-08,D2,11
AZ,11,2021-06-08,DU,0
AZ,11,2021-06-08,R,0
AZ,11,2021-06-09,D1,1
AZ,11,2021-06-09,D2,11
AZ,11,2021-06-09,DU,0
AZ,11,2021-06-09,R,0
AZ,11,2021-06-10,D1,2
AZ,11,2021-06-10,D2,14
AZ,11,2021-06-10,DU,0
AZ,11,2021-06-10,R,0
AZ,11,2021-06-11,D1,4
AZ,11,2021-06-11,D2,7
AZ,11,2021-06-11,DU,0
AZ,11,2021-06-11,R,0
AZ,11,2021-06-12,D1,1
AZ,11,2021-06-12,D2,1
AZ,11,2021-06-12,DU,0
AZ,11,2021-06-12,R,0
AZ,11,2021-06-14,D1,5
AZ,11,2021-06-14,D2,6
AZ,11,2021-06-14,DU,0
AZ,11,2021-06-14,R,0
AZ,11,2021-06-15,D1,5
AZ,11,2021-06-15,D2,7
AZ,11,2021-06-15,DU,0
AZ,11,2021-06-15,R,0
AZ,11,2021-06-16,D1,4
AZ,11,2021-06-16,D2,5
AZ,11,2021-06-16,DU,0
AZ,11,2021-06-16,R,0
AZ,11,2021-06-17,D1,7
AZ,11,2021-06-17,D2,3
AZ,11,2021-06-17,DU,0
AZ,11,2021-06-17,R,0
AZ,11,2021-06-18,D1,10
AZ,11,2021-06-18,D2,3
AZ,11,2021-06-18,DU,0
AZ,11,2021-06-18,R,0
AZ,11,2021-06-19,D1,2
AZ,11,2021-06-19,D2,2
AZ,11,2021-06-19,DU,0
AZ,11,2021-06-19,R,0
AZ,11,2021-06-20,D1,1
AZ,11,2021-06-20,D2,2
AZ,11,2021-06-20,DU,0
AZ,11,2021-06-20,R,0
AZ,11,2021-06-21,D1,3
AZ,11,2021-06-21,D2,2
AZ,11,2021-06-21,DU,0
AZ,11,2021-06-21,R,0
AZ,11,2021-06-22,D1,3
AZ,11,2021-06-22,D2,3
AZ,11,2021-06-22,DU,0
AZ,11,2021-06-22,R,0
AZ,11,2021-06-23,D1,4
AZ,11,2021-06-23,D2,2
AZ,11,2021-06-23,DU,0
AZ,11,2021-06-23,R,0
AZ,11,2021-06-24,D1,1
AZ,11,2021-06-24,D2,3
AZ,11,2021-06-24,DU,0
AZ,11,2021-06-24,R,0
AZ,11,2021-06-25,D1,1
AZ,11,2021-06-25,D2,5
AZ,11,2021-06-25,DU,0
AZ,11,2021-06-25,R,0
AZ,11,2021-06-26,D1,0
AZ,11,2021-06-26,D2,3
AZ,11,2021-06-26,DU,0
AZ,11,2021-06-26,R,0
AZ,11,2021-06-28,D1,1
AZ,11,2021-06-28,D2,3
AZ,11,2021-06-28,DU,0
AZ,11,2021-06-28,R,0
AZ,11,2021-06-30,D1,0
AZ,11,2021-06-30,D2,3
AZ,11,2021-06-30,DU,0
AZ,11,2021-06-30,R,0
AZ,11,2021-07-01,D1,2
AZ,11,2021-07-01,D2,0
AZ,11,2021-07-01,DU,0
AZ,11,2021-07-01,R,0
AZ,11,2021-07-02,D1,1
AZ,11,2021-07-02,D2,2
AZ,11,2021-07-02,DU,0
AZ,11,2021-07-02,R,0
AZ,11,2021-07-03,D1,0
AZ,11,2021-07-03,D2,1
AZ,11,2021-07-03,DU,0
AZ,11,2021-07-03,R,0
AZ,11,2021-07-05,D1,1
AZ,11,2021-07-05,D2,3
AZ,11,2021-07-05,DU,0
AZ,11,2021-07-05,R,0
AZ,11,2021-07-06,D1,5
AZ,11,2021-07-06,D2,4
AZ,11,2021-07-06,DU,0
AZ,11,2021-07-06,R,0
AZ,11,2021-07-07,D1,3
AZ,11,2021-07-07,D2,4
AZ,11,2021-07-07,DU,0
AZ,11,2021-07-07,R,0
AZ,11,2021-07-08,D1,1
AZ,11,2021-07-08,D2,6
AZ,11,2021-07-08,DU,0
AZ,11,2021-07-08,R,0
AZ,11,2021-07-09,D1,4
AZ,11,2021-07-09,D2,2
AZ,11,2021-07-09,DU,0
AZ,11,2021-07-09,R,0
AZ,11,2021-07-10,D1,0
AZ,11,2021-07-10,D2,1
AZ,11,2021-07-10,DU,0
AZ,11,2021-07-10,R,0
AZ,11,2021-07-11,D1,1
AZ,11,2021-07-11,D2,0
AZ,11,2021-07-11,DU,0
AZ,11,2021-07-11,R,0
AZ,11,2021-07-12,D1,4
AZ,11,2021-07-12,D2,7
AZ,11,2021-07-12,DU,0
AZ,11,2021-07-12,R,0
AZ,11,2021-07-13,D1,0
AZ,11,2021-07-13,D2,6
AZ,11,2021-07-13,DU,0
AZ,11,2021-07-13,R,0
AZ,11,2021-07-14,D1,3
AZ,11,2021-07-14,D2,6
AZ,11,2021-07-14,DU,0
AZ,11,2021-07-14,R,0
AZ,11,2021-07-15,D1,1
AZ,11,2021-07-15,D2,7
AZ,11,2021-07-15,DU,0
AZ,11,2021-07-15,R,0
AZ,11,2021-07-16,D1,0
AZ,11,2021-07-16,D2,8
AZ,11,2021-07-16,DU,0
AZ,11,2021-07-16,R,0
AZ,11,2021-07-17,D1,0
AZ,11,2021-07-17,D2,3
AZ,11,2021-07-17,DU,0
AZ,11,2021-07-17,R,0
AZ,11,2021-07-18,D1,0
AZ,11,2021-07-18,D2,1
AZ,11,2021-07-18,DU,0
AZ,11,2021-07-18,R,0
AZ,11,2021-07-19,D1,0
AZ,11,2021-07-19,D2,2
AZ,11,2021-07-19,DU,0
AZ,11,2021-07-19,R,0
AZ,11,2021-07-20,D1,1
AZ,11,2021-07-20,D2,5
AZ,11,2021-07-20,DU,0
AZ,11,2021-07-20,R,0
AZ,11,2021-07-21,D1,0
AZ,11,2021-07-21,D2,12
AZ,11,2021-07-21,DU,0
AZ,11,2021-07-21,R,0
AZ,11,2021-07-22,D1,1
AZ,11,2021-07-22,D2,12
AZ,11,2021-07-22,DU,0
AZ,11,2021-07-22,R,0
AZ,11,2021-07-23,D1,2
AZ,11,2021-07-23,D2,6
AZ,11,2021-07-23,DU,0
AZ,11,2021-07-23,R,0
AZ,11,2021-07-24,D1,0
AZ,11,2021-07-24,D2,1
AZ,11,2021-07-24,DU,0
AZ,11,2021-07-24,R,0
AZ,11,2021-07-26,D1,5
AZ,11,2021-07-26,D2,3
AZ,11,2021-07-26,DU,0
AZ,11,2021-07-26,R,0
AZ,11,2021-07-27,D1,2
AZ,11,2021-07-27,D2,14
AZ,11,2021-07-27,DU,0
AZ,11,2021-07-27,R,0
AZ,11,2021-07-28,D1,0
AZ,11,2021-07-28,D2,6
AZ,11,2021-07-28,DU,0
AZ,11,2021-07-28,R,0
AZ,11,2021-07-29,D1,0
AZ,11,2021-07-29,D2,6
AZ,11,2021-07-29,DU,0
AZ,11,2021-07-29,R,0
AZ,11,2021-07-30,D1,0
AZ,11,2021-07-30,D2,7
AZ,11,2021-07-30,DU,0
AZ,11,2021-07-30,R,0
AZ,11,2021-07-31,D1,1
AZ,11,2021-07-31,D2,6
AZ,11,2021-07-31,DU,0
AZ,11,2021-07-31,R,0
AZ,11,2021-08-02,D1,1
AZ,11,2021-08-02,D2,9
AZ,11,2021-08-02,DU,0
AZ,11,2021-08-02,R,0
AZ,11,2021-08-03,D1,0
AZ,11,2021-08-03,D2,8
AZ,11,2021-08-03,DU,0
AZ,11,2021-08-03,R,0
AZ,11,2021-08-04,D1,0
AZ,11,2021-08-04,D2,9
AZ,11,2021-08-04,DU,0
AZ,11,2021-08-04,R,0
AZ,11,2021-08-05,D1,0
AZ,11,2021-08-05,D2,4
AZ,11,2021-08-05,DU,0
AZ,11,2021-08-05,R,0
AZ,11,2021-08-06,D1,0
AZ,11,2021-08-06,D2,11
AZ,11,2021-08-06,DU,0
AZ,11,2021-08-06,R,0
AZ,11,2021-08-07,D1,0
AZ,11,2021-08-07,D2,3
AZ,11,2021-08-07,DU,0
AZ,11,2021-08-07,R,0
AZ,11,2021-08-08,D1,0
AZ,11,2021-08-08,D2,1
AZ,11,2021-08-08,DU,0
AZ,11,2021-08-08,R,0
AZ,11,2021-08-09,D1,1
AZ,11,2021-08-09,D2,5
AZ,11,2021-08-09,DU,0
AZ,11,2021-08-09,R,0
AZ,11,2021-08-10,D1,1
AZ,11,2021-08-10,D2,4
AZ,11,2021-08-10,DU,0
AZ,11,2021-08-10,R,0
AZ,11,2021-08-11,D1,1
AZ,11,2021-08-11,D2,1
AZ,11,2021-08-11,DU,0
AZ,11,2021-08-11,R,0
AZ,11,2021-08-12,D1,0
AZ,11,2021-08-12,D2,5
AZ,11,2021-08-12,DU,0
AZ,11,2021-08-12,R,0
AZ,11,2021-08-13,D1,2
AZ,11,2021-08-13,D2,2
AZ,11,2021-08-13,DU,0
AZ,11,2021-08-13,R,0
AZ,11,2021-08-14,D1,1
AZ,11,2021-08-14,D2,4
AZ,11,2021-08-14,DU,0
AZ,11,2021-08-14,R,0
AZ,11,2021-08-15,D1,0
AZ,11,2021-08-15,D2,1
AZ,11,2021-08-15,DU,0
AZ,11,2021-08-15,R,0
AZ,11,2021-08-16,D1,2
AZ,11,2021-08-16,D2,4
AZ,11,2021-08-16,DU,0
AZ,11,2021-08-16,R,0
AZ,11,2021-08-17,D1,0
AZ,11,2021-08-17,D2,4
AZ,11,2021-08-17,DU,0
AZ,11,2021-08-17,R,0
AZ,11,2021-08-18,D1,1
AZ,11,2021-08-18,D2,6
AZ,11,2021-08-18,DU,0
AZ,11,2021-08-18,R,0
AZ,11,2021-08-19,D1,1
AZ,11,2021-08-19,D2,7
AZ,11,2021-08-19,DU,0
AZ,11,2021-08-19,R,0
AZ,11,2021-08-20,D1,0
AZ,11,2021-08-20,D2,4
AZ,11,2021-08-20,DU,0
AZ,11,2021-08-20,R,0
AZ,11,2021-08-21,D1,1
AZ,11,2021-08-21,D2,2
AZ,11,2021-08-21,DU,0
AZ,11,2021-08-21,R,0
AZ,11,2021-08-23,D1,1
AZ,11,2021-08-23,D2,2
AZ,11,2021-08-23,DU,0
AZ,11,2021-08-23,R,0
AZ,11,2021-08-24,D1,2
AZ,11,2021-08-24,D2,2
AZ,11,2021-08-24,DU,0
AZ,11,2021-08-24,R,0
AZ,11,2021-08-25,D1,0
AZ,11,2021-08-25,D2,4
AZ,11,2021-08-25,DU,0
AZ,11,2021-08-25,R,0
AZ,11,2021-08-26,D1,0
AZ,11,2021-08-26,D2,6
AZ,11,2021-08-26,DU,0
AZ,11,2021-08-26,R,0
AZ,11,2021-08-27,D1,0
AZ,11,2021-08-27,D2,3
AZ,11,2021-08-27,DU,0
AZ,11,2021-08-27,R,0
AZ,11,2021-08-28,D1,1
AZ,11,2021-08-28,D2,2
AZ,11,2021-08-28,DU,0
AZ,11,2021-08-28,R,0
AZ,11,2021-08-30,D1,0
AZ,11,2021-08-30,D2,5
AZ,11,2021-08-30,DU,0
AZ,11,2021-08-30,R,0
AZ,11,2021-08-31,D1,0
AZ,11,2021-08-31,D2,3
AZ,11,2021-08-31,DU,0
AZ,11,2021-08-31,R,0
AZ,11,2021-09-01,D1,1
AZ,11,2021-09-01,D2,2
AZ,11,2021-09-01,DU,0
AZ,11,2021-09-01,R,0
AZ,11,2021-09-02,D1,0
AZ,11,2021-09-02,D2,2
AZ,11,2021-09-02,DU,0
AZ,11,2021-09-02,R,6
AZ,11,2021-09-03,D1,0
AZ,11,2021-09-03,D2,2
AZ,11,2021-09-03,DU,0
AZ,11,2021-09-03,R,1
AZ,11,2021-09-04,D1,0
AZ,11,2021-09-04,D2,2
AZ,11,2021-09-04,DU,0
AZ,11,2021-09-04,R,1
AZ,11,2021-09-05,D1,0
AZ,11,2021-09-05,D2,0
AZ,11,2021-09-05,DU,0
AZ,11,2021-09-05,R,1
AZ,11,2021-09-06,D1,0
AZ,11,2021-09-06,D2,0
AZ,11,2021-09-06,DU,0
AZ,11,2021-09-06,R,1
AZ,11,2021-09-08,D1,0
AZ,11,2021-09-08,D2,4
AZ,11,2021-09-08,DU,0
AZ,11,2021-09-08,R,2
AZ,11,2021-09-09,D1,0
AZ,11,2021-09-09,D2,6
AZ,11,2021-09-09,DU,0
AZ,11,2021-09-09,R,22
AZ,11,2021-09-10,D1,0
AZ,11,2021-09-10,D2,5
AZ,11,2021-09-10,DU,0
AZ,11,2021-09-10,R,25
AZ,11,2021-09-11,D1,1
AZ,11,2021-09-11,D2,1
AZ,11,2021-09-11,DU,0
AZ,11,2021-09-11,R,74
AZ,11,2021-09-12,D1,0
AZ,11,2021-09-12,D2,0
AZ,11,2021-09-12,DU,0
AZ,11,2021-09-12,R,15
AZ,11,2021-09-13,D1,0
AZ,11,2021-09-13,D2,1
AZ,11,2021-09-13,DU,0
AZ,11,2021-09-13,R,13
AZ,11,2021-09-14,D1,1
AZ,11,2021-09-14,D2,1
AZ,11,2021-09-14,DU,0
AZ,11,2021-09-14,R,8
AZ,11,2021-09-15,D1,0
AZ,11,2021-09-15,D2,2
AZ,11,2021-09-15,DU,0
AZ,11,2021-09-15,R,13
AZ,11,2021-09-16,D1,0
AZ,11,2021-09-16,D2,1
AZ,11,2021-09-16,DU,0
AZ,11,2021-09-16,R,12
AZ,11,2021-09-17,D1,0
AZ,11,2021-09-17,D2,0
AZ,11,2021-09-17,DU,0
AZ,11,2021-09-17,R,12
AZ,11,2021-09-18,D1,0
AZ,11,2021-09-18,D2,2
AZ,11,2021-09-18,DU,0
AZ,11,2021-09-18,R,1
AZ,11,2021-09-20,D1,0
AZ,11,2021-09-20,D2,0
AZ,11,2021-09-20,DU,0
AZ,11,2021-09-20,R,2
AZ,11,2021-09-21,D1,0
AZ,11,2021-09-21,D2,1
AZ,11,2021-09-21,DU,0
AZ,11,2021-09-21,R,4
AZ,11,2021-09-22,D1,0
AZ,11,2021-09-22,D2,1
AZ,11,2021-09-22,DU,0
AZ,11,2021-09-22,R,4
AZ,11,2021-09-23,D1,0
AZ,11,2021-09-23,D2,0
AZ,11,2021-09-23,DU,0
AZ,11,2021-09-23,R,1
AZ,11,2021-09-24,D1,0
AZ,11,2021-09-24,D2,4
AZ,11,2021-09-24,DU,0
AZ,11,2021-09-24,R,0
AZ,11,2021-09-25,D1,0
AZ,11,2021-09-25,D2,0
AZ,11,2021-09-25,DU,0
AZ,11,2021-09-25,R,1
AZ,11,2021-09-28,D1,0
AZ,11,2021-09-28,D2,3
AZ,11,2021-09-28,DU,0
AZ,11,2021-09-28,R,2
AZ,11,2021-09-29,D1,0
AZ,11,2021-09-29,D2,1
AZ,11,2021-09-29,DU,0
AZ,11,2021-09-29,R,1
AZ,11,2021-09-30,D1,0
AZ,11,2021-09-30,D2,2
AZ,11,2021-09-30,DU,0
AZ,11,2021-09-30,R,1
AZ,11,2021-10-01,D1,0
AZ,11,2021-10-01,D2,3
AZ,11,2021-10-01,DU,0
AZ,11,2021-10-01,R,0
AZ,11,2021-10-02,D1,0
AZ,11,2021-10-02,D2,2
AZ,11,2021-10-02,DU,0
AZ,11,2021-10-02,R,0
AZ,11,2021-10-04,D1,1
AZ,11,2021-10-04,D2,0
AZ,11,2021-10-04,DU,0
AZ,11,2021-10-04,R,0
AZ,11,2021-10-05,D1,0
AZ,11,2021-10-05,D2,0
AZ,11,2021-10-05,DU,0
AZ,11,2021-10-05,R,1
AZ,11,2021-10-06,D1,0
AZ,11,2021-10-06,D2,2
AZ,11,2021-10-06,DU,0
AZ,11,2021-10-06,R,3
AZ,11,2021-10-07,D1,0
AZ,11,2021-10-07,D2,1
AZ,11,2021-10-07,DU,0
AZ,11,2021-10-07,R,3
AZ,11,2021-10-08,D1,0
AZ,11,2021-10-08,D2,1
AZ,11,2021-10-08,DU,0
AZ,11,2021-10-08,R,1
AZ,11,2021-10-11,D1,0
AZ,11,2021-10-11,D2,1
AZ,11,2021-10-11,DU,0
AZ,11,2021-10-11,R,0
AZ,11,2021-10-13,D1,0
AZ,11,2021-10-13,D2,1
AZ,11,2021-10-13,DU,0
AZ,11,2021-10-13,R,2
AZ,11,2021-10-14,D1,0
AZ,11,2021-10-14,D2,0
AZ,11,2021-10-14,DU,0
AZ,11,2021-10-14,R,1
AZ,11,2021-10-15,D1,0
AZ,11,2021-10-15,D2,3
AZ,11,2021-10-15,DU,0
AZ,11,2021-10-15,R,2
AZ,11,2021-10-16,D1,0
AZ,11,2021-10-16,D2,2
AZ,11,2021-10-16,DU,0
AZ,11,2021-10-16,R,0
AZ,11,2021-10-18,D1,0
AZ,11,2021-10-18,D2,1
AZ,11,2021-10-18,DU,0
AZ,11,2021-10-18,R,1
AZ,11,2021-10-19,D1,0
AZ,11,2021-10-19,D2,0
AZ,11,2021-10-19,DU,0
AZ,11,2021-10-19,R,1
AZ,11,2021-10-23,D1,0
AZ,11,2021-10-23,D2,1
AZ,11,2021-10-23,DU,0
AZ,11,2021-10-23,R,0
AZ,11,2021-10-25,D1,0
AZ,11,2021-10-25,D2,1
AZ,11,2021-10-25,DU,0
AZ,11,2021-10-25,R,0
AZ,11,2021-10-26,D1,0
AZ,11,2021-10-26,D2,3
AZ,11,2021-10-26,DU,0
AZ,11,2021-10-26,R,1
AZ,11,2021-10-27,D1,0
AZ,11,2021-10-27,D2,1
AZ,11,2021-10-27,DU,0
AZ,11,2021-10-27,R,0
AZ,11,2021-10-28,D1,0
AZ,11,2021-10-28,D2,1
AZ,11,2021-10-28,DU,0
AZ,11,2021-10-28,R,0
AZ,11,2021-11-03,D1,0
AZ,11,2021-11-03,D2,2
AZ,11,2021-11-03,DU,0
AZ,11,2021-11-03,R,1
AZ,11,2021-11-05,D1,0
AZ,11,2021-11-05,D2,1
AZ,11,2021-11-05,DU,0
AZ,11,2021-11-05,R,2
AZ,11,2021-11-06,D1,0
AZ,11,2021-11-06,D2,0
AZ,11,2021-11-06,DU,0
AZ,11,2021-11-06,R,2
AZ,11,2021-11-08,D1,0
AZ,11,2021-11-08,D2,2
AZ,11,2021-11-08,DU,0
AZ,11,2021-11-08,R,0
AZ,11,2021-11-09,D1,0
AZ,11,2021-11-09,D2,0
AZ,11,2021-11-09,DU,0
AZ,11,2021-11-09,R,1
AZ,11,2021-11-10,D1,0
AZ,11,2021-11-10,D2,0
AZ,11,2021-11-10,DU,0
AZ,11,2021-11-10,R,4
AZ,11,2021-11-11,D1,0
AZ,11,2021-11-11,D2,0
AZ,11,2021-11-11,DU,0
AZ,11,2021-11-11,R,9
AZ,11,2021-11-12,D1,0
AZ,11,2021-11-12,D2,1
AZ,11,2021-11-12,DU,0
AZ,11,2021-11-12,R,5
AZ,11,2021-11-13,D1,0
AZ,11,2021-11-13,D2,0
AZ,11,2021-11-13,DU,0
AZ,11,2021-11-13,R,2
AZ,11,2021-11-16,D1,0
AZ,11,2021-11-16,D2,0
AZ,11,2021-11-16,DU,0
AZ,11,2021-11-16,R,1
AZ,11,2021-11-17,D1,1
AZ,11,2021-11-17,D2,2
AZ,11,2021-11-17,DU,0
AZ,11,2021-11-17,R,4
AZ,11,2021-11-18,D1,0
AZ,11,2021-11-18,D2,0
AZ,11,2021-11-18,DU,0
AZ,11,2021-11-18,R,2
AZ,11,2021-11-26,D1,0
AZ,11,2021-11-26,D2,2
AZ,11,2021-11-26,DU,0
AZ,11,2021-11-26,R,0
AZ,11,2021-12-02,D1,0
AZ,11,2021-12-02,D2,1
AZ,11,2021-12-02,DU,0
AZ,11,2021-12-02,R,0
AZ,11,2021-12-04,D1,0
AZ,11,2021-12-04,D2,0
AZ,11,2021-12-04,DU,0
AZ,11,2021-12-04,R,2
AZ,11,2021-12-07,D1,1
AZ,11,2021-12-07,D2,0
AZ,11,2021-12-07,DU,0
AZ,11,2021-12-07,R,7
AZ,11,2021-12-14,D1,0
AZ,11,2021-12-14,D2,0
AZ,11,2021-12-14,DU,0
AZ,11,2021-12-14,R,4
AZ,11,2021-12-27,D1,0
AZ,11,2021-12-27,D2,0
AZ,11,2021-12-27,DU,0
AZ,11,2021-12-27,R,3
AZ,11,2022-01-03,D1,0
AZ,11,2022-01-03,D2,0
AZ,11,2022-01-03,DU,0
AZ,11,2022-01-03,R,1
AZ,11,2022-01-04,D1,0
AZ,11,2022-01-04,D2,0
AZ,11,2022-01-04,DU,0
AZ,11,2022-01-04,R,2
AZ,11,2022-01-06,D1,0
AZ,11,2022-01-06,D2,0
AZ,11,2022-01-06,DU,0
AZ,11,2022-01-06,R,1
AZ,11,2022-01-10,D1,0
AZ,11,2022-01-10,D2,0
AZ,11,2022-01-10,DU,0
AZ,11,2022-01-10,R,2
AZ,11,2022-01-11,D1,0
AZ,11,2022-01-11,D2,0
AZ,11,2022-01-11,DU,0
AZ,11,2022-01-11,R,2
AZ,11,2022-01-13,D1,0
AZ,11,2022-01-13,D2,0
AZ,11,2022-01-13,DU,0
AZ,11,2022-01-13,R,1
Coronavac,1,2021-01-22,D1,1
Coronavac,1,2021-01-22,D2,0
Coronavac,1,2021-01-22,DU,0
Coronavac,1,2021-01-22,R,0
Coronavac,1,2021-01-29,D1,1
Coronavac,1,2021-01-29,D2,0
Coronavac,1,2021-01-29,DU,0
Coronavac,1,2021-01-29,R,0
Coronavac,1,2021-02-04,D1,1
Coronavac,1,2021-02-04,D2,0
Coronavac,1,2021-02-04,DU,0
Coronavac,1,2021-02-04,R,0
Coronavac,1,2021-02-09,D1,2
Coronavac,1,2021-02-09,D2,0
Coronavac,1,2021-02-09,DU,0
Coronavac,1,2021-02-09,R,0
Coronavac,1,2021-02-10,D1,1
Coronavac,1,2021-02-10,D2,0
Coronavac,1,2021-02-10,DU,0
Coronavac,1,2021-02-10,R,0
Coronavac,1,2021-02-11,D1,1
Coronavac,1,2021-02-11,D2,0
Coronavac,1,2021-02-11,DU,0
Coronavac,1,2021-02-11,R,0
Coronavac,1,2021-02-23,D1,1
Coronavac,1,2021-02-23,D2,0
Coronavac,1,2021-02-23,DU,0
Coronavac,1,2021-02-23,R,0
Coronavac,1,2021-03-01,D1,1
Coronavac,1,2021-03-01,D2,0
Coronavac,1,2021-03-01,DU,0
Coronavac,1,2021-03-01,R,0
Coronavac,1,2021-03-03,D1,1
Coronavac,1,2021-03-03,D2,0
Coronavac,1,2021-03-03,DU,0
Coronavac,1,2021-03-03,R,0
Coronavac,1,2021-03-04,D1,0
Coronavac,1,2021-03-04,D2,2
Coronavac,1,2021-03-04,DU,0
Coronavac,1,2021-03-04,R,0
Coronavac,1,2021-03-24,D1,1
Coronavac,1,2021-03-24,D2,0
Coronavac,1,2021-03-24,DU,0
Coronavac,1,2021-03-24,R,0
Coronavac,1,2021-03-26,D1,1
Coronavac,1,2021-03-26,D2,0
Coronavac,1,2021-03-26,DU,0
Coronavac,1,2021-03-26,R,0
Coronavac,1,2021-03-31,D1,0
Coronavac,1,2021-03-31,D2,1
Coronavac,1,2021-03-31,DU,0
Coronavac,1,2021-03-31,R,0
Coronavac,1,2021-04-01,D1,1
Coronavac,1,2021-04-01,D2,0
Coronavac,1,2021-04-01,DU,0
Coronavac,1,2021-04-01,R,0
Coronavac,1,2021-04-05,D1,0
Coronavac,1,2021-04-05,D2,1
Coronavac,1,2021-04-05,DU,0
Coronavac,1,2021-04-05,R,0
Coronavac,1,2021-04-16,D1,1
Coronavac,1,2021-04-16,D2,0
Coronavac,1,2021-04-16,DU,0
Coronavac,1,2021-04-16,R,0
Coronavac,1,2021-04-22,D1,0
Coronavac,1,2021-04-22,D2,1
Coronavac,1,2021-04-22,DU,0
Coronavac,1,2021-04-22,R,0
Coronavac,1,2021-05-08,D1,1
Coronavac,1,2021-05-08,D2,0
Coronavac,1,2021-05-08,DU,0
Coronavac,1,2021-05-08,R,0
Coronavac,1,2021-05-11,D1,0
Coronavac,1,2021-05-11,D2,1
Coronavac,1,2021-05-11,DU,0
Coronavac,1,2021-05-11,R,0
Coronavac,1,2021-05-25,D1,1
Coronavac,1,2021-05-25,D2,0
Coronavac,1,2021-05-25,DU,0
Coronavac,1,2021-05-25,R,0
Coronavac,1,2021-05-29,D1,1
Coronavac,1,2021-05-29,D2,0
Coronavac,1,2021-05-29,DU,0
Coronavac,1,2021-05-29,R,0
Coronavac,1,2021-07-12,D1,1
Coronavac,1,2021-07-12,D2,0
Coronavac,1,2021-07-12,DU,0
Coronavac,1,2021-07-12,R,0
Coronavac,1,2021-07-16,D1,1
Coronavac,1,2021-07-16,D2,0
Coronavac,1,2021-07-16,DU,0
Coronavac,1,2021-07-16,R,0
Coronavac,1,2021-07-19,D1,3
Coronavac,1,2021-07-19,D2,0
Coronavac,1,2021-07-19,DU,0
Coronavac,1,2021-07-19,R,0
Coronavac,1,2021-07-20,D1,1
Coronavac,1,2021-07-20,D2,0
Coronavac,1,2021-07-20,DU,0
Coronavac,1,2021-07-20,R,0
Coronavac,1,2021-07-31,D1,1
Coronavac,1,2021-07-31,D2,0
Coronavac,1,2021-07-31,DU,0
Coronavac,1,2021-07-31,R,0
Coronavac,1,2021-08-02,D1,1
Coronavac,1,2021-08-02,D2,0
Coronavac,1,2021-08-02,DU,0
Coronavac,1,2021-08-02,R,0
Coronavac,1,2021-08-03,D1,1
Coronavac,1,2021-08-03,D2,0
Coronavac,1,2021-08-03,DU,0
Coronavac,1,2021-08-03,R,0
Coronavac,1,2021-08-04,D1,1
Coronavac,1,2021-08-04,D2,0
Coronavac,1,2021-08-04,DU,0
Coronavac,1,2021-08-04,R,0
Coronavac,1,2021-08-09,D1,1
Coronavac,1,2021-08-09,D2,0
Coronavac,1,2021-08-09,DU,0
Coronavac,1,2021-08-09,R,0
Coronavac,1,2021-08-11,D1,3
Coronavac,1,2021-08-11,D2,0
Coronavac,1,2021-08-11,DU,0
Coronavac,1,2021-08-11,R,0
Coronavac,1,2021-08-16,D1,3
Coronavac,1,2021-08-16,D2,1
Coronavac,1,2021-08-16,DU,0
Coronavac,1,2021-08-16,R,0
Coronavac,1,2021-08-20,D1,1
Coronavac,1,2021-08-20,D2,0
Coronavac,1,2021-08-20,DU,0
Coronavac,1,2021-08-20,R,0
Coronavac,1,2021-08-25,D1,1
Coronavac,1,2021-08-25,D2,0
Coronavac,1,2021-08-25,DU,0
Coronavac,1,2021-08-25,R,0
Coronavac,1,2021-08-31,D1,0
Coronavac,1,2021-08-31,D2,1
Coronavac,1,2021-08-31,DU,0
Coronavac,1,2021-08-31,R,0
Coronavac,1,2021-09-02,D1,1
Coronavac,1,2021-09-02,D2,0
Coronavac,1,2021-09-02,DU,0
Coronavac,1,2021-09-02,R,0
Coronavac,1,2021-09-04,D1,0
Coronavac,1,2021-09-04,D2,1
Coronavac,1,2021-09-04,DU,0
Coronavac,1,2021-09-04,R,0
Coronavac,1,2021-09-14,D1,0
Coronavac,1,2021-09-14,D2,1
Coronavac,1,2021-09-14,DU,0
Coronavac,1,2021-09-14,R,0
Coronavac,1,2021-09-17,D1,0
Coronavac,1,2021-09-17,D2,1
Coronavac,1,2021-09-17,DU,0
Coronavac,1,2021-09-17,R,0
Coronavac,1,2021-09-25,D1,1
Coronavac,1,2021-09-25,D2,0
Coronavac,1,2021-09-25,DU,0
Coronavac,1,2021-09-25,R,0
Coronavac,1,2021-09-28,D1,1
Coronavac,1,2021-09-28,D2,0
Coronavac,1,2021-09-28,DU,0
Coronavac,1,2021-09-28,R,0
Coronavac,1,2021-10-01,D1,1
Coronavac,1,2021-10-01,D2,0
Coronavac,1,2021-10-01,DU,0
Coronavac,1,2021-10-01,R,0
Coronavac,1,2021-10-23,D1,0
Coronavac,1,2021-10-23,D2,1
Coronavac,1,2021-10-23,DU,0
Coronavac,1,2021-10-23,R,0
Coronavac,1,2021-10-26,D1,1
Coronavac,1,2021-10-26,D2,1
Coronavac,1,2021-10-26,DU,0
Coronavac,1,2021-10-26,R,0
Coronavac,1,2021-11-08,D1,0
Coronavac,1,2021-11-08,D2,1
Coronavac,1,2021-11-08,DU,0
Coronavac,1,2021-11-08,R,0
Coronavac,1,2022-01-13,D1,0
Coronavac,1,2022-01-13,D2,0
Coronavac,1,2022-01-13,DU,0
Coronavac,1,2022-01-13,R,1
Coronavac,2,2021-01-20,D1,1
Coronavac,2,2021-01-20,D2,0
Coronavac,2,2021-01-20,DU,0
Coronavac,2,2021-01-20,R,0
Coronavac,2,2021-01-21,D1,1
Coronavac,2,2021-01-21,D2,0
Coronavac,2,2021-01-21,DU,0
Coronavac,2,2021-01-21,R,0
Coronavac,2,2021-01-22,D1,4
Coronavac,2,2021-01-22,D2,0
Coronavac,2,2021-01-22,DU,0
Coronavac,2,2021-01-22,R,0
Coronavac,2,2021-01-28,D1,1
Coronavac,2,2021-01-28,D2,0
Coronavac,2,2021-01-28,DU,0
Coronavac,2,2021-01-28,R,0
Coronavac,2,2021-01-29,D1,1
Coronavac,2,2021-01-29,D2,0
Coronavac,2,2021-01-29,DU,0
Coronavac,2,2021-01-29,R,0
Coronavac,2,2021-02-03,D1,1
Coronavac,2,2021-02-03,D2,0
Coronavac,2,2021-02-03,DU,0
Coronavac,2,2021-02-03,R,0
Coronavac,2,2021-02-05,D1,2
Coronavac,2,2021-02-05,D2,0
Coronavac,2,2021-02-05,DU,0
Coronavac,2,2021-02-05,R,0
Coronavac,2,2021-02-08,D1,1
Coronavac,2,2021-02-08,D2,0
Coronavac,2,2021-02-08,DU,0
Coronavac,2,2021-02-08,R,0
Coronavac,2,2021-02-09,D1,1
Coronavac,2,2021-02-09,D2,0
Coronavac,2,2021-02-09,DU,0
Coronavac,2,2021-02-09,R,0
Coronavac,2,2021-02-10,D1,1
Coronavac,2,2021-02-10,D2,0
Coronavac,2,2021-02-10,DU,0
Coronavac,2,2021-02-10,R,0
Coronavac,2,2021-02-12,D1,2
Coronavac,2,2021-02-12,D2,1
Coronavac,2,2021-02-12,DU,0
Coronavac,2,2021-02-12,R,0
Coronavac,2,2021-02-16,D1,1
Coronavac,2,2021-02-16,D2,0
Coronavac,2,2021-02-16,DU,0
Coronavac,2,2021-02-16,R,0
Coronavac,2,2021-02-20,D1,0
Coronavac,2,2021-02-20,D2,1
Coronavac,2,2021-02-20,DU,0
Coronavac,2,2021-02-20,R,0
Coronavac,2,2021-03-01,D1,1
Coronavac,2,2021-03-01,D2,1
Coronavac,2,2021-03-01,DU,0
Coronavac,2,2021-03-01,R,0
Coronavac,2,2021-03-04,D1,1
Coronavac,2,2021-03-04,D2,1
Coronavac,2,2021-03-04,DU,0
Coronavac,2,2021-03-04,R,0
Coronavac,2,2021-03-09,D1,0
Coronavac,2,2021-03-09,D2,1
Coronavac,2,2021-03-09,DU,0
Coronavac,2,2021-03-09,R,0
Coronavac,2,2021-03-15,D1,1
Coronavac,2,2021-03-15,D2,0
Coronavac,2,2021-03-15,DU,0
Coronavac,2,2021-03-15,R,0
Coronavac,2,2021-03-19,D1,1
Coronavac,2,2021-03-19,D2,0
Coronavac,2,2021-03-19,DU,0
Coronavac,2,2021-03-19,R,0
Coronavac,2,2021-03-23,D1,1
Coronavac,2,2021-03-23,D2,0
Coronavac,2,2021-03-23,DU,0
Coronavac,2,2021-03-23,R,0
Coronavac,2,2021-03-30,D1,1
Coronavac,2,2021-03-30,D2,0
Coronavac,2,2021-03-30,DU,0
Coronavac,2,2021-03-30,R,0
Coronavac,2,2021-03-31,D1,1
Coronavac,2,2021-03-31,D2,0
Coronavac,2,2021-03-31,DU,0
Coronavac,2,2021-03-31,R,0
Coronavac,2,2021-04-01,D1,0
Coronavac,2,2021-04-01,D2,1
Coronavac,2,2021-04-01,DU,0
Coronavac,2,2021-04-01,R,0
Coronavac,2,2021-04-05,D1,1
Coronavac,2,2021-04-05,D2,0
Coronavac,2,2021-04-05,DU,0
Coronavac,2,2021-04-05,R,0
Coronavac,2,2021-04-13,D1,1
Coronavac,2,2021-04-13,D2,0
Coronavac,2,2021-04-13,DU,0
Coronavac,2,2021-04-13,R,0
Coronavac,2,2021-04-16,D1,1
Coronavac,2,2021-04-16,D2,0
Coronavac,2,2021-04-16,DU,0
Coronavac,2,2021-04-16,R,0
Coronavac,2,2021-04-20,D1,0
Coronavac,2,2021-04-20,D2,1
Coronavac,2,2021-04-20,DU,0
Coronavac,2,2021-04-20,R,0
Coronavac,2,2021-04-26,D1,0
Coronavac,2,2021-04-26,D2,1
Coronavac,2,2021-04-26,DU,0
Coronavac,2,2021-04-26,R,0
Coronavac,2,2021-05-04,D1,1
Coronavac,2,2021-05-04,D2,0
Coronavac,2,2021-05-04,DU,0
Coronavac,2,2021-05-04,R,0
Coronavac,2,2021-05-05,D1,1
Coronavac,2,2021-05-05,D2,0
Coronavac,2,2021-05-05,DU,0
Coronavac,2,2021-05-05,R,0
Coronavac,2,2021-05-11,D1,1
Coronavac,2,2021-05-11,D2,0
Coronavac,2,2021-05-11,DU,0
Coronavac,2,2021-05-11,R,0
Coronavac,2,2021-05-18,D1,1
Coronavac,2,2021-05-18,D2,0
Coronavac,2,2021-05-18,DU,0
Coronavac,2,2021-05-18,R,0
Coronavac,2,2021-05-20,D1,1
Coronavac,2,2021-05-20,D2,0
Coronavac,2,2021-05-20,DU,0
Coronavac,2,2021-05-20,R,0
Coronavac,2,2021-05-26,D1,1
Coronavac,2,2021-05-26,D2,0
Coronavac,2,2021-05-26,DU,0
Coronavac,2,2021-05-26,R,0
Coronavac,2,2021-05-28,D1,2
Coronavac,2,2021-05-28,D2,0
Coronavac,2,2021-05-28,DU,0
Coronavac,2,2021-05-28,R,0
Coronavac,2,2021-06-02,D1,0
Coronavac,2,2021-06-02,D2,1
Coronavac,2,2021-06-02,DU,0
Coronavac,2,2021-06-02,R,0
Coronavac,2,2021-06-23,D1,1
Coronavac,2,2021-06-23,D2,0
Coronavac,2,2021-06-23,DU,0
Coronavac,2,2021-06-23,R,0
Coronavac,2,2021-06-24,D1,1
Coronavac,2,2021-06-24,D2,0
Coronavac,2,2021-06-24,DU,0
Coronavac,2,2021-06-24,R,0
Coronavac,2,2021-06-29,D1,1
Coronavac,2,2021-06-29,D2,0
Coronavac,2,2021-06-29,DU,0
Coronavac,2,2021-06-29,R,0
Coronavac,2,2021-07-13,D1,1
Coronavac,2,2021-07-13,D2,0
Coronavac,2,2021-07-13,DU,0
Coronavac,2,2021-07-13,R,0
Coronavac,2,2021-07-15,D1,1
Coronavac,2,2021-07-15,D2,0
Coronavac,2,2021-07-15,DU,0
Coronavac,2,2021-07-15,R,0
Coronavac,2,2021-07-16,D1,1
Coronavac,2,2021-07-16,D2,0
Coronavac,2,2021-07-16,DU,0
Coronavac,2,2021-07-16,R,0
Coronavac,2,2021-07-17,D1,3
Coronavac,2,2021-07-17,D2,0
Coronavac,2,2021-07-17,DU,0
Coronavac,2,2021-07-17,R,0
Coronavac,2,2021-07-19,D1,1
Coronavac,2,2021-07-19,D2,0
Coronavac,2,2021-07-19,DU,0
Coronavac,2,2021-07-19,R,0
Coronavac,2,2021-07-20,D1,2
Coronavac,2,2021-07-20,D2,0
Coronavac,2,2021-07-20,DU,0
Coronavac,2,2021-07-20,R,0
Coronavac,2,2021-07-22,D1,0
Coronavac,2,2021-07-22,D2,1
Coronavac,2,2021-07-22,DU,0
Coronavac,2,2021-07-22,R,0
Coronavac,2,2021-07-26,D1,1
Coronavac,2,2021-07-26,D2,0
Coronavac,2,2021-07-26,DU,0
Coronavac,2,2021-07-26,R,0
Coronavac,2,2021-08-02,D1,1
Coronavac,2,2021-08-02,D2,0
Coronavac,2,2021-08-02,DU,0
Coronavac,2,2021-08-02,R,0
Coronavac,2,2021-08-03,D1,3
Coronavac,2,2021-08-03,D2,0
Coronavac,2,2021-08-03,DU,0
Coronavac,2,2021-08-03,R,0
Coronavac,2,2021-08-05,D1,4
Coronavac,2,2021-08-05,D2,0
Coronavac,2,2021-08-05,DU,0
Coronavac,2,2021-08-05,R,0
Coronavac,2,2021-08-06,D1,1
Coronavac,2,2021-08-06,D2,0
Coronavac,2,2021-08-06,DU,0
Coronavac,2,2021-08-06,R,0
Coronavac,2,2021-08-09,D1,1
Coronavac,2,2021-08-09,D2,0
Coronavac,2,2021-08-09,DU,0
Coronavac,2,2021-08-09,R,0
Coronavac,2,2021-08-10,D1,2
Coronavac,2,2021-08-10,D2,0
Coronavac,2,2021-08-10,DU,0
Coronavac,2,2021-08-10,R,0
Coronavac,2,2021-08-11,D1,4
Coronavac,2,2021-08-11,D2,0
Coronavac,2,2021-08-11,DU,0
Coronavac,2,2021-08-11,R,0
Coronavac,2,2021-08-12,D1,1
Coronavac,2,2021-08-12,D2,0
Coronavac,2,2021-08-12,DU,0
Coronavac,2,2021-08-12,R,0
Coronavac,2,2021-08-13,D1,1
Coronavac,2,2021-08-13,D2,0
Coronavac,2,2021-08-13,DU,0
Coronavac,2,2021-08-13,R,0
Coronavac,2,2021-08-14,D1,0
Coronavac,2,2021-08-14,D2,1
Coronavac,2,2021-08-14,DU,0
Coronavac,2,2021-08-14,R,0
Coronavac,2,2021-08-15,D1,1
Coronavac,2,2021-08-15,D2,0
Coronavac,2,2021-08-15,DU,0
Coronavac,2,2021-08-15,R,0
Coronavac,2,2021-08-16,D1,6
Coronavac,2,2021-08-16,D2,1
Coronavac,2,2021-08-16,DU,0
Coronavac,2,2021-08-16,R,0
Coronavac,2,2021-08-17,D1,3
Coronavac,2,2021-08-17,D2,2
Coronavac,2,2021-08-17,DU,0
Coronavac,2,2021-08-17,R,0
Coronavac,2,2021-08-19,D1,1
Coronavac,2,2021-08-19,D2,0
Coronavac,2,2021-08-19,DU,0
Coronavac,2,2021-08-19,R,0
Coronavac,2,2021-08-20,D1,1
Coronavac,2,2021-08-20,D2,0
Coronavac,2,2021-08-20,DU,0
Coronavac,2,2021-08-20,R,0
Coronavac,2,2021-08-23,D1,2
Coronavac,2,2021-08-23,D2,0
Coronavac,2,2021-08-23,DU,0
Coronavac,2,2021-08-23,R,0
Coronavac,2,2021-08-24,D1,1
Coronavac,2,2021-08-24,D2,2
Coronavac,2,2021-08-24,DU,0
Coronavac,2,2021-08-24,R,0
Coronavac,2,2021-08-27,D1,0
Coronavac,2,2021-08-27,D2,1
Coronavac,2,2021-08-27,DU,0
Coronavac,2,2021-08-27,R,0
Coronavac,2,2021-09-01,D1,0
Coronavac,2,2021-09-01,D2,1
Coronavac,2,2021-09-01,DU,0
Coronavac,2,2021-09-01,R,0
Coronavac,2,2021-09-02,D1,1
Coronavac,2,2021-09-02,D2,1
Coronavac,2,2021-09-02,DU,0
Coronavac,2,2021-09-02,R,0
Coronavac,2,2021-09-06,D1,0
Coronavac,2,2021-09-06,D2,0
Coronavac,2,2021-09-06,DU,0
Coronavac,2,2021-09-06,R,1
Coronavac,2,2021-09-07,D1,0
Coronavac,2,2021-09-07,D2,1
Coronavac,2,2021-09-07,DU,0
Coronavac,2,2021-09-07,R,0
Coronavac,2,2021-09-08,D1,1
Coronavac,2,2021-09-08,D2,2
Coronavac,2,2021-09-08,DU,0
Coronavac,2,2021-09-08,R,0
Coronavac,2,2021-09-09,D1,0
Coronavac,2,2021-09-09,D2,2
Coronavac,2,2021-09-09,DU,0
Coronavac,2,2021-09-09,R,0
Coronavac,2,2021-09-10,D1,2
Coronavac,2,2021-09-10,D2,0
Coronavac,2,2021-09-10,DU,0
Coronavac,2,2021-09-10,R,0
Coronavac,2,2021-09-13,D1,0
Coronavac,2,2021-09-13,D2,2
Coronavac,2,2021-09-13,DU,0
Coronavac,2,2021-09-13,R,0
Coronavac,2,2021-09-14,D1,1
Coronavac,2,2021-09-14,D2,2
Coronavac,2,2021-09-14,DU,0
Coronavac,2,2021-09-14,R,0
Coronavac,2,2021-09-16,D1,0
Coronavac,2,2021-09-16,D2,1
Coronavac,2,2021-09-16,DU,0
Coronavac,2,2021-09-16,R,0
Coronavac,2,2021-09-17,D1,1
Coronavac,2,2021-09-17,D2,1
Coronavac,2,2021-09-17,DU,0
Coronavac,2,2021-09-17,R,0
Coronavac,2,2021-09-20,D1,0
Coronavac,2,2021-09-20,D2,1
Coronavac,2,2021-09-20,DU,0
Coronavac,2,2021-09-20,R,0
Coronavac,2,2021-09-27,D1,3
Coronavac,2,2021-09-27,D2,0
Coronavac,2,2021-09-27,DU,0
Coronavac,2,2021-09-27,R,0
Coronavac,2,2021-09-28,D1,2
Coronavac,2,2021-09-28,D2,0
Coronavac,2,2021-09-28,DU,0
Coronavac,2,2021-09-28,R,0
Coronavac,2,2021-10-01,D1,2
Coronavac,2,2021-10-01,D2,0
Coronavac,2,2021-10-01,DU,0
Coronavac,2,2021-10-01,R,0
Coronavac,2,2021-10-02,D1,1
Coronavac,2,2021-10-02,D2,0
Coronavac,2,2021-10-02,DU,0
Coronavac,2,2021-10-02,R,0
Coronavac,2,2021-10-04,D1,0
Coronavac,2,2021-10-04,D2,1
Coronavac,2,2021-10-04,DU,0
Coronavac,2,2021-10-04,R,1
Coronavac,2,2021-10-06,D1,0
Coronavac,2,2021-10-06,D2,1
Coronavac,2,2021-10-06,DU,0
Coronavac,2,2021-10-06,R,0
Coronavac,2,2021-10-09,D1,0
Coronavac,2,2021-10-09,D2,1
Coronavac,2,2021-10-09,DU,0
Coronavac,2,2021-10-09,R,0
Coronavac,2,2021-10-21,D1,0
Coronavac,2,2021-10-21,D2,1
Coronavac,2,2021-10-21,DU,0
Coronavac,2,2021-10-21,R,0
Coronavac,2,2021-10-25,D1,0
Coronavac,2,2021-10-25,D2,1
Coronavac,2,2021-10-25,DU,0
Coronavac,2,2021-10-25,R,0
Coronavac,2,2021-10-26,D1,0
Coronavac,2,2021-10-26,D2,1
Coronavac,2,2021-10-26,DU,0
Coronavac,2,2021-10-26,R,1
Coronavac,2,2021-10-27,D1,0
Coronavac,2,2021-10-27,D2,2
Coronavac,2,2021-10-27,DU,0
Coronavac,2,2021-10-27,R,0
Coronavac,2,2021-11-02,D1,1
Coronavac,2,2021-11-02,D2,0
Coronavac,2,2021-11-02,DU,0
Coronavac,2,2021-11-02,R,0
Coronavac,3,2021-01-21,D1,3
Coronavac,3,2021-01-21,D2,0
Coronavac,3,2021-01-21,DU,0
Coronavac,3,2021-01-21,R,0
Coronavac,3,2021-01-22,D1,10
Coronavac,3,2021-01-22,D2,0
Coronavac,3,2021-01-22,DU,0
Coronavac,3,2021-01-22,R,0
Coronavac,3,2021-01-23,D1,2
Coronavac,3,2021-01-23,D2,0
Coronavac,3,2021-01-23,DU,0
Coronavac,3,2021-01-23,R,0
Coronavac,3,2021-01-24,D1,1
Coronavac,3,2021-01-24,D2,0
Coronavac,3,2021-01-24,DU,0
Coronavac,3,2021-01-24,R,0
Coronavac,3,2021-01-25,D1,3
Coronavac,3,2021-01-25,D2,0
Coronavac,3,2021-01-25,DU,0
Coronavac,3,2021-01-25,R,0
Coronavac,3,2021-01-26,D1,6
Coronavac,3,2021-01-26,D2,0
Coronavac,3,2021-01-26,DU,0
Coronavac,3,2021-01-26,R,0
Coronavac,3,2021-01-27,D1,2
Coronavac,3,2021-01-27,D2,0
Coronavac,3,2021-01-27,DU,0
Coronavac,3,2021-01-27,R,0
Coronavac,3,2021-01-28,D1,4
Coronavac,3,2021-01-28,D2,0
Coronavac,3,2021-01-28,DU,0
Coronavac,3,2021-01-28,R,0
Coronavac,3,2021-01-29,D1,6
Coronavac,3,2021-01-29,D2,0
Coronavac,3,2021-01-29,DU,0
Coronavac,3,2021-01-29,R,0
Coronavac,3,2021-02-01,D1,1
Coronavac,3,2021-02-01,D2,0
Coronavac,3,2021-02-01,DU,0
Coronavac,3,2021-02-01,R,0
Coronavac,3,2021-02-02,D1,3
Coronavac,3,2021-02-02,D2,0
Coronavac,3,2021-02-02,DU,0
Coronavac,3,2021-02-02,R,0
Coronavac,3,2021-02-03,D1,3
Coronavac,3,2021-02-03,D2,0
Coronavac,3,2021-02-03,DU,0
Coronavac,3,2021-02-03,R,0
Coronavac,3,2021-02-04,D1,9
Coronavac,3,2021-02-04,D2,0
Coronavac,3,2021-02-04,DU,0
Coronavac,3,2021-02-04,R,0
Coronavac,3,2021-02-05,D1,16
Coronavac,3,2021-02-05,D2,0
Coronavac,3,2021-02-05,DU,0
Coronavac,3,2021-02-05,R,0
Coronavac,3,2021-02-06,D1,3
Coronavac,3,2021-02-06,D2,0
Coronavac,3,2021-02-06,DU,0
Coronavac,3,2021-02-06,R,0
Coronavac,3,2021-02-08,D1,12
Coronavac,3,2021-02-08,D2,0
Coronavac,3,2021-02-08,DU,0
Coronavac,3,2021-02-08,R,0
Coronavac,3,2021-02-09,D1,7
Coronavac,3,2021-02-09,D2,0
Coronavac,3,2021-02-09,DU,0
Coronavac,3,2021-02-09,R,0
Coronavac,3,2021-02-10,D1,3
Coronavac,3,2021-02-10,D2,0
Coronavac,3,2021-02-10,DU,0
Coronavac,3,2021-02-10,R,0
Coronavac,3,2021-02-11,D1,4
Coronavac,3,2021-02-11,D2,1
Coronavac,3,2021-02-11,DU,0
Coronavac,3,2021-02-11,R,0
Coronavac,3,2021-02-12,D1,1
Coronavac,3,2021-02-12,D2,1
Coronavac,3,2021-02-12,DU,0
Coronavac,3,2021-02-12,R,0
Coronavac,3,2021-02-13,D1,2
Coronavac,3,2021-02-13,D2,1
Coronavac,3,2021-02-13,DU,0
Coronavac,3,2021-02-13,R,0
Coronavac,3,2021-02-14,D1,1
Coronavac,3,2021-02-14,D2,0
Coronavac,3,2021-02-14,DU,0
Coronavac,3,2021-02-14,R,0
Coronavac,3,2021-02-15,D1,5
Coronavac,3,2021-02-15,D2,3
Coronavac,3,2021-02-15,DU,0
Coronavac,3,2021-02-15,R,0
Coronavac,3,2021-02-16,D1,1
Coronavac,3,2021-02-16,D2,3
Coronavac,3,2021-02-16,DU,0
Coronavac,3,2021-02-16,R,0
Coronavac,3,2021-02-17,D1,0
Coronavac,3,2021-02-17,D2,1
Coronavac,3,2021-02-17,DU,0
Coronavac,3,2021-02-17,R,0
Coronavac,3,2021-02-18,D1,6
Coronavac,3,2021-02-18,D2,1
Coronavac,3,2021-02-18,DU,0
Coronavac,3,2021-02-18,R,0
Coronavac,3,2021-02-19,D1,1
Coronavac,3,2021-02-19,D2,5
Coronavac,3,2021-02-19,DU,0
Coronavac,3,2021-02-19,R,0
Coronavac,3,2021-02-20,D1,0
Coronavac,3,2021-02-20,D2,1
Coronavac,3,2021-02-20,DU,0
Coronavac,3,2021-02-20,R,0
Coronavac,3,2021-02-22,D1,2
Coronavac,3,2021-02-22,D2,1
Coronavac,3,2021-02-22,DU,0
Coronavac,3,2021-02-22,R,0
Coronavac,3,2021-02-23,D1,1
Coronavac,3,2021-02-23,D2,3
Coronavac,3,2021-02-23,DU,0
Coronavac,3,2021-02-23,R,0
Coronavac,3,2021-02-24,D1,0
Coronavac,3,2021-02-24,D2,1
Coronavac,3,2021-02-24,DU,0
Coronavac,3,2021-02-24,R,0
Coronavac,3,2021-02-25,D1,1
Coronavac,3,2021-02-25,D2,5
Coronavac,3,2021-02-25,DU,0
Coronavac,3,2021-02-25,R,0
Coronavac,3,2021-02-26,D1,0
Coronavac,3,2021-02-26,D2,3
Coronavac,3,2021-02-26,DU,0
Coronavac,3,2021-02-26,R,0
Coronavac,3,2021-03-01,D1,0
Coronavac,3,2021-03-01,D2,2
Coronavac,3,2021-03-01,DU,0
Coronavac,3,2021-03-01,R,0
Coronavac,3,2021-03-02,D1,1
Coronavac,3,2021-03-02,D2,14
Coronavac,3,2021-03-02,DU,0
Coronavac,3,2021-03-02,R,0
Coronavac,3,2021-03-03,D1,0
Coronavac,3,2021-03-03,D2,6
Coronavac,3,2021-03-03,DU,0
Coronavac,3,2021-03-03,R,0
Coronavac,3,2021-03-04,D1,2
Coronavac,3,2021-03-04,D2,5
Coronavac,3,2021-03-04,DU,0
Coronavac,3,2021-03-04,R,0
Coronavac,3,2021-03-05,D1,1
Coronavac,3,2021-03-05,D2,1
Coronavac,3,2021-03-05,DU,0
Coronavac,3,2021-03-05,R,0
Coronavac,3,2021-03-06,D1,1
Coronavac,3,2021-03-06,D2,5
Coronavac,3,2021-03-06,DU,0
Coronavac,3,2021-03-06,R,0
Coronavac,3,2021-03-08,D1,2
Coronavac,3,2021-03-08,D2,5
Coronavac,3,2021-03-08,DU,0
Coronavac,3,2021-03-08,R,0
Coronavac,3,2021-03-09,D1,3
Coronavac,3,2021-03-09,D2,2
Coronavac,3,2021-03-09,DU,0
Coronavac,3,2021-03-09,R,0
Coronavac,3,2021-03-10,D1,2
Coronavac,3,2021-03-10,D2,0
Coronavac,3,2021-03-10,DU,0
Coronavac,3,2021-03-10,R,0
Coronavac,3,2021-03-11,D1,2
Coronavac,3,2021-03-11,D2,2
Coronavac,3,2021-03-11,DU,0
Coronavac,3,2021-03-11,R,0
Coronavac,3,2021-03-12,D1,2
Coronavac,3,2021-03-12,D2,1
Coronavac,3,2021-03-12,DU,0
Coronavac,3,2021-03-12,R,0
Coronavac,3,2021-03-15,D1,1
Coronavac,3,2021-03-15,D2,2
Coronavac,3,2021-03-15,DU,0
Coronavac,3,2021-03-15,R,0
Coronavac,3,2021-03-16,D1,2
Coronavac,3,2021-03-16,D2,0
Coronavac,3,2021-03-16,DU,0
Coronavac,3,2021-03-16,R,0
Coronavac,3,2021-03-17,D1,2
Coronavac,3,2021-03-17,D2,1
Coronavac,3,2021-03-17,DU,0
Coronavac,3,2021-03-17,R,0
Coronavac,3,2021-03-18,D1,0
Coronavac,3,2021-03-18,D2,3
Coronavac,3,2021-03-18,DU,0
Coronavac,3,2021-03-18,R,0
Coronavac,3,2021-03-19,D1,1
Coronavac,3,2021-03-19,D2,0
Coronavac,3,2021-03-19,DU,0
Coronavac,3,2021-03-19,R,0
Coronavac,3,2021-03-20,D1,1
Coronavac,3,2021-03-20,D2,0
Coronavac,3,2021-03-20,DU,0
Coronavac,3,2021-03-20,R,0
Coronavac,3,2021-03-22,D1,4
Coronavac,3,2021-03-22,D2,0
Coronavac,3,2021-03-22,DU,0
Coronavac,3,2021-03-22,R,0
Coronavac,3,2021-03-23,D1,1
Coronavac,3,2021-03-23,D2,1
Coronavac,3,2021-03-23,DU,0
Coronavac,3,2021-03-23,R,0
Coronavac,3,2021-03-24,D1,3
Coronavac,3,2021-03-24,D2,0
Coronavac,3,2021-03-24,DU,0
Coronavac,3,2021-03-24,R,0
Coronavac,3,2021-03-25,D1,1
Coronavac,3,2021-03-25,D2,3
Coronavac,3,2021-03-25,DU,0
Coronavac,3,2021-03-25,R,0
Coronavac,3,2021-03-26,D1,8
Coronavac,3,2021-03-26,D2,0
Coronavac,3,2021-03-26,DU,0
Coronavac,3,2021-03-26,R,0
Coronavac,3,2021-03-29,D1,1
Coronavac,3,2021-03-29,D2,0
Coronavac,3,2021-03-29,DU,0
Coronavac,3,2021-03-29,R,0
Coronavac,3,2021-03-31,D1,0
Coronavac,3,2021-03-31,D2,1
Coronavac,3,2021-03-31,DU,0
Coronavac,3,2021-03-31,R,0
Coronavac,3,2021-04-01,D1,1
Coronavac,3,2021-04-01,D2,1
Coronavac,3,2021-04-01,DU,0
Coronavac,3,2021-04-01,R,0
Coronavac,3,2021-04-05,D1,1
Coronavac,3,2021-04-05,D2,0
Coronavac,3,2021-04-05,DU,0
Coronavac,3,2021-04-05,R,0
Coronavac,3,2021-04-06,D1,1
Coronavac,3,2021-04-06,D2,1
Coronavac,3,2021-04-06,DU,0
Coronavac,3,2021-04-06,R,0
Coronavac,3,2021-04-07,D1,1
Coronavac,3,2021-04-07,D2,1
Coronavac,3,2021-04-07,DU,0
Coronavac,3,2021-04-07,R,0
Coronavac,3,2021-04-09,D1,2
Coronavac,3,2021-04-09,D2,1
Coronavac,3,2021-04-09,DU,0
Coronavac,3,2021-04-09,R,0
Coronavac,3,2021-04-10,D1,0
Coronavac,3,2021-04-10,D2,1
Coronavac,3,2021-04-10,DU,0
Coronavac,3,2021-04-10,R,0
Coronavac,3,2021-04-12,D1,1
Coronavac,3,2021-04-12,D2,0
Coronavac,3,2021-04-12,DU,0
Coronavac,3,2021-04-12,R,0
Coronavac,3,2021-04-13,D1,0
Coronavac,3,2021-04-13,D2,1
Coronavac,3,2021-04-13,DU,0
Coronavac,3,2021-04-13,R,0
Coronavac,3,2021-04-14,D1,1
Coronavac,3,2021-04-14,D2,2
Coronavac,3,2021-04-14,DU,0
Coronavac,3,2021-04-14,R,0
Coronavac,3,2021-04-15,D1,0
Coronavac,3,2021-04-15,D2,1
Coronavac,3,2021-04-15,DU,0
Coronavac,3,2021-04-15,R,0
Coronavac,3,2021-04-19,D1,1
Coronavac,3,2021-04-19,D2,3
Coronavac,3,2021-04-19,DU,0
Coronavac,3,2021-04-19,R,0
Coronavac,3,2021-04-20,D1,0
Coronavac,3,2021-04-20,D2,3
Coronavac,3,2021-04-20,DU,0
Coronavac,3,2021-04-20,R,0
Coronavac,3,2021-04-22,D1,0
Coronavac,3,2021-04-22,D2,1
Coronavac,3,2021-04-22,DU,0
Coronavac,3,2021-04-22,R,0
Coronavac,3,2021-04-24,D1,0
Coronavac,3,2021-04-24,D2,1
Coronavac,3,2021-04-24,DU,0
Coronavac,3,2021-04-24,R,0
Coronavac,3,2021-04-26,D1,0
Coronavac,3,2021-04-26,D2,2
Coronavac,3,2021-04-26,DU,0
Coronavac,3,2021-04-26,R,0
Coronavac,3,2021-04-27,D1,1
Coronavac,3,2021-04-27,D2,0
Coronavac,3,2021-04-27,DU,0
Coronavac,3,2021-04-27,R,0
Coronavac,3,2021-04-29,D1,0
Coronavac,3,2021-04-29,D2,3
Coronavac,3,2021-04-29,DU,0
Coronavac,3,2021-04-29,R,0
Coronavac,3,2021-04-30,D1,0
Coronavac,3,2021-04-30,D2,1
Coronavac,3,2021-04-30,DU,0
Coronavac,3,2021-04-30,R,0
Coronavac,3,2021-05-03,D1,0
Coronavac,3,2021-05-03,D2,1
Coronavac,3,2021-05-03,DU,0
Coronavac,3,2021-05-03,R,0
Coronavac,3,2021-05-06,D1,0
Coronavac,3,2021-05-06,D2,2
Coronavac,3,2021-05-06,DU,0
Coronavac,3,2021-05-06,R,0
Coronavac,3,2021-05-10,D1,0
Coronavac,3,2021-05-10,D2,1
Coronavac,3,2021-05-10,DU,0
Coronavac,3,2021-05-10,R,0
Coronavac,3,2021-05-19,D1,2
Coronavac,3,2021-05-19,D2,0
Coronavac,3,2021-05-19,DU,0
Coronavac,3,2021-05-19,R,0
Coronavac,3,2021-05-21,D1,1
Coronavac,3,2021-05-21,D2,0
Coronavac,3,2021-05-21,DU,0
Coronavac,3,2021-05-21,R,0
Coronavac,3,2021-05-25,D1,1
Coronavac,3,2021-05-25,D2,2
Coronavac,3,2021-05-25,DU,0
Coronavac,3,2021-05-25,R,0
Coronavac,3,2021-05-28,D1,1
Coronavac,3,2021-05-28,D2,0
Coronavac,3,2021-05-28,DU,0
Coronavac,3,2021-05-28,R,0
Coronavac,3,2021-06-01,D1,0
Coronavac,3,2021-06-01,D2,1
Coronavac,3,2021-06-01,DU,0
Coronavac,3,2021-06-01,R,0
Coronavac,3,2021-06-02,D1,1
Coronavac,3,2021-06-02,D2,0
Coronavac,3,2021-06-02,DU,0
Coronavac,3,2021-06-02,R,0
Coronavac,3,2021-06-03,D1,1
Coronavac,3,2021-06-03,D2,0
Coronavac,3,2021-06-03,DU,0
Coronavac,3,2021-06-03,R,0
Coronavac,3,2021-06-07,D1,1
Coronavac,3,2021-06-07,D2,0
Coronavac,3,2021-06-07,DU,0
Coronavac,3,2021-06-07,R,0
Coronavac,3,2021-06-08,D1,1
Coronavac,3,2021-06-08,D2,0
Coronavac,3,2021-06-08,DU,0
Coronavac,3,2021-06-08,R,0
Coronavac,3,2021-06-09,D1,3
Coronavac,3,2021-06-09,D2,0
Coronavac,3,2021-06-09,DU,0
Coronavac,3,2021-06-09,R,0
Coronavac,3,2021-06-10,D1,2
Coronavac,3,2021-06-10,D2,0
Coronavac,3,2021-06-10,DU,0
Coronavac,3,2021-06-10,R,0
Coronavac,3,2021-06-11,D1,7
Coronavac,3,2021-06-11,D2,0
Coronavac,3,2021-06-11,DU,0
Coronavac,3,2021-06-11,R,0
Coronavac,3,2021-06-12,D1,1
Coronavac,3,2021-06-12,D2,0
Coronavac,3,2021-06-12,DU,0
Coronavac,3,2021-06-12,R,0
Coronavac,3,2021-06-14,D1,3
Coronavac,3,2021-06-14,D2,0
Coronavac,3,2021-06-14,DU,0
Coronavac,3,2021-06-14,R,0
Coronavac,3,2021-06-15,D1,4
Coronavac,3,2021-06-15,D2,0
Coronavac,3,2021-06-15,DU,0
Coronavac,3,2021-06-15,R,0
Coronavac,3,2021-06-16,D1,3
Coronavac,3,2021-06-16,D2,0
Coronavac,3,2021-06-16,DU,0
Coronavac,3,2021-06-16,R,0
Coronavac,3,2021-06-17,D1,2
Coronavac,3,2021-06-17,D2,0
Coronavac,3,2021-06-17,DU,0
Coronavac,3,2021-06-17,R,0
Coronavac,3,2021-06-18,D1,5
Coronavac,3,2021-06-18,D2,1
Coronavac,3,2021-06-18,DU,0
Coronavac,3,2021-06-18,R,0
Coronavac,3,2021-06-19,D1,1
Coronavac,3,2021-06-19,D2,0
Coronavac,3,2021-06-19,DU,0
Coronavac,3,2021-06-19,R,0
Coronavac,3,2021-06-21,D1,1
Coronavac,3,2021-06-21,D2,0
Coronavac,3,2021-06-21,DU,0
Coronavac,3,2021-06-21,R,0
Coronavac,3,2021-06-22,D1,4
Coronavac,3,2021-06-22,D2,0
Coronavac,3,2021-06-22,DU,0
Coronavac,3,2021-06-22,R,0
Coronavac,3,2021-06-23,D1,1
Coronavac,3,2021-06-23,D2,0
Coronavac,3,2021-06-23,DU,0
Coronavac,3,2021-06-23,R,0
Coronavac,3,2021-06-24,D1,4
Coronavac,3,2021-06-24,D2,0
Coronavac,3,2021-06-24,DU,0
Coronavac,3,2021-06-24,R,0
Coronavac,3,2021-06-25,D1,4
Coronavac,3,2021-06-25,D2,0
Coronavac,3,2021-06-25,DU,0
Coronavac,3,2021-06-25,R,0
Coronavac,3,2021-06-28,D1,3
Coronavac,3,2021-06-28,D2,1
Coronavac,3,2021-06-28,DU,0
Coronavac,3,2021-06-28,R,0
Coronavac,3,2021-06-29,D1,4
Coronavac,3,2021-06-29,D2,0
Coronavac,3,2021-06-29,DU,0
Coronavac,3,2021-06-29,R,0
Coronavac,3,2021-06-30,D1,4
Coronavac,3,2021-06-30,D2,1
Coronavac,3,2021-06-30,DU,0
Coronavac,3,2021-06-30,R,0
Coronavac,3,2021-07-01,D1,3
Coronavac,3,2021-07-01,D2,1
Coronavac,3,2021-07-01,DU,0
Coronavac,3,2021-07-01,R,0
Coronavac,3,2021-07-02,D1,3
Coronavac,3,2021-07-02,D2,2
Coronavac,3,2021-07-02,DU,0
Coronavac,3,2021-07-02,R,0
Coronavac,3,2021-07-05,D1,2
Coronavac,3,2021-07-05,D2,1
Coronavac,3,2021-07-05,DU,0
Coronavac,3,2021-07-05,R,0
Coronavac,3,2021-07-06,D1,2
Coronavac,3,2021-07-06,D2,2
Coronavac,3,2021-07-06,DU,0
Coronavac,3,2021-07-06,R,0
Coronavac,3,2021-07-07,D1,0
Coronavac,3,2021-07-07,D2,1
Coronavac,3,2021-07-07,DU,0
Coronavac,3,2021-07-07,R,0
Coronavac,3,2021-07-08,D1,2
Coronavac,3,2021-07-08,D2,4
Coronavac,3,2021-07-08,DU,0
Coronavac,3,2021-07-08,R,0
Coronavac,3,2021-07-09,D1,1
Coronavac,3,2021-07-09,D2,0
Coronavac,3,2021-07-09,DU,0
Coronavac,3,2021-07-09,R,0
Coronavac,3,2021-07-12,D1,1
Coronavac,3,2021-07-12,D2,0
Coronavac,3,2021-07-12,DU,0
Coronavac,3,2021-07-12,R,0
Coronavac,3,2021-07-13,D1,1
Coronavac,3,2021-07-13,D2,1
Coronavac,3,2021-07-13,DU,0
Coronavac,3,2021-07-13,R,0
Coronavac,3,2021-07-14,D1,0
Coronavac,3,2021-07-14,D2,1
Coronavac,3,2021-07-14,DU,0
Coronavac,3,2021-07-14,R,0
Coronavac,3,2021-07-15,D1,1
Coronavac,3,2021-07-15,D2,1
Coronavac,3,2021-07-15,DU,0
Coronavac,3,2021-07-15,R,0
Coronavac,3,2021-07-16,D1,5
Coronavac,3,2021-07-16,D2,1
Coronavac,3,2021-07-16,DU,0
Coronavac,3,2021-07-16,R,0
Coronavac,3,2021-07-17,D1,1
Coronavac,3,2021-07-17,D2,0
Coronavac,3,2021-07-17,DU,0
Coronavac,3,2021-07-17,R,0
Coronavac,3,2021-07-18,D1,0
Coronavac,3,2021-07-18,D2,1
Coronavac,3,2021-07-18,DU,0
Coronavac,3,2021-07-18,R,0
Coronavac,3,2021-07-19,D1,3
Coronavac,3,2021-07-19,D2,1
Coronavac,3,2021-07-19,DU,0
Coronavac,3,2021-07-19,R,0
Coronavac,3,2021-07-20,D1,4
Coronavac,3,2021-07-20,D2,1
Coronavac,3,2021-07-20,DU,0
Coronavac,3,2021-07-20,R,0
Coronavac,3,2021-07-21,D1,1
Coronavac,3,2021-07-21,D2,2
Coronavac,3,2021-07-21,DU,0
Coronavac,3,2021-07-21,R,0
Coronavac,3,2021-07-22,D1,1
Coronavac,3,2021-07-22,D2,1
Coronavac,3,2021-07-22,DU,0
Coronavac,3,2021-07-22,R,0
Coronavac,3,2021-07-23,D1,2
Coronavac,3,2021-07-23,D2,3
Coronavac,3,2021-07-23,DU,0
Coronavac,3,2021-07-23,R,0
Coronavac,3,2021-07-24,D1,0
Coronavac,3,2021-07-24,D2,1
Coronavac,3,2021-07-24,DU,0
Coronavac,3,2021-07-24,R,0
Coronavac,3,2021-07-26,D1,1
Coronavac,3,2021-07-26,D2,2
Coronavac,3,2021-07-26,DU,0
Coronavac,3,2021-07-26,R,0
Coronavac,3,2021-07-27,D1,2
Coronavac,3,2021-07-27,D2,2
Coronavac,3,2021-07-27,DU,0
Coronavac,3,2021-07-27,R,0
Coronavac,3,2021-07-28,D1,5
Coronavac,3,2021-07-28,D2,2
Coronavac,3,2021-07-28,DU,0
Coronavac,3,2021-07-28,R,0
Coronavac,3,2021-07-29,D1,3
Coronavac,3,2021-07-29,D2,2
Coronavac,3,2021-07-29,DU,0
Coronavac,3,2021-07-29,R,0
Coronavac,3,2021-07-30,D1,1
Coronavac,3,2021-07-30,D2,0
Coronavac,3,2021-07-30,DU,0
Coronavac,3,2021-07-30,R,0
Coronavac,3,2021-07-31,D1,1
Coronavac,3,2021-07-31,D2,0
Coronavac,3,2021-07-31,DU,0
Coronavac,3,2021-07-31,R,0
Coronavac,3,2021-08-01,D1,3
Coronavac,3,2021-08-01,D2,0
Coronavac,3,2021-08-01,DU,0
Coronavac,3,2021-08-01,R,0
Coronavac,3,2021-08-02,D1,2
Coronavac,3,2021-08-02,D2,3
Coronavac,3,2021-08-02,DU,0
Coronavac,3,2021-08-02,R,0
Coronavac,3,2021-08-03,D1,2
Coronavac,3,2021-08-03,D2,1
Coronavac,3,2021-08-03,DU,0
Coronavac,3,2021-08-03,R,0
Coronavac,3,2021-08-04,D1,1
Coronavac,3,2021-08-04,D2,0
Coronavac,3,2021-08-04,DU,0
Coronavac,3,2021-08-04,R,0
Coronavac,3,2021-08-05,D1,3
Coronavac,3,2021-08-05,D2,2
Coronavac,3,2021-08-05,DU,0
Coronavac,3,2021-08-05,R,0
Coronavac,3,2021-08-06,D1,2
Coronavac,3,2021-08-06,D2,0
Coronavac,3,2021-08-06,DU,0
Coronavac,3,2021-08-06,R,0
Coronavac,3,2021-08-08,D1,1
Coronavac,3,2021-08-08,D2,0
Coronavac,3,2021-08-08,DU,0
Coronavac,3,2021-08-08,R,0
Coronavac,3,2021-08-09,D1,2
Coronavac,3,2021-08-09,D2,0
Coronavac,3,2021-08-09,DU,0
Coronavac,3,2021-08-09,R,0
Coronavac,3,2021-08-10,D1,9
Coronavac,3,2021-08-10,D2,1
Coronavac,3,2021-08-10,DU,0
Coronavac,3,2021-08-10,R,0
Coronavac,3,2021-08-11,D1,11
Coronavac,3,2021-08-11,D2,2
Coronavac,3,2021-08-11,DU,0
Coronavac,3,2021-08-11,R,0
Coronavac,3,2021-08-12,D1,9
Coronavac,3,2021-08-12,D2,0
Coronavac,3,2021-08-12,DU,0
Coronavac,3,2021-08-12,R,0
Coronavac,3,2021-08-13,D1,2
Coronavac,3,2021-08-13,D2,0
Coronavac,3,2021-08-13,DU,0
Coronavac,3,2021-08-13,R,0
Coronavac,3,2021-08-14,D1,2
Coronavac,3,2021-08-14,D2,1
Coronavac,3,2021-08-14,DU,0
Coronavac,3,2021-08-14,R,0
Coronavac,3,2021-08-15,D1,4
Coronavac,3,2021-08-15,D2,0
Coronavac,3,2021-08-15,DU,0
Coronavac,3,2021-08-15,R,0
Coronavac,3,2021-08-16,D1,41
Coronavac,3,2021-08-16,D2,2
Coronavac,3,2021-08-16,DU,0
Coronavac,3,2021-08-16,R,0
Coronavac,3,2021-08-17,D1,27
Coronavac,3,2021-08-17,D2,3
Coronavac,3,2021-08-17,DU,0
Coronavac,3,2021-08-17,R,0
Coronavac,3,2021-08-18,D1,53
Coronavac,3,2021-08-18,D2,4
Coronavac,3,2021-08-18,DU,0
Coronavac,3,2021-08-18,R,0
Coronavac,3,2021-08-19,D1,44
Coronavac,3,2021-08-19,D2,4
Coronavac,3,2021-08-19,DU,0
Coronavac,3,2021-08-19,R,0
Coronavac,3,2021-08-20,D1,26
Coronavac,3,2021-08-20,D2,0
Coronavac,3,2021-08-20,DU,0
Coronavac,3,2021-08-20,R,0
Coronavac,3,2021-08-21,D1,8
Coronavac,3,2021-08-21,D2,1
Coronavac,3,2021-08-21,DU,0
Coronavac,3,2021-08-21,R,0
Coronavac,3,2021-08-22,D1,1
Coronavac,3,2021-08-22,D2,0
Coronavac,3,2021-08-22,DU,0
Coronavac,3,2021-08-22,R,0
Coronavac,3,2021-08-23,D1,65
Coronavac,3,2021-08-23,D2,1
Coronavac,3,2021-08-23,DU,0
Coronavac,3,2021-08-23,R,0
Coronavac,3,2021-08-24,D1,29
Coronavac,3,2021-08-24,D2,3
Coronavac,3,2021-08-24,DU,0
Coronavac,3,2021-08-24,R,0
Coronavac,3,2021-08-25,D1,26
Coronavac,3,2021-08-25,D2,6
Coronavac,3,2021-08-25,DU,0
Coronavac,3,2021-08-25,R,0
Coronavac,3,2021-08-26,D1,19
Coronavac,3,2021-08-26,D2,2
Coronavac,3,2021-08-26,DU,0
Coronavac,3,2021-08-26,R,0
Coronavac,3,2021-08-27,D1,20
Coronavac,3,2021-08-27,D2,2
Coronavac,3,2021-08-27,DU,0
Coronavac,3,2021-08-27,R,0
Coronavac,3,2021-08-28,D1,31
Coronavac,3,2021-08-28,D2,1
Coronavac,3,2021-08-28,DU,0
Coronavac,3,2021-08-28,R,0
Coronavac,3,2021-08-29,D1,1
Coronavac,3,2021-08-29,D2,0
Coronavac,3,2021-08-29,DU,0
Coronavac,3,2021-08-29,R,0
Coronavac,3,2021-08-30,D1,21
Coronavac,3,2021-08-30,D2,1
Coronavac,3,2021-08-30,DU,0
Coronavac,3,2021-08-30,R,0
Coronavac,3,2021-08-31,D1,24
Coronavac,3,2021-08-31,D2,0
Coronavac,3,2021-08-31,DU,0
Coronavac,3,2021-08-31,R,0
Coronavac,3,2021-09-01,D1,27
Coronavac,3,2021-09-01,D2,3
Coronavac,3,2021-09-01,DU,0
Coronavac,3,2021-09-01,R,0
Coronavac,3,2021-09-02,D1,26
Coronavac,3,2021-09-02,D2,4
Coronavac,3,2021-09-02,DU,0
Coronavac,3,2021-09-02,R,0
Coronavac,3,2021-09-03,D1,14
Coronavac,3,2021-09-03,D2,3
Coronavac,3,2021-09-03,DU,0
Coronavac,3,2021-09-03,R,0
Coronavac,3,2021-09-04,D1,2
Coronavac,3,2021-09-04,D2,1
Coronavac,3,2021-09-04,DU,0
Coronavac,3,2021-09-04,R,0
Coronavac,3,2021-09-06,D1,7
Coronavac,3,2021-09-06,D2,1
Coronavac,3,2021-09-06,DU,0
Coronavac,3,2021-09-06,R,0
Coronavac,3,2021-09-08,D1,17
Coronavac,3,2021-09-08,D2,4
Coronavac,3,2021-09-08,DU,0
Coronavac,3,2021-09-08,R,0
Coronavac,3,2021-09-09,D1,17
Coronavac,3,2021-09-09,D2,11
Coronavac,3,2021-09-09,DU,0
Coronavac,3,2021-09-09,R,0
Coronavac,3,2021-09-10,D1,18
Coronavac,3,2021-09-10,D2,10
Coronavac,3,2021-09-10,DU,0
Coronavac,3,2021-09-10,R,0
Coronavac,3,2021-09-11,D1,5
Coronavac,3,2021-09-11,D2,5
Coronavac,3,2021-09-11,DU,0
Coronavac,3,2021-09-11,R,0
Coronavac,3,2021-09-13,D1,27
Coronavac,3,2021-09-13,D2,19
Coronavac,3,2021-09-13,DU,0
Coronavac,3,2021-09-13,R,0
Coronavac,3,2021-09-14,D1,16
Coronavac,3,2021-09-14,D2,17
Coronavac,3,2021-09-14,DU,0
Coronavac,3,2021-09-14,R,0
Coronavac,3,2021-09-15,D1,10
Coronavac,3,2021-09-15,D2,19
Coronavac,3,2021-09-15,DU,0
Coronavac,3,2021-09-15,R,0
Coronavac,3,2021-09-16,D1,12
Coronavac,3,2021-09-16,D2,18
Coronavac,3,2021-09-16,DU,0
Coronavac,3,2021-09-16,R,0
Coronavac,3,2021-09-17,D1,11
Coronavac,3,2021-09-17,D2,14
Coronavac,3,2021-09-17,DU,0
Coronavac,3,2021-09-17,R,0
Coronavac,3,2021-09-18,D1,6
Coronavac,3,2021-09-18,D2,6
Coronavac,3,2021-09-18,DU,0
Coronavac,3,2021-09-18,R,0
Coronavac,3,2021-09-20,D1,11
Coronavac,3,2021-09-20,D2,16
Coronavac,3,2021-09-20,DU,0
Coronavac,3,2021-09-20,R,0
Coronavac,3,2021-09-21,D1,13
Coronavac,3,2021-09-21,D2,11
Coronavac,3,2021-09-21,DU,0
Coronavac,3,2021-09-21,R,0
Coronavac,3,2021-09-22,D1,10
Coronavac,3,2021-09-22,D2,11
Coronavac,3,2021-09-22,DU,0
Coronavac,3,2021-09-22,R,0
Coronavac,3,2021-09-23,D1,16
Coronavac,3,2021-09-23,D2,8
Coronavac,3,2021-09-23,DU,0
Coronavac,3,2021-09-23,R,0
Coronavac,3,2021-09-24,D1,13
Coronavac,3,2021-09-24,D2,11
Coronavac,3,2021-09-24,DU,0
Coronavac,3,2021-09-24,R,1
Coronavac,3,2021-09-25,D1,2
Coronavac,3,2021-09-25,D2,2
Coronavac,3,2021-09-25,DU,0
Coronavac,3,2021-09-25,R,0
Coronavac,3,2021-09-27,D1,9
Coronavac,3,2021-09-27,D2,5
Coronavac,3,2021-09-27,DU,0
Coronavac,3,2021-09-27,R,0
Coronavac,3,2021-09-28,D1,4
Coronavac,3,2021-09-28,D2,3
Coronavac,3,2021-09-28,DU,0
Coronavac,3,2021-09-28,R,0
Coronavac,3,2021-09-29,D1,1
Coronavac,3,2021-09-29,D2,5
Coronavac,3,2021-09-29,DU,0
Coronavac,3,2021-09-29,R,0
Coronavac,3,2021-09-30,D1,3
Coronavac,3,2021-09-30,D2,7
Coronavac,3,2021-09-30,DU,0
Coronavac,3,2021-09-30,R,0
Coronavac,3,2021-10-01,D1,1
Coronavac,3,2021-10-01,D2,5
Coronavac,3,2021-10-01,DU,0
Coronavac,3,2021-10-01,R,0
Coronavac,3,2021-10-02,D1,8
Coronavac,3,2021-10-02,D2,3
Coronavac,3,2021-10-02,DU,0
Coronavac,3,2021-10-02,R,0
Coronavac,3,2021-10-04,D1,5
Coronavac,3,2021-10-04,D2,1
Coronavac,3,2021-10-04,DU,0
Coronavac,3,2021-10-04,R,0
Coronavac,3,2021-10-05,D1,2
Coronavac,3,2021-10-05,D2,5
Coronavac,3,2021-10-05,DU,0
Coronavac,3,2021-10-05,R,0
Coronavac,3,2021-10-06,D1,4
Coronavac,3,2021-10-06,D2,3
Coronavac,3,2021-10-06,DU,0
Coronavac,3,2021-10-06,R,0
Coronavac,3,2021-10-07,D1,2
Coronavac,3,2021-10-07,D2,3
Coronavac,3,2021-10-07,DU,0
Coronavac,3,2021-10-07,R,0
Coronavac,3,2021-10-08,D1,3
Coronavac,3,2021-10-08,D2,3
Coronavac,3,2021-10-08,DU,0
Coronavac,3,2021-10-08,R,0
Coronavac,3,2021-10-11,D1,2
Coronavac,3,2021-10-11,D2,0
Coronavac,3,2021-10-11,DU,0
Coronavac,3,2021-10-11,R,0
Coronavac,3,2021-10-13,D1,4
Coronavac,3,2021-10-13,D2,4
Coronavac,3,2021-10-13,DU,0
Coronavac,3,2021-10-13,R,0
Coronavac,3,2021-10-14,D1,0
Coronavac,3,2021-10-14,D2,4
Coronavac,3,2021-10-14,DU,0
Coronavac,3,2021-10-14,R,0
Coronavac,3,2021-10-15,D1,1
Coronavac,3,2021-10-15,D2,0
Coronavac,3,2021-10-15,DU,0
Coronavac,3,2021-10-15,R,0
Coronavac,3,2021-10-16,D1,5
Coronavac,3,2021-10-16,D2,3
Coronavac,3,2021-10-16,DU,0
Coronavac,3,2021-10-16,R,0
Coronavac,3,2021-10-18,D1,6
Coronavac,3,2021-10-18,D2,6
Coronavac,3,2021-10-18,DU,0
Coronavac,3,2021-10-18,R,0
Coronavac,3,2021-10-19,D1,1
Coronavac,3,2021-10-19,D2,5
Coronavac,3,2021-10-19,DU,0
Coronavac,3,2021-10-19,R,0
Coronavac,3,2021-10-20,D1,1
Coronavac,3,2021-10-20,D2,6
Coronavac,3,2021-10-20,DU,0
Coronavac,3,2021-10-20,R,0
Coronavac,3,2021-10-21,D1,5
Coronavac,3,2021-10-21,D2,4
Coronavac,3,2021-10-21,DU,0
Coronavac,3,2021-10-21,R,0
Coronavac,3,2021-10-22,D1,4
Coronavac,3,2021-10-22,D2,9
Coronavac,3,2021-10-22,DU,0
Coronavac,3,2021-10-22,R,0
Coronavac,3,2021-10-23,D1,1
Coronavac,3,2021-10-23,D2,1
Coronavac,3,2021-10-23,DU,0
Coronavac,3,2021-10-23,R,0
Coronavac,3,2021-10-25,D1,1
Coronavac,3,2021-10-25,D2,6
Coronavac,3,2021-10-25,DU,0
Coronavac,3,2021-10-25,R,0
Coronavac,3,2021-10-26,D1,1
Coronavac,3,2021-10-26,D2,6
Coronavac,3,2021-10-26,DU,0
Coronavac,3,2021-10-26,R,0
Coronavac,3,2021-10-27,D1,1
Coronavac,3,2021-10-27,D2,5
Coronavac,3,2021-10-27,DU,0
Coronavac,3,2021-10-27,R,0
Coronavac,3,2021-10-28,D1,4
Coronavac,3,2021-10-28,D2,5
Coronavac,3,2021-10-28,DU,0
Coronavac,3,2021-10-28,R,0
Coronavac,3,2021-10-29,D1,4
Coronavac,3,2021-10-29,D2,1
Coronavac,3,2021-10-29,DU,0
Coronavac,3,2021-10-29,R,0
Coronavac,3,2021-10-30,D1,0
Coronavac,3,2021-10-30,D2,1
Coronavac,3,2021-10-30,DU,0
Coronavac,3,2021-10-30,R,0
Coronavac,3,2021-11-02,D1,0
Coronavac,3,2021-11-02,D2,1
Coronavac,3,2021-11-02,DU,0
Coronavac,3,2021-11-02,R,0
Coronavac,3,2021-11-03,D1,4
Coronavac,3,2021-11-03,D2,1
Coronavac,3,2021-11-03,DU,0
Coronavac,3,2021-11-03,R,1
Coronavac,3,2021-11-04,D1,7
Coronavac,3,2021-11-04,D2,3
Coronavac,3,2021-11-04,DU,0
Coronavac,3,2021-11-04,R,1
Coronavac,3,2021-11-05,D1,1
Coronavac,3,2021-11-05,D2,3
Coronavac,3,2021-11-05,DU,0
Coronavac,3,2021-11-05,R,0
Coronavac,3,2021-11-06,D1,0
Coronavac,3,2021-11-06,D2,1
Coronavac,3,2021-11-06,DU,0
Coronavac,3,2021-11-06,R,0
Coronavac,3,2021-11-08,D1,2
Coronavac,3,2021-11-08,D2,6
Coronavac,3,2021-11-08,DU,0
Coronavac,3,2021-11-08,R,1
Coronavac,3,2021-11-09,D1,2
Coronavac,3,2021-11-09,D2,0
Coronavac,3,2021-11-09,DU,0
Coronavac,3,2021-11-09,R,0
Coronavac,3,2021-11-10,D1,1
Coronavac,3,2021-11-10,D2,6
Coronavac,3,2021-11-10,DU,0
Coronavac,3,2021-11-10,R,0
Coronavac,3,2021-11-11,D1,4
Coronavac,3,2021-11-11,D2,5
Coronavac,3,2021-11-11,DU,0
Coronavac,3,2021-11-11,R,0
Coronavac,3,2021-11-12,D1,1
Coronavac,3,2021-11-12,D2,3
Coronavac,3,2021-11-12,DU,0
Coronavac,3,2021-11-12,R,0
Coronavac,3,2021-11-13,D1,1
Coronavac,3,2021-11-13,D2,0
Coronavac,3,2021-11-13,DU,0
Coronavac,3,2021-11-13,R,0
Coronavac,3,2021-11-15,D1,0
Coronavac,3,2021-11-15,D2,1
Coronavac,3,2021-11-15,DU,0
Coronavac,3,2021-11-15,R,0
Coronavac,3,2021-11-16,D1,2
Coronavac,3,2021-11-16,D2,0
Coronavac,3,2021-11-16,DU,0
Coronavac,3,2021-11-16,R,0
Coronavac,3,2021-11-17,D1,0
Coronavac,3,2021-11-17,D2,3
Coronavac,3,2021-11-17,DU,0
Coronavac,3,2021-11-17,R,0
Coronavac,3,2021-11-18,D1,1
Coronavac,3,2021-11-18,D2,1
Coronavac,3,2021-11-18,DU,0
Coronavac,3,2021-11-18,R,0
Coronavac,3,2021-11-22,D1,1
Coronavac,3,2021-11-22,D2,0
Coronavac,3,2021-11-22,DU,0
Coronavac,3,2021-11-22,R,0
Coronavac,3,2021-11-23,D1,0
Coronavac,3,2021-11-23,D2,1
Coronavac,3,2021-11-23,DU,0
Coronavac,3,2021-11-23,R,0
Coronavac,3,2021-11-29,D1,1
Coronavac,3,2021-11-29,D2,0
Coronavac,3,2021-11-29,DU,0
Coronavac,3,2021-11-29,R,0
Coronavac,3,2021-12-07,D1,0
Coronavac,3,2021-12-07,D2,3
Coronavac,3,2021-12-07,DU,0
Coronavac,3,2021-12-07,R,1
Coronavac,3,2021-12-14,D1,3
Coronavac,3,2021-12-14,D2,0
Coronavac,3,2021-12-14,DU,0
Coronavac,3,2021-12-14,R,0
Coronavac,3,2021-12-15,D1,0
Coronavac,3,2021-12-15,D2,1
Coronavac,3,2021-12-15,DU,0
Coronavac,3,2021-12-15,R,0
Coronavac,3,2021-12-17,D1,0
Coronavac,3,2021-12-17,D2,1
Coronavac,3,2021-12-17,DU,0
Coronavac,3,2021-12-17,R,0
Coronavac,3,2021-12-23,D1,0
Coronavac,3,2021-12-23,D2,1
Coronavac,3,2021-12-23,DU,0
Coronavac,3,2021-12-23,R,0
Coronavac,3,2021-12-27,D1,1
Coronavac,3,2021-12-27,D2,0
Coronavac,3,2021-12-27,DU,0
Coronavac,3,2021-12-27,R,0
Coronavac,3,2021-12-28,D1,0
Coronavac,3,2021-12-28,D2,2
Coronavac,3,2021-12-28,DU,0
Coronavac,3,2021-12-28,R,0
Coronavac,3,2022-01-03,D1,1
Coronavac,3,2022-01-03,D2,0
Coronavac,3,2022-01-03,DU,0
Coronavac,3,2022-01-03,R,0
Coronavac,3,2022-01-04,D1,0
Coronavac,3,2022-01-04,D2,0
Coronavac,3,2022-01-04,DU,0
Coronavac,3,2022-01-04,R,1
Coronavac,3,2022-01-08,D1,0
Coronavac,3,2022-01-08,D2,1
Coronavac,3,2022-01-08,DU,0
Coronavac,3,2022-01-08,R,0
Coronavac,3,2022-01-10,D1,1
Coronavac,3,2022-01-10,D2,1
Coronavac,3,2022-01-10,DU,0
Coronavac,3,2022-01-10,R,1
Coronavac,3,2022-01-11,D1,0
Coronavac,3,2022-01-11,D2,1
Coronavac,3,2022-01-11,DU,0
Coronavac,3,2022-01-11,R,2
Coronavac,3,2022-01-13,D1,0
Coronavac,3,2022-01-13,D2,1
Coronavac,3,2022-01-13,DU,0
Coronavac,3,2022-01-13,R,1
Coronavac,4,2021-01-18,D1,58
Coronavac,4,2021-01-18,D2,1
Coronavac,4,2021-01-18,DU,0
Coronavac,4,2021-01-18,R,0
Coronavac,4,2021-01-19,D1,361
Coronavac,4,2021-01-19,D2,1
Coronavac,4,2021-01-19,DU,0
Coronavac,4,2021-01-19,R,0
Coronavac,4,2021-01-20,D1,1295
Coronavac,4,2021-01-20,D2,0
Coronavac,4,2021-01-20,DU,0
Coronavac,4,2021-01-20,R,0
Coronavac,4,2021-01-21,D1,3973
Coronavac,4,2021-01-21,D2,7
Coronavac,4,2021-01-21,DU,0
Coronavac,4,2021-01-21,R,0
Coronavac,4,2021-01-22,D1,5286
Coronavac,4,2021-01-22,D2,9
Coronavac,4,2021-01-22,DU,0
Coronavac,4,2021-01-22,R,0
Coronavac,4,2021-01-23,D1,1243
Coronavac,4,2021-01-23,D2,1
Coronavac,4,2021-01-23,DU,0
Coronavac,4,2021-01-23,R,1
Coronavac,4,2021-01-24,D1,436
Coronavac,4,2021-01-24,D2,0
Coronavac,4,2021-01-24,DU,0
Coronavac,4,2021-01-24,R,0
Coronavac,4,2021-01-25,D1,2092
Coronavac,4,2021-01-25,D2,3
Coronavac,4,2021-01-25,DU,0
Coronavac,4,2021-01-25,R,0
Coronavac,4,2021-01-26,D1,1968
Coronavac,4,2021-01-26,D2,4
Coronavac,4,2021-01-26,DU,0
Coronavac,4,2021-01-26,R,0
Coronavac,4,2021-01-27,D1,1675
Coronavac,4,2021-01-27,D2,1
Coronavac,4,2021-01-27,DU,0
Coronavac,4,2021-01-27,R,0
Coronavac,4,2021-01-28,D1,1868
Coronavac,4,2021-01-28,D2,4
Coronavac,4,2021-01-28,DU,0
Coronavac,4,2021-01-28,R,0
Coronavac,4,2021-01-29,D1,1429
Coronavac,4,2021-01-29,D2,0
Coronavac,4,2021-01-29,DU,0
Coronavac,4,2021-01-29,R,0
Coronavac,4,2021-01-30,D1,189
Coronavac,4,2021-01-30,D2,0
Coronavac,4,2021-01-30,DU,0
Coronavac,4,2021-01-30,R,0
Coronavac,4,2021-01-31,D1,23
Coronavac,4,2021-01-31,D2,1
Coronavac,4,2021-01-31,DU,0
Coronavac,4,2021-01-31,R,0
Coronavac,4,2021-02-01,D1,691
Coronavac,4,2021-02-01,D2,1
Coronavac,4,2021-02-01,DU,0
Coronavac,4,2021-02-01,R,0
Coronavac,4,2021-02-02,D1,882
Coronavac,4,2021-02-02,D2,1
Coronavac,4,2021-02-02,DU,0
Coronavac,4,2021-02-02,R,0
Coronavac,4,2021-02-03,D1,1804
Coronavac,4,2021-02-03,D2,1
Coronavac,4,2021-02-03,DU,0
Coronavac,4,2021-02-03,R,0
Coronavac,4,2021-02-04,D1,3622
Coronavac,4,2021-02-04,D2,3
Coronavac,4,2021-02-04,DU,0
Coronavac,4,2021-02-04,R,0
Coronavac,4,2021-02-05,D1,2967
Coronavac,4,2021-02-05,D2,8
Coronavac,4,2021-02-05,DU,0
Coronavac,4,2021-02-05,R,0
Coronavac,4,2021-02-06,D1,964
Coronavac,4,2021-02-06,D2,1
Coronavac,4,2021-02-06,DU,0
Coronavac,4,2021-02-06,R,0
Coronavac,4,2021-02-07,D1,334
Coronavac,4,2021-02-07,D2,0
Coronavac,4,2021-02-07,DU,0
Coronavac,4,2021-02-07,R,0
Coronavac,4,2021-02-08,D1,1894
Coronavac,4,2021-02-08,D2,22
Coronavac,4,2021-02-08,DU,0
Coronavac,4,2021-02-08,R,0
Coronavac,4,2021-02-09,D1,1485
Coronavac,4,2021-02-09,D2,50
Coronavac,4,2021-02-09,DU,0
Coronavac,4,2021-02-09,R,0
Coronavac,4,2021-02-10,D1,1438
Coronavac,4,2021-02-10,D2,294
Coronavac,4,2021-02-10,DU,0
Coronavac,4,2021-02-10,R,0
Coronavac,4,2021-02-11,D1,1109
Coronavac,4,2021-02-11,D2,2028
Coronavac,4,2021-02-11,DU,0
Coronavac,4,2021-02-11,R,0
Coronavac,4,2021-02-12,D1,962
Coronavac,4,2021-02-12,D2,3044
Coronavac,4,2021-02-12,DU,0
Coronavac,4,2021-02-12,R,0
Coronavac,4,2021-02-13,D1,358
Coronavac,4,2021-02-13,D2,518
Coronavac,4,2021-02-13,DU,0
Coronavac,4,2021-02-13,R,0
Coronavac,4,2021-02-14,D1,29
Coronavac,4,2021-02-14,D2,402
Coronavac,4,2021-02-14,DU,0
Coronavac,4,2021-02-14,R,0
Coronavac,4,2021-02-15,D1,417
Coronavac,4,2021-02-15,D2,2770
Coronavac,4,2021-02-15,DU,0
Coronavac,4,2021-02-15,R,1
Coronavac,4,2021-02-16,D1,389
Coronavac,4,2021-02-16,D2,2879
Coronavac,4,2021-02-16,DU,0
Coronavac,4,2021-02-16,R,0
Coronavac,4,2021-02-17,D1,551
Coronavac,4,2021-02-17,D2,2502
Coronavac,4,2021-02-17,DU,0
Coronavac,4,2021-02-17,R,0
Coronavac,4,2021-02-18,D1,735
Coronavac,4,2021-02-18,D2,2720
Coronavac,4,2021-02-18,DU,0
Coronavac,4,2021-02-18,R,1
Coronavac,4,2021-02-19,D1,513
Coronavac,4,2021-02-19,D2,1990
Coronavac,4,2021-02-19,DU,0
Coronavac,4,2021-02-19,R,1
Coronavac,4,2021-02-20,D1,86
Coronavac,4,2021-02-20,D2,147
Coronavac,4,2021-02-20,DU,0
Coronavac,4,2021-02-20,R,0
Coronavac,4,2021-02-21,D1,43
Coronavac,4,2021-02-21,D2,28
Coronavac,4,2021-02-21,DU,0
Coronavac,4,2021-02-21,R,0
Coronavac,4,2021-02-22,D1,331
Coronavac,4,2021-02-22,D2,1100
Coronavac,4,2021-02-22,DU,0
Coronavac,4,2021-02-22,R,0
Coronavac,4,2021-02-23,D1,346
Coronavac,4,2021-02-23,D2,1074
Coronavac,4,2021-02-23,DU,0
Coronavac,4,2021-02-23,R,0
Coronavac,4,2021-02-24,D1,359
Coronavac,4,2021-02-24,D2,905
Coronavac,4,2021-02-24,DU,0
Coronavac,4,2021-02-24,R,0
Coronavac,4,2021-02-25,D1,307
Coronavac,4,2021-02-25,D2,819
Coronavac,4,2021-02-25,DU,0
Coronavac,4,2021-02-25,R,0
Coronavac,4,2021-02-26,D1,260
Coronavac,4,2021-02-26,D2,774
Coronavac,4,2021-02-26,DU,0
Coronavac,4,2021-02-26,R,0
Coronavac,4,2021-02-27,D1,26
Coronavac,4,2021-02-27,D2,112
Coronavac,4,2021-02-27,DU,0
Coronavac,4,2021-02-27,R,0
Coronavac,4,2021-02-28,D1,28
Coronavac,4,2021-02-28,D2,74
Coronavac,4,2021-02-28,DU,0
Coronavac,4,2021-02-28,R,0
Coronavac,4,2021-03-01,D1,125
Coronavac,4,2021-03-01,D2,1285
Coronavac,4,2021-03-01,DU,0
Coronavac,4,2021-03-01,R,0
Coronavac,4,2021-03-02,D1,220
Coronavac,4,2021-03-02,D2,2962
Coronavac,4,2021-03-02,DU,0
Coronavac,4,2021-03-02,R,0
Coronavac,4,2021-03-03,D1,253
Coronavac,4,2021-03-03,D2,2870
Coronavac,4,2021-03-03,DU,0
Coronavac,4,2021-03-03,R,0
Coronavac,4,2021-03-04,D1,259
Coronavac,4,2021-03-04,D2,2383
Coronavac,4,2021-03-04,DU,0
Coronavac,4,2021-03-04,R,0
Coronavac,4,2021-03-05,D1,332
Coronavac,4,2021-03-05,D2,1608
Coronavac,4,2021-03-05,DU,0
Coronavac,4,2021-03-05,R,0
Coronavac,4,2021-03-06,D1,66
Coronavac,4,2021-03-06,D2,542
Coronavac,4,2021-03-06,DU,0
Coronavac,4,2021-03-06,R,0
Coronavac,4,2021-03-07,D1,41
Coronavac,4,2021-03-07,D2,50
Coronavac,4,2021-03-07,DU,0
Coronavac,4,2021-03-07,R,0
Coronavac,4,2021-03-08,D1,351
Coronavac,4,2021-03-08,D2,580
Coronavac,4,2021-03-08,DU,0
Coronavac,4,2021-03-08,R,0
Coronavac,4,2021-03-09,D1,294
Coronavac,4,2021-03-09,D2,604
Coronavac,4,2021-03-09,DU,0
Coronavac,4,2021-03-09,R,0
Coronavac,4,2021-03-10,D1,327
Coronavac,4,2021-03-10,D2,664
Coronavac,4,2021-03-10,DU,0
Coronavac,4,2021-03-10,R,0
Coronavac,4,2021-03-11,D1,382
Coronavac,4,2021-03-11,D2,862
Coronavac,4,2021-03-11,DU,0
Coronavac,4,2021-03-11,R,0
Coronavac,4,2021-03-12,D1,394
Coronavac,4,2021-03-12,D2,712
Coronavac,4,2021-03-12,DU,0
Coronavac,4,2021-03-12,R,0
Coronavac,4,2021-03-13,D1,61
Coronavac,4,2021-03-13,D2,123
Coronavac,4,2021-03-13,DU,0
Coronavac,4,2021-03-13,R,0
Coronavac,4,2021-03-14,D1,76
Coronavac,4,2021-03-14,D2,9
Coronavac,4,2021-03-14,DU,0
Coronavac,4,2021-03-14,R,0
Coronavac,4,2021-03-15,D1,308
Coronavac,4,2021-03-15,D2,450
Coronavac,4,2021-03-15,DU,0
Coronavac,4,2021-03-15,R,0
Coronavac,4,2021-03-16,D1,366
Coronavac,4,2021-03-16,D2,408
Coronavac,4,2021-03-16,DU,0
Coronavac,4,2021-03-16,R,0
Coronavac,4,2021-03-17,D1,397
Coronavac,4,2021-03-17,D2,366
Coronavac,4,2021-03-17,DU,0
Coronavac,4,2021-03-17,R,0
Coronavac,4,2021-03-18,D1,383
Coronavac,4,2021-03-18,D2,392
Coronavac,4,2021-03-18,DU,0
Coronavac,4,2021-03-18,R,0
Coronavac,4,2021-03-19,D1,429
Coronavac,4,2021-03-19,D2,366
Coronavac,4,2021-03-19,DU,0
Coronavac,4,2021-03-19,R,0
Coronavac,4,2021-03-20,D1,86
Coronavac,4,2021-03-20,D2,60
Coronavac,4,2021-03-20,DU,0
Coronavac,4,2021-03-20,R,0
Coronavac,4,2021-03-21,D1,18
Coronavac,4,2021-03-21,D2,46
Coronavac,4,2021-03-21,DU,0
Coronavac,4,2021-03-21,R,0
Coronavac,4,2021-03-22,D1,357
Coronavac,4,2021-03-22,D2,255
Coronavac,4,2021-03-22,DU,0
Coronavac,4,2021-03-22,R,0
Coronavac,4,2021-03-23,D1,352
Coronavac,4,2021-03-23,D2,283
Coronavac,4,2021-03-23,DU,0
Coronavac,4,2021-03-23,R,0
Coronavac,4,2021-03-24,D1,399
Coronavac,4,2021-03-24,D2,358
Coronavac,4,2021-03-24,DU,0
Coronavac,4,2021-03-24,R,0
Coronavac,4,2021-03-25,D1,423
Coronavac,4,2021-03-25,D2,335
Coronavac,4,2021-03-25,DU,0
Coronavac,4,2021-03-25,R,0
Coronavac,4,2021-03-26,D1,432
Coronavac,4,2021-03-26,D2,279
Coronavac,4,2021-03-26,DU,0
Coronavac,4,2021-03-26,R,0
Coronavac,4,2021-03-27,D1,109
Coronavac,4,2021-03-27,D2,41
Coronavac,4,2021-03-27,DU,0
Coronavac,4,2021-03-27,R,0
Coronavac,4,2021-03-28,D1,6
Coronavac,4,2021-03-28,D2,24
Coronavac,4,2021-03-28,DU,0
Coronavac,4,2021-03-28,R,0
Coronavac,4,2021-03-29,D1,364
Coronavac,4,2021-03-29,D2,239
Coronavac,4,2021-03-29,DU,0
Coronavac,4,2021-03-29,R,0
Coronavac,4,2021-03-30,D1,462
Coronavac,4,2021-03-30,D2,307
Coronavac,4,2021-03-30,DU,0
Coronavac,4,2021-03-30,R,0
Coronavac,4,2021-03-31,D1,515
Coronavac,4,2021-03-31,D2,302
Coronavac,4,2021-03-31,DU,0
Coronavac,4,2021-03-31,R,0
Coronavac,4,2021-04-01,D1,394
Coronavac,4,2021-04-01,D2,275
Coronavac,4,2021-04-01,DU,0
Coronavac,4,2021-04-01,R,0
Coronavac,4,2021-04-02,D1,65
Coronavac,4,2021-04-02,D2,25
Coronavac,4,2021-04-02,DU,0
Coronavac,4,2021-04-02,R,0
Coronavac,4,2021-04-03,D1,68
Coronavac,4,2021-04-03,D2,32
Coronavac,4,2021-04-03,DU,0
Coronavac,4,2021-04-03,R,0
Coronavac,4,2021-04-04,D1,25
Coronavac,4,2021-04-04,D2,4
Coronavac,4,2021-04-04,DU,0
Coronavac,4,2021-04-04,R,0
Coronavac,4,2021-04-05,D1,409
Coronavac,4,2021-04-05,D2,424
Coronavac,4,2021-04-05,DU,0
Coronavac,4,2021-04-05,R,0
Coronavac,4,2021-04-06,D1,454
Coronavac,4,2021-04-06,D2,369
Coronavac,4,2021-04-06,DU,0
Coronavac,4,2021-04-06,R,0
Coronavac,4,2021-04-07,D1,381
Coronavac,4,2021-04-07,D2,311
Coronavac,4,2021-04-07,DU,0
Coronavac,4,2021-04-07,R,0
Coronavac,4,2021-04-08,D1,458
Coronavac,4,2021-04-08,D2,365
Coronavac,4,2021-04-08,DU,0
Coronavac,4,2021-04-08,R,0
Coronavac,4,2021-04-09,D1,404
Coronavac,4,2021-04-09,D2,358
Coronavac,4,2021-04-09,DU,0
Coronavac,4,2021-04-09,R,0
Coronavac,4,2021-04-10,D1,87
Coronavac,4,2021-04-10,D2,61
Coronavac,4,2021-04-10,DU,0
Coronavac,4,2021-04-10,R,0
Coronavac,4,2021-04-11,D1,7
Coronavac,4,2021-04-11,D2,14
Coronavac,4,2021-04-11,DU,0
Coronavac,4,2021-04-11,R,0
Coronavac,4,2021-04-12,D1,248
Coronavac,4,2021-04-12,D2,312
Coronavac,4,2021-04-12,DU,0
Coronavac,4,2021-04-12,R,0
Coronavac,4,2021-04-13,D1,266
Coronavac,4,2021-04-13,D2,335
Coronavac,4,2021-04-13,DU,0
Coronavac,4,2021-04-13,R,0
Coronavac,4,2021-04-14,D1,186
Coronavac,4,2021-04-14,D2,307
Coronavac,4,2021-04-14,DU,0
Coronavac,4,2021-04-14,R,0
Coronavac,4,2021-04-15,D1,254
Coronavac,4,2021-04-15,D2,420
Coronavac,4,2021-04-15,DU,0
Coronavac,4,2021-04-15,R,0
Coronavac,4,2021-04-16,D1,326
Coronavac,4,2021-04-16,D2,390
Coronavac,4,2021-04-16,DU,0
Coronavac,4,2021-04-16,R,0
Coronavac,4,2021-04-17,D1,43
Coronavac,4,2021-04-17,D2,96
Coronavac,4,2021-04-17,DU,0
Coronavac,4,2021-04-17,R,0
Coronavac,4,2021-04-18,D1,15
Coronavac,4,2021-04-18,D2,7
Coronavac,4,2021-04-18,DU,0
Coronavac,4,2021-04-18,R,0
Coronavac,4,2021-04-19,D1,173
Coronavac,4,2021-04-19,D2,364
Coronavac,4,2021-04-19,DU,0
Coronavac,4,2021-04-19,R,0
Coronavac,4,2021-04-20,D1,127
Coronavac,4,2021-04-20,D2,396
Coronavac,4,2021-04-20,DU,0
Coronavac,4,2021-04-20,R,0
Coronavac,4,2021-04-21,D1,14
Coronavac,4,2021-04-21,D2,47
Coronavac,4,2021-04-21,DU,0
Coronavac,4,2021-04-21,R,0
Coronavac,4,2021-04-22,D1,125
Coronavac,4,2021-04-22,D2,486
Coronavac,4,2021-04-22,DU,0
Coronavac,4,2021-04-22,R,0
Coronavac,4,2021-04-23,D1,121
Coronavac,4,2021-04-23,D2,381
Coronavac,4,2021-04-23,DU,0
Coronavac,4,2021-04-23,R,0
Coronavac,4,2021-04-24,D1,31
Coronavac,4,2021-04-24,D2,63
Coronavac,4,2021-04-24,DU,0
Coronavac,4,2021-04-24,R,0
Coronavac,4,2021-04-25,D1,5
Coronavac,4,2021-04-25,D2,5
Coronavac,4,2021-04-25,DU,0
Coronavac,4,2021-04-25,R,0
Coronavac,4,2021-04-26,D1,82
Coronavac,4,2021-04-26,D2,333
Coronavac,4,2021-04-26,DU,0
Coronavac,4,2021-04-26,R,0
Coronavac,4,2021-04-27,D1,79
Coronavac,4,2021-04-27,D2,415
Coronavac,4,2021-04-27,DU,0
Coronavac,4,2021-04-27,R,0
Coronavac,4,2021-04-28,D1,86
Coronavac,4,2021-04-28,D2,487
Coronavac,4,2021-04-28,DU,0
Coronavac,4,2021-04-28,R,0
Coronavac,4,2021-04-29,D1,86
Coronavac,4,2021-04-29,D2,358
Coronavac,4,2021-04-29,DU,0
Coronavac,4,2021-04-29,R,0
Coronavac,4,2021-04-30,D1,111
Coronavac,4,2021-04-30,D2,309
Coronavac,4,2021-04-30,DU,0
Coronavac,4,2021-04-30,R,0
Coronavac,4,2021-05-01,D1,9
Coronavac,4,2021-05-01,D2,24
Coronavac,4,2021-05-01,DU,0
Coronavac,4,2021-05-01,R,0
Coronavac,4,2021-05-02,D1,10
Coronavac,4,2021-05-02,D2,3
Coronavac,4,2021-05-02,DU,0
Coronavac,4,2021-05-02,R,0
Coronavac,4,2021-05-03,D1,45
Coronavac,4,2021-05-03,D2,313
Coronavac,4,2021-05-03,DU,0
Coronavac,4,2021-05-03,R,0
Coronavac,4,2021-05-04,D1,53
Coronavac,4,2021-05-04,D2,277
Coronavac,4,2021-05-04,DU,0
Coronavac,4,2021-05-04,R,0
Coronavac,4,2021-05-05,D1,54
Coronavac,4,2021-05-05,D2,229
Coronavac,4,2021-05-05,DU,0
Coronavac,4,2021-05-05,R,0
Coronavac,4,2021-05-06,D1,40
Coronavac,4,2021-05-06,D2,238
Coronavac,4,2021-05-06,DU,0
Coronavac,4,2021-05-06,R,0
Coronavac,4,2021-05-07,D1,59
Coronavac,4,2021-05-07,D2,204
Coronavac,4,2021-05-07,DU,0
Coronavac,4,2021-05-07,R,0
Coronavac,4,2021-05-08,D1,50
Coronavac,4,2021-05-08,D2,48
Coronavac,4,2021-05-08,DU,0
Coronavac,4,2021-05-08,R,0
Coronavac,4,2021-05-09,D1,3
Coronavac,4,2021-05-09,D2,2
Coronavac,4,2021-05-09,DU,0
Coronavac,4,2021-05-09,R,0
Coronavac,4,2021-05-10,D1,67
Coronavac,4,2021-05-10,D2,215
Coronavac,4,2021-05-10,DU,0
Coronavac,4,2021-05-10,R,0
Coronavac,4,2021-05-11,D1,47
Coronavac,4,2021-05-11,D2,178
Coronavac,4,2021-05-11,DU,0
Coronavac,4,2021-05-11,R,0
Coronavac,4,2021-05-12,D1,49
Coronavac,4,2021-05-12,D2,151
Coronavac,4,2021-05-12,DU,0
Coronavac,4,2021-05-12,R,0
Coronavac,4,2021-05-13,D1,56
Coronavac,4,2021-05-13,D2,131
Coronavac,4,2021-05-13,DU,0
Coronavac,4,2021-05-13,R,0
Coronavac,4,2021-05-14,D1,39
Coronavac,4,2021-05-14,D2,190
Coronavac,4,2021-05-14,DU,0
Coronavac,4,2021-05-14,R,0
Coronavac,4,2021-05-15,D1,43
Coronavac,4,2021-05-15,D2,45
Coronavac,4,2021-05-15,DU,0
Coronavac,4,2021-05-15,R,0
Coronavac,4,2021-05-16,D1,2
Coronavac,4,2021-05-16,D2,3
Coronavac,4,2021-05-16,DU,0
Coronavac,4,2021-05-16,R,0
Coronavac,4,2021-05-17,D1,107
Coronavac,4,2021-05-17,D2,155
Coronavac,4,2021-05-17,DU,0
Coronavac,4,2021-05-17,R,0
Coronavac,4,2021-05-18,D1,188
Coronavac,4,2021-05-18,D2,217
Coronavac,4,2021-05-18,DU,0
Coronavac,4,2021-05-18,R,0
Coronavac,4,2021-05-19,D1,179
Coronavac,4,2021-05-19,D2,124
Coronavac,4,2021-05-19,DU,0
Coronavac,4,2021-05-19,R,0
Coronavac,4,2021-05-20,D1,238
Coronavac,4,2021-05-20,D2,120
Coronavac,4,2021-05-20,DU,0
Coronavac,4,2021-05-20,R,0
Coronavac,4,2021-05-21,D1,270
Coronavac,4,2021-05-21,D2,219
Coronavac,4,2021-05-21,DU,0
Coronavac,4,2021-05-21,R,0
Coronavac,4,2021-05-22,D1,50
Coronavac,4,2021-05-22,D2,56
Coronavac,4,2021-05-22,DU,0
Coronavac,4,2021-05-22,R,0
Coronavac,4,2021-05-23,D1,12
Coronavac,4,2021-05-23,D2,2
Coronavac,4,2021-05-23,DU,0
Coronavac,4,2021-05-23,R,0
Coronavac,4,2021-05-24,D1,197
Coronavac,4,2021-05-24,D2,131
Coronavac,4,2021-05-24,DU,0
Coronavac,4,2021-05-24,R,0
Coronavac,4,2021-05-25,D1,194
Coronavac,4,2021-05-25,D2,113
Coronavac,4,2021-05-25,DU,0
Coronavac,4,2021-05-25,R,0
Coronavac,4,2021-05-26,D1,223
Coronavac,4,2021-05-26,D2,104
Coronavac,4,2021-05-26,DU,0
Coronavac,4,2021-05-26,R,0
Coronavac,4,2021-05-27,D1,279
Coronavac,4,2021-05-27,D2,70
Coronavac,4,2021-05-27,DU,0
Coronavac,4,2021-05-27,R,0
Coronavac,4,2021-05-28,D1,444
Coronavac,4,2021-05-28,D2,81
Coronavac,4,2021-05-28,DU,0
Coronavac,4,2021-05-28,R,0
Coronavac,4,2021-05-29,D1,195
Coronavac,4,2021-05-29,D2,27
Coronavac,4,2021-05-29,DU,0
Coronavac,4,2021-05-29,R,0
Coronavac,4,2021-05-30,D1,7
Coronavac,4,2021-05-30,D2,6
Coronavac,4,2021-05-30,DU,0
Coronavac,4,2021-05-30,R,0
Coronavac,4,2021-05-31,D1,228
Coronavac,4,2021-05-31,D2,57
Coronavac,4,2021-05-31,DU,0
Coronavac,4,2021-05-31,R,0
Coronavac,4,2021-06-01,D1,321
Coronavac,4,2021-06-01,D2,67
Coronavac,4,2021-06-01,DU,0
Coronavac,4,2021-06-01,R,0
Coronavac,4,2021-06-02,D1,388
Coronavac,4,2021-06-02,D2,85
Coronavac,4,2021-06-02,DU,0
Coronavac,4,2021-06-02,R,0
Coronavac,4,2021-06-03,D1,209
Coronavac,4,2021-06-03,D2,29
Coronavac,4,2021-06-03,DU,0
Coronavac,4,2021-06-03,R,0
Coronavac,4,2021-06-04,D1,198
Coronavac,4,2021-06-04,D2,40
Coronavac,4,2021-06-04,DU,0
Coronavac,4,2021-06-04,R,0
Coronavac,4,2021-06-05,D1,249
Coronavac,4,2021-06-05,D2,81
Coronavac,4,2021-06-05,DU,0
Coronavac,4,2021-06-05,R,0
Coronavac,4,2021-06-06,D1,46
Coronavac,4,2021-06-06,D2,2
Coronavac,4,2021-06-06,DU,0
Coronavac,4,2021-06-06,R,0
Coronavac,4,2021-06-07,D1,376
Coronavac,4,2021-06-07,D2,104
Coronavac,4,2021-06-07,DU,0
Coronavac,4,2021-06-07,R,0
Coronavac,4,2021-06-08,D1,519
Coronavac,4,2021-06-08,D2,101
Coronavac,4,2021-06-08,DU,0
Coronavac,4,2021-06-08,R,0
Coronavac,4,2021-06-09,D1,1202
Coronavac,4,2021-06-09,D2,91
Coronavac,4,2021-06-09,DU,0
Coronavac,4,2021-06-09,R,0
Coronavac,4,2021-06-10,D1,2362
Coronavac,4,2021-06-10,D2,99
Coronavac,4,2021-06-10,DU,0
Coronavac,4,2021-06-10,R,0
Coronavac,4,2021-06-11,D1,2400
Coronavac,4,2021-06-11,D2,126
Coronavac,4,2021-06-11,DU,0
Coronavac,4,2021-06-11,R,0
Coronavac,4,2021-06-12,D1,667
Coronavac,4,2021-06-12,D2,27
Coronavac,4,2021-06-12,DU,0
Coronavac,4,2021-06-12,R,0
Coronavac,4,2021-06-13,D1,64
Coronavac,4,2021-06-13,D2,1
Coronavac,4,2021-06-13,DU,0
Coronavac,4,2021-06-13,R,0
Coronavac,4,2021-06-14,D1,1173
Coronavac,4,2021-06-14,D2,135
Coronavac,4,2021-06-14,DU,0
Coronavac,4,2021-06-14,R,0
Coronavac,4,2021-06-15,D1,1073
Coronavac,4,2021-06-15,D2,166
Coronavac,4,2021-06-15,DU,0
Coronavac,4,2021-06-15,R,0
Coronavac,4,2021-06-16,D1,1023
Coronavac,4,2021-06-16,D2,154
Coronavac,4,2021-06-16,DU,0
Coronavac,4,2021-06-16,R,0
Coronavac,4,2021-06-17,D1,1430
Coronavac,4,2021-06-17,D2,208
Coronavac,4,2021-06-17,DU,0
Coronavac,4,2021-06-17,R,0
Coronavac,4,2021-06-18,D1,2213
Coronavac,4,2021-06-18,D2,276
Coronavac,4,2021-06-18,DU,0
Coronavac,4,2021-06-18,R,0
Coronavac,4,2021-06-19,D1,864
Coronavac,4,2021-06-19,D2,97
Coronavac,4,2021-06-19,DU,0
Coronavac,4,2021-06-19,R,0
Coronavac,4,2021-06-20,D1,35
Coronavac,4,2021-06-20,D2,39
Coronavac,4,2021-06-20,DU,0
Coronavac,4,2021-06-20,R,0
Coronavac,4,2021-06-21,D1,820
Coronavac,4,2021-06-21,D2,181
Coronavac,4,2021-06-21,DU,0
Coronavac,4,2021-06-21,R,0
Coronavac,4,2021-06-22,D1,709
Coronavac,4,2021-06-22,D2,140
Coronavac,4,2021-06-22,DU,0
Coronavac,4,2021-06-22,R,0
Coronavac,4,2021-06-23,D1,2380
Coronavac,4,2021-06-23,D2,330
Coronavac,4,2021-06-23,DU,0
Coronavac,4,2021-06-23,R,0
Coronavac,4,2021-06-24,D1,1833
Coronavac,4,2021-06-24,D2,186
Coronavac,4,2021-06-24,DU,0
Coronavac,4,2021-06-24,R,0
Coronavac,4,2021-06-25,D1,1174
Coronavac,4,2021-06-25,D2,287
Coronavac,4,2021-06-25,DU,0
Coronavac,4,2021-06-25,R,0
Coronavac,4,2021-06-26,D1,353
Coronavac,4,2021-06-26,D2,66
Coronavac,4,2021-06-26,DU,0
Coronavac,4,2021-06-26,R,0
Coronavac,4,2021-06-27,D1,26
Coronavac,4,2021-06-27,D2,7
Coronavac,4,2021-06-27,DU,0
Coronavac,4,2021-06-27,R,0
Coronavac,4,2021-06-28,D1,911
Coronavac,4,2021-06-28,D2,362
Coronavac,4,2021-06-28,DU,0
Coronavac,4,2021-06-28,R,0
Coronavac,4,2021-06-29,D1,790
Coronavac,4,2021-06-29,D2,289
Coronavac,4,2021-06-29,DU,0
Coronavac,4,2021-06-29,R,0
Coronavac,4,2021-06-30,D1,754
Coronavac,4,2021-06-30,D2,465
Coronavac,4,2021-06-30,DU,0
Coronavac,4,2021-06-30,R,0
Coronavac,4,2021-07-01,D1,1025
Coronavac,4,2021-07-01,D2,649
Coronavac,4,2021-07-01,DU,0
Coronavac,4,2021-07-01,R,0
Coronavac,4,2021-07-02,D1,728
Coronavac,4,2021-07-02,D2,915
Coronavac,4,2021-07-02,DU,0
Coronavac,4,2021-07-02,R,0
Coronavac,4,2021-07-03,D1,230
Coronavac,4,2021-07-03,D2,323
Coronavac,4,2021-07-03,DU,0
Coronavac,4,2021-07-03,R,0
Coronavac,4,2021-07-04,D1,6
Coronavac,4,2021-07-04,D2,57
Coronavac,4,2021-07-04,DU,0
Coronavac,4,2021-07-04,R,0
Coronavac,4,2021-07-05,D1,621
Coronavac,4,2021-07-05,D2,728
Coronavac,4,2021-07-05,DU,0
Coronavac,4,2021-07-05,R,0
Coronavac,4,2021-07-06,D1,492
Coronavac,4,2021-07-06,D2,654
Coronavac,4,2021-07-06,DU,0
Coronavac,4,2021-07-06,R,0
Coronavac,4,2021-07-07,D1,470
Coronavac,4,2021-07-07,D2,1020
Coronavac,4,2021-07-07,DU,0
Coronavac,4,2021-07-07,R,0
Coronavac,4,2021-07-08,D1,786
Coronavac,4,2021-07-08,D2,2085
Coronavac,4,2021-07-08,DU,0
Coronavac,4,2021-07-08,R,0
Coronavac,4,2021-07-09,D1,129
Coronavac,4,2021-07-09,D2,588
Coronavac,4,2021-07-09,DU,0
Coronavac,4,2021-07-09,R,0
Coronavac,4,2021-07-10,D1,87
Coronavac,4,2021-07-10,D2,196
Coronavac,4,2021-07-10,DU,0
Coronavac,4,2021-07-10,R,0
Coronavac,4,2021-07-11,D1,2
Coronavac,4,2021-07-11,D2,23
Coronavac,4,2021-07-11,DU,0
Coronavac,4,2021-07-11,R,0
Coronavac,4,2021-07-12,D1,444
Coronavac,4,2021-07-12,D2,1230
Coronavac,4,2021-07-12,DU,0
Coronavac,4,2021-07-12,R,0
Coronavac,4,2021-07-13,D1,515
Coronavac,4,2021-07-13,D2,1088
Coronavac,4,2021-07-13,DU,0
Coronavac,4,2021-07-13,R,0
Coronavac,4,2021-07-14,D1,504
Coronavac,4,2021-07-14,D2,1041
Coronavac,4,2021-07-14,DU,0
Coronavac,4,2021-07-14,R,0
Coronavac,4,2021-07-15,D1,540
Coronavac,4,2021-07-15,D2,1188
Coronavac,4,2021-07-15,DU,0
Coronavac,4,2021-07-15,R,0
Coronavac,4,2021-07-16,D1,1556
Coronavac,4,2021-07-16,D2,1609
Coronavac,4,2021-07-16,DU,0
Coronavac,4,2021-07-16,R,0
Coronavac,4,2021-07-17,D1,2036
Coronavac,4,2021-07-17,D2,733
Coronavac,4,2021-07-17,DU,0
Coronavac,4,2021-07-17,R,0
Coronavac,4,2021-07-18,D1,114
Coronavac,4,2021-07-18,D2,18
Coronavac,4,2021-07-18,DU,0
Coronavac,4,2021-07-18,R,0
Coronavac,4,2021-07-19,D1,3370
Coronavac,4,2021-07-19,D2,1122
Coronavac,4,2021-07-19,DU,0
Coronavac,4,2021-07-19,R,0
Coronavac,4,2021-07-20,D1,4522
Coronavac,4,2021-07-20,D2,1029
Coronavac,4,2021-07-20,DU,0
Coronavac,4,2021-07-20,R,0
Coronavac,4,2021-07-21,D1,5782
Coronavac,4,2021-07-21,D2,1740
Coronavac,4,2021-07-21,DU,0
Coronavac,4,2021-07-21,R,0
Coronavac,4,2021-07-22,D1,7451
Coronavac,4,2021-07-22,D2,1443
Coronavac,4,2021-07-22,DU,0
Coronavac,4,2021-07-22,R,0
Coronavac,4,2021-07-23,D1,8425
Coronavac,4,2021-07-23,D2,1138
Coronavac,4,2021-07-23,DU,0
Coronavac,4,2021-07-23,R,0
Coronavac,4,2021-07-24,D1,3624
Coronavac,4,2021-07-24,D2,289
Coronavac,4,2021-07-24,DU,0
Coronavac,4,2021-07-24,R,0
Coronavac,4,2021-07-25,D1,342
Coronavac,4,2021-07-25,D2,24
Coronavac,4,2021-07-25,DU,0
Coronavac,4,2021-07-25,R,0
Coronavac,4,2021-07-26,D1,7275
Coronavac,4,2021-07-26,D2,852
Coronavac,4,2021-07-26,DU,0
Coronavac,4,2021-07-26,R,0
Coronavac,4,2021-07-27,D1,8564
Coronavac,4,2021-07-27,D2,889
Coronavac,4,2021-07-27,DU,0
Coronavac,4,2021-07-27,R,0
Coronavac,4,2021-07-28,D1,10526
Coronavac,4,2021-07-28,D2,603
Coronavac,4,2021-07-28,DU,0
Coronavac,4,2021-07-28,R,0
Coronavac,4,2021-07-29,D1,14742
Coronavac,4,2021-07-29,D2,915
Coronavac,4,2021-07-29,DU,0
Coronavac,4,2021-07-29,R,1
Coronavac,4,2021-07-30,D1,35535
Coronavac,4,2021-07-30,D2,609
Coronavac,4,2021-07-30,DU,0
Coronavac,4,2021-07-30,R,0
Coronavac,4,2021-07-31,D1,14895
Coronavac,4,2021-07-31,D2,219
Coronavac,4,2021-07-31,DU,0
Coronavac,4,2021-07-31,R,0
Coronavac,4,2021-08-01,D1,3542
Coronavac,4,2021-08-01,D2,7
Coronavac,4,2021-08-01,DU,0
Coronavac,4,2021-08-01,R,0
Coronavac,4,2021-08-02,D1,38460
Coronavac,4,2021-08-02,D2,661
Coronavac,4,2021-08-02,DU,0
Coronavac,4,2021-08-02,R,0
Coronavac,4,2021-08-03,D1,47284
Coronavac,4,2021-08-03,D2,532
Coronavac,4,2021-08-03,DU,0
Coronavac,4,2021-08-03,R,0
Coronavac,4,2021-08-04,D1,55944
Coronavac,4,2021-08-04,D2,594
Coronavac,4,2021-08-04,DU,0
Coronavac,4,2021-08-04,R,0
Coronavac,4,2021-08-05,D1,55972
Coronavac,4,2021-08-05,D2,692
Coronavac,4,2021-08-05,DU,0
Coronavac,4,2021-08-05,R,0
Coronavac,4,2021-08-06,D1,35705
Coronavac,4,2021-08-06,D2,373
Coronavac,4,2021-08-06,DU,0
Coronavac,4,2021-08-06,R,0
Coronavac,4,2021-08-07,D1,14243
Coronavac,4,2021-08-07,D2,142
Coronavac,4,2021-08-07,DU,0
Coronavac,4,2021-08-07,R,0
Coronavac,4,2021-08-08,D1,278
Coronavac,4,2021-08-08,D2,2
Coronavac,4,2021-08-08,DU,0
Coronavac,4,2021-08-08,R,0
Coronavac,4,2021-08-09,D1,28172
Coronavac,4,2021-08-09,D2,598
Coronavac,4,2021-08-09,DU,0
Coronavac,4,2021-08-09,R,0
Coronavac,4,2021-08-10,D1,73873
Coronavac,4,2021-08-10,D2,780
Coronavac,4,2021-08-10,DU,0
Coronavac,4,2021-08-10,R,2
Coronavac,4,2021-08-11,D1,60546
Coronavac,4,2021-08-11,D2,672
Coronavac,4,2021-08-11,DU,0
Coronavac,4,2021-08-11,R,1
Coronavac,4,2021-08-12,D1,54662
Coronavac,4,2021-08-12,D2,827
Coronavac,4,2021-08-12,DU,0
Coronavac,4,2021-08-12,R,0
Coronavac,4,2021-08-13,D1,19893
Coronavac,4,2021-08-13,D2,1501
Coronavac,4,2021-08-13,DU,0
Coronavac,4,2021-08-13,R,0
Coronavac,4,2021-08-14,D1,15263
Coronavac,4,2021-08-14,D2,790
Coronavac,4,2021-08-14,DU,0
Coronavac,4,2021-08-14,R,0
Coronavac,4,2021-08-15,D1,7084
Coronavac,4,2021-08-15,D2,165
Coronavac,4,2021-08-15,DU,0
Coronavac,4,2021-08-15,R,0
Coronavac,4,2021-08-16,D1,33137
Coronavac,4,2021-08-16,D2,2715
Coronavac,4,2021-08-16,DU,0
Coronavac,4,2021-08-16,R,0
Coronavac,4,2021-08-17,D1,18213
Coronavac,4,2021-08-17,D2,3785
Coronavac,4,2021-08-17,DU,0
Coronavac,4,2021-08-17,R,1
Coronavac,4,2021-08-18,D1,10122
Coronavac,4,2021-08-18,D2,5375
Coronavac,4,2021-08-18,DU,0
Coronavac,4,2021-08-18,R,0
Coronavac,4,2021-08-19,D1,10118
Coronavac,4,2021-08-19,D2,6834
Coronavac,4,2021-08-19,DU,0
Coronavac,4,2021-08-19,R,0
Coronavac,4,2021-08-20,D1,8174
Coronavac,4,2021-08-20,D2,8665
Coronavac,4,2021-08-20,DU,0
Coronavac,4,2021-08-20,R,0
Coronavac,4,2021-08-21,D1,6588
Coronavac,4,2021-08-21,D2,2555
Coronavac,4,2021-08-21,DU,0
Coronavac,4,2021-08-21,R,0
Coronavac,4,2021-08-22,D1,495
Coronavac,4,2021-08-22,D2,746
Coronavac,4,2021-08-22,DU,0
Coronavac,4,2021-08-22,R,0
Coronavac,4,2021-08-23,D1,11917
Coronavac,4,2021-08-23,D2,10079
Coronavac,4,2021-08-23,DU,0
Coronavac,4,2021-08-23,R,0
Coronavac,4,2021-08-24,D1,9220
Coronavac,4,2021-08-24,D2,12596
Coronavac,4,2021-08-24,DU,0
Coronavac,4,2021-08-24,R,1
Coronavac,4,2021-08-25,D1,4906
Coronavac,4,2021-08-25,D2,13441
Coronavac,4,2021-08-25,DU,0
Coronavac,4,2021-08-25,R,0
Coronavac,4,2021-08-26,D1,3987
Coronavac,4,2021-08-26,D2,13960
Coronavac,4,2021-08-26,DU,0
Coronavac,4,2021-08-26,R,2
Coronavac,4,2021-08-27,D1,4746
Coronavac,4,2021-08-27,D2,29960
Coronavac,4,2021-08-27,DU,0
Coronavac,4,2021-08-27,R,0
Coronavac,4,2021-08-28,D1,3108
Coronavac,4,2021-08-28,D2,9122
Coronavac,4,2021-08-28,DU,0
Coronavac,4,2021-08-28,R,0
Coronavac,4,2021-08-29,D1,99
Coronavac,4,2021-08-29,D2,1134
Coronavac,4,2021-08-29,DU,0
Coronavac,4,2021-08-29,R,0
Coronavac,4,2021-08-30,D1,2656
Coronavac,4,2021-08-30,D2,29004
Coronavac,4,2021-08-30,DU,0
Coronavac,4,2021-08-30,R,1
Coronavac,4,2021-08-31,D1,2167
Coronavac,4,2021-08-31,D2,32550
Coronavac,4,2021-08-31,DU,0
Coronavac,4,2021-08-31,R,29
Coronavac,4,2021-09-01,D1,2183
Coronavac,4,2021-09-01,D2,36027
Coronavac,4,2021-09-01,DU,0
Coronavac,4,2021-09-01,R,14
Coronavac,4,2021-09-02,D1,1975
Coronavac,4,2021-09-02,D2,45668
Coronavac,4,2021-09-02,DU,0
Coronavac,4,2021-09-02,R,1
Coronavac,4,2021-09-03,D1,1757
Coronavac,4,2021-09-03,D2,33378
Coronavac,4,2021-09-03,DU,0
Coronavac,4,2021-09-03,R,2
Coronavac,4,2021-09-04,D1,748
Coronavac,4,2021-09-04,D2,10511
Coronavac,4,2021-09-04,DU,0
Coronavac,4,2021-09-04,R,0
Coronavac,4,2021-09-05,D1,75
Coronavac,4,2021-09-05,D2,635
Coronavac,4,2021-09-05,DU,0
Coronavac,4,2021-09-05,R,0
Coronavac,4,2021-09-06,D1,1975
Coronavac,4,2021-09-06,D2,10320
Coronavac,4,2021-09-06,DU,0
Coronavac,4,2021-09-06,R,48
Coronavac,4,2021-09-07,D1,348
Coronavac,4,2021-09-07,D2,4299
Coronavac,4,2021-09-07,DU,0
Coronavac,4,2021-09-07,R,0
Coronavac,4,2021-09-08,D1,3455
Coronavac,4,2021-09-08,D2,54381
Coronavac,4,2021-09-08,DU,0
Coronavac,4,2021-09-08,R,15
Coronavac,4,2021-09-09,D1,3265
Coronavac,4,2021-09-09,D2,55537
Coronavac,4,2021-09-09,DU,0
Coronavac,4,2021-09-09,R,19
Coronavac,4,2021-09-10,D1,3145
Coronavac,4,2021-09-10,D2,35163
Coronavac,4,2021-09-10,DU,0
Coronavac,4,2021-09-10,R,13
Coronavac,4,2021-09-11,D1,1251
Coronavac,4,2021-09-11,D2,17049
Coronavac,4,2021-09-11,DU,0
Coronavac,4,2021-09-11,R,2
Coronavac,4,2021-09-12,D1,46
Coronavac,4,2021-09-12,D2,1532
Coronavac,4,2021-09-12,DU,0
Coronavac,4,2021-09-12,R,0
Coronavac,4,2021-09-13,D1,3611
Coronavac,4,2021-09-13,D2,30168
Coronavac,4,2021-09-13,DU,0
Coronavac,4,2021-09-13,R,12
Coronavac,4,2021-09-14,D1,2574
Coronavac,4,2021-09-14,D2,24569
Coronavac,4,2021-09-14,DU,0
Coronavac,4,2021-09-14,R,9
Coronavac,4,2021-09-15,D1,2592
Coronavac,4,2021-09-15,D2,17223
Coronavac,4,2021-09-15,DU,0
Coronavac,4,2021-09-15,R,4
Coronavac,4,2021-09-16,D1,2696
Coronavac,4,2021-09-16,D2,16004
Coronavac,4,2021-09-16,DU,0
Coronavac,4,2021-09-16,R,2
Coronavac,4,2021-09-17,D1,2828
Coronavac,4,2021-09-17,D2,11834
Coronavac,4,2021-09-17,DU,0
Coronavac,4,2021-09-17,R,6
Coronavac,4,2021-09-18,D1,1321
Coronavac,4,2021-09-18,D2,5191
Coronavac,4,2021-09-18,DU,0
Coronavac,4,2021-09-18,R,1
Coronavac,4,2021-09-19,D1,48
Coronavac,4,2021-09-19,D2,171
Coronavac,4,2021-09-19,DU,0
Coronavac,4,2021-09-19,R,0
Coronavac,4,2021-09-20,D1,2716
Coronavac,4,2021-09-20,D2,11569
Coronavac,4,2021-09-20,DU,0
Coronavac,4,2021-09-20,R,4
Coronavac,4,2021-09-21,D1,2198
Coronavac,4,2021-09-21,D2,9461
Coronavac,4,2021-09-21,DU,0
Coronavac,4,2021-09-21,R,7
Coronavac,4,2021-09-22,D1,2410
Coronavac,4,2021-09-22,D2,7836
Coronavac,4,2021-09-22,DU,0
Coronavac,4,2021-09-22,R,17
Coronavac,4,2021-09-23,D1,2884
Coronavac,4,2021-09-23,D2,6884
Coronavac,4,2021-09-23,DU,0
Coronavac,4,2021-09-23,R,35
Coronavac,4,2021-09-24,D1,3501
Coronavac,4,2021-09-24,D2,6547
Coronavac,4,2021-09-24,DU,0
Coronavac,4,2021-09-24,R,25
Coronavac,4,2021-09-25,D1,2164
Coronavac,4,2021-09-25,D2,2535
Coronavac,4,2021-09-25,DU,0
Coronavac,4,2021-09-25,R,5
Coronavac,4,2021-09-26,D1,126
Coronavac,4,2021-09-26,D2,58
Coronavac,4,2021-09-26,DU,0
Coronavac,4,2021-09-26,R,0
Coronavac,4,2021-09-27,D1,3965
Coronavac,4,2021-09-27,D2,5798
Coronavac,4,2021-09-27,DU,0
Coronavac,4,2021-09-27,R,20
Coronavac,4,2021-09-28,D1,3295
Coronavac,4,2021-09-28,D2,5099
Coronavac,4,2021-09-28,DU,0
Coronavac,4,2021-09-28,R,31
Coronavac,4,2021-09-29,D1,2662
Coronavac,4,2021-09-29,D2,4426
Coronavac,4,2021-09-29,DU,0
Coronavac,4,2021-09-29,R,40
Coronavac,4,2021-09-30,D1,3743
Coronavac,4,2021-09-30,D2,4477
Coronavac,4,2021-09-30,DU,0
Coronavac,4,2021-09-30,R,38
Coronavac,4,2021-10-01,D1,1996
Coronavac,4,2021-10-01,D2,2832
Coronavac,4,2021-10-01,DU,0
Coronavac,4,2021-10-01,R,39
Coronavac,4,2021-10-02,D1,3458
Coronavac,4,2021-10-02,D2,3409
Coronavac,4,2021-10-02,DU,0
Coronavac,4,2021-10-02,R,32
Coronavac,4,2021-10-03,D1,129
Coronavac,4,2021-10-03,D2,57
Coronavac,4,2021-10-03,DU,0
Coronavac,4,2021-10-03,R,1
Coronavac,4,2021-10-04,D1,2234
Coronavac,4,2021-10-04,D2,3328
Coronavac,4,2021-10-04,DU,0
Coronavac,4,2021-10-04,R,92
Coronavac,4,2021-10-05,D1,2107
Coronavac,4,2021-10-05,D2,3119
Coronavac,4,2021-10-05,DU,0
Coronavac,4,2021-10-05,R,108
Coronavac,4,2021-10-06,D1,1677
Coronavac,4,2021-10-06,D2,3255
Coronavac,4,2021-10-06,DU,0
Coronavac,4,2021-10-06,R,62
Coronavac,4,2021-10-07,D1,1053
Coronavac,4,2021-10-07,D2,3611
Coronavac,4,2021-10-07,DU,0
Coronavac,4,2021-10-07,R,63
Coronavac,4,2021-10-08,D1,1101
Coronavac,4,2021-10-08,D2,3137
Coronavac,4,2021-10-08,DU,0
Coronavac,4,2021-10-08,R,84
Coronavac,4,2021-10-09,D1,158
Coronavac,4,2021-10-09,D2,682
Coronavac,4,2021-10-09,DU,0
Coronavac,4,2021-10-09,R,15
Coronavac,4,2021-10-10,D1,11
Coronavac,4,2021-10-10,D2,165
Coronavac,4,2021-10-10,DU,0
Coronavac,4,2021-10-10,R,1
Coronavac,4,2021-10-11,D1,154
Coronavac,4,2021-10-11,D2,495
Coronavac,4,2021-10-11,DU,0
Coronavac,4,2021-10-11,R,9
Coronavac,4,2021-10-12,D1,37
Coronavac,4,2021-10-12,D2,261
Coronavac,4,2021-10-12,DU,0
Coronavac,4,2021-10-12,R,1
Coronavac,4,2021-10-13,D1,978
Coronavac,4,2021-10-13,D2,3891
Coronavac,4,2021-10-13,DU,0
Coronavac,4,2021-10-13,R,39
Coronavac,4,2021-10-14,D1,920
Coronavac,4,2021-10-14,D2,3056
Coronavac,4,2021-10-14,DU,0
Coronavac,4,2021-10-14,R,57
Coronavac,4,2021-10-15,D1,921
Coronavac,4,2021-10-15,D2,2822
Coronavac,4,2021-10-15,DU,0
Coronavac,4,2021-10-15,R,84
Coronavac,4,2021-10-16,D1,935
Coronavac,4,2021-10-16,D2,1863
Coronavac,4,2021-10-16,DU,0
Coronavac,4,2021-10-16,R,38
Coronavac,4,2021-10-17,D1,59
Coronavac,4,2021-10-17,D2,37
Coronavac,4,2021-10-17,DU,0
Coronavac,4,2021-10-17,R,0
Coronavac,4,2021-10-18,D1,702
Coronavac,4,2021-10-18,D2,2637
Coronavac,4,2021-10-18,DU,0
Coronavac,4,2021-10-18,R,39
Coronavac,4,2021-10-19,D1,958
Coronavac,4,2021-10-19,D2,2223
Coronavac,4,2021-10-19,DU,0
Coronavac,4,2021-10-19,R,53
Coronavac,4,2021-10-20,D1,591
Coronavac,4,2021-10-20,D2,2591
Coronavac,4,2021-10-20,DU,0
Coronavac,4,2021-10-20,R,42
Coronavac,4,2021-10-21,D1,628
Coronavac,4,2021-10-21,D2,2923
Coronavac,4,2021-10-21,DU,0
Coronavac,4,2021-10-21,R,46
Coronavac,4,2021-10-22,D1,672
Coronavac,4,2021-10-22,D2,3644
Coronavac,4,2021-10-22,DU,0
Coronavac,4,2021-10-22,R,35
Coronavac,4,2021-10-23,D1,494
Coronavac,4,2021-10-23,D2,1211
Coronavac,4,2021-10-23,DU,0
Coronavac,4,2021-10-23,R,13
Coronavac,4,2021-10-24,D1,46
Coronavac,4,2021-10-24,D2,45
Coronavac,4,2021-10-24,DU,0
Coronavac,4,2021-10-24,R,0
Coronavac,4,2021-10-25,D1,549
Coronavac,4,2021-10-25,D2,3691
Coronavac,4,2021-10-25,DU,0
Coronavac,4,2021-10-25,R,44
Coronavac,4,2021-10-26,D1,747
Coronavac,4,2021-10-26,D2,3407
Coronavac,4,2021-10-26,DU,0
Coronavac,4,2021-10-26,R,42
Coronavac,4,2021-10-27,D1,782
Coronavac,4,2021-10-27,D2,3598
Coronavac,4,2021-10-27,DU,0
Coronavac,4,2021-10-27,R,43
Coronavac,4,2021-10-28,D1,1072
Coronavac,4,2021-10-28,D2,3536
Coronavac,4,2021-10-28,DU,0
Coronavac,4,2021-10-28,R,43
Coronavac,4,2021-10-29,D1,389
Coronavac,4,2021-10-29,D2,1572
Coronavac,4,2021-10-29,DU,0
Coronavac,4,2021-10-29,R,25
Coronavac,4,2021-10-30,D1,468
Coronavac,4,2021-10-30,D2,760
Coronavac,4,2021-10-30,DU,0
Coronavac,4,2021-10-30,R,4
Coronavac,4,2021-10-31,D1,22
Coronavac,4,2021-10-31,D2,69
Coronavac,4,2021-10-31,DU,0
Coronavac,4,2021-10-31,R,0
Coronavac,4,2021-11-01,D1,41
Coronavac,4,2021-11-01,D2,218
Coronavac,4,2021-11-01,DU,0
Coronavac,4,2021-11-01,R,6
Coronavac,4,2021-11-02,D1,167
Coronavac,4,2021-11-02,D2,110
Coronavac,4,2021-11-02,DU,0
Coronavac,4,2021-11-02,R,4
Coronavac,4,2021-11-03,D1,938
Coronavac,4,2021-11-03,D2,2496
Coronavac,4,2021-11-03,DU,0
Coronavac,4,2021-11-03,R,44
Coronavac,4,2021-11-04,D1,1173
Coronavac,4,2021-11-04,D2,1966
Coronavac,4,2021-11-04,DU,0
Coronavac,4,2021-11-04,R,39
Coronavac,4,2021-11-05,D1,1241
Coronavac,4,2021-11-05,D2,1775
Coronavac,4,2021-11-05,DU,0
Coronavac,4,2021-11-05,R,45
Coronavac,4,2021-11-06,D1,372
Coronavac,4,2021-11-06,D2,669
Coronavac,4,2021-11-06,DU,0
Coronavac,4,2021-11-06,R,9
Coronavac,4,2021-11-07,D1,4
Coronavac,4,2021-11-07,D2,74
Coronavac,4,2021-11-07,DU,0
Coronavac,4,2021-11-07,R,0
Coronavac,4,2021-11-08,D1,417
Coronavac,4,2021-11-08,D2,1423
Coronavac,4,2021-11-08,DU,0
Coronavac,4,2021-11-08,R,35
Coronavac,4,2021-11-09,D1,438
Coronavac,4,2021-11-09,D2,1345
Coronavac,4,2021-11-09,DU,0
Coronavac,4,2021-11-09,R,26
Coronavac,4,2021-11-10,D1,427
Coronavac,4,2021-11-10,D2,1122
Coronavac,4,2021-11-10,DU,0
Coronavac,4,2021-11-10,R,29
Coronavac,4,2021-11-11,D1,414
Coronavac,4,2021-11-11,D2,1917
Coronavac,4,2021-11-11,DU,0
Coronavac,4,2021-11-11,R,47
Coronavac,4,2021-11-12,D1,317
Coronavac,4,2021-11-12,D2,1522
Coronavac,4,2021-11-12,DU,0
Coronavac,4,2021-11-12,R,37
Coronavac,4,2021-11-13,D1,62
Coronavac,4,2021-11-13,D2,674
Coronavac,4,2021-11-13,DU,0
Coronavac,4,2021-11-13,R,8
Coronavac,4,2021-11-14,D1,3
Coronavac,4,2021-11-14,D2,20
Coronavac,4,2021-11-14,DU,0
Coronavac,4,2021-11-14,R,0
Coronavac,4,2021-11-15,D1,8
Coronavac,4,2021-11-15,D2,86
Coronavac,4,2021-11-15,DU,0
Coronavac,4,2021-11-15,R,2
Coronavac,4,2021-11-16,D1,251
Coronavac,4,2021-11-16,D2,1108
Coronavac,4,2021-11-16,DU,0
Coronavac,4,2021-11-16,R,34
Coronavac,4,2021-11-17,D1,344
Coronavac,4,2021-11-17,D2,1167
Coronavac,4,2021-11-17,DU,0
Coronavac,4,2021-11-17,R,51
Coronavac,4,2021-11-18,D1,210
Coronavac,4,2021-11-18,D2,14
Coronavac,4,2021-11-18,DU,0
Coronavac,4,2021-11-18,R,74
Coronavac,4,2021-11-19,D1,2
Coronavac,4,2021-11-19,D2,5
Coronavac,4,2021-11-19,DU,0
Coronavac,4,2021-11-19,R,0
Coronavac,4,2021-11-20,D1,115
Coronavac,4,2021-11-20,D2,7
Coronavac,4,2021-11-20,DU,0
Coronavac,4,2021-11-20,R,21
Coronavac,4,2021-11-21,D1,2
Coronavac,4,2021-11-21,D2,0
Coronavac,4,2021-11-21,DU,0
Coronavac,4,2021-11-21,R,0
Coronavac,4,2021-11-22,D1,9
Coronavac,4,2021-11-22,D2,5
Coronavac,4,2021-11-22,DU,0
Coronavac,4,2021-11-22,R,4
Coronavac,4,2021-11-23,D1,33
Coronavac,4,2021-11-23,D2,1149
Coronavac,4,2021-11-23,DU,0
Coronavac,4,2021-11-23,R,20
Coronavac,4,2021-11-24,D1,9
Coronavac,4,2021-11-24,D2,5
Coronavac,4,2021-11-24,DU,0
Coronavac,4,2021-11-24,R,17
Coronavac,4,2021-11-25,D1,5
Coronavac,4,2021-11-25,D2,3
Coronavac,4,2021-11-25,DU,0
Coronavac,4,2021-11-25,R,6
Coronavac,4,2021-11-26,D1,4
Coronavac,4,2021-11-26,D2,970
Coronavac,4,2021-11-26,DU,0
Coronavac,4,2021-11-26,R,3
Coronavac,4,2021-11-27,D1,0
Coronavac,4,2021-11-27,D2,0
Coronavac,4,2021-11-27,DU,0
Coronavac,4,2021-11-27,R,27
Coronavac,4,2021-11-28,D1,0
Coronavac,4,2021-11-28,D2,0
Coronavac,4,2021-11-28,DU,0
Coronavac,4,2021-11-28,R,51
Coronavac,4,2021-11-29,D1,2
Coronavac,4,2021-11-29,D2,8
Coronavac,4,2021-11-29,DU,0
Coronavac,4,2021-11-29,R,1
Coronavac,4,2021-11-30,D1,1
Coronavac,4,2021-11-30,D2,6
Coronavac,4,2021-11-30,DU,0
Coronavac,4,2021-11-30,R,2
Coronavac,4,2021-12-01,D1,3
Coronavac,4,2021-12-01,D2,8
Coronavac,4,2021-12-01,DU,0
Coronavac,4,2021-12-01,R,0
Coronavac,4,2021-12-02,D1,3
Coronavac,4,2021-12-02,D2,1466
Coronavac,4,2021-12-02,DU,0
Coronavac,4,2021-12-02,R,0
Coronavac,4,2021-12-03,D1,1
Coronavac,4,2021-12-03,D2,7
Coronavac,4,2021-12-03,DU,0
Coronavac,4,2021-12-03,R,0
Coronavac,4,2021-12-04,D1,64
Coronavac,4,2021-12-04,D2,6
Coronavac,4,2021-12-04,DU,0
Coronavac,4,2021-12-04,R,109
Coronavac,4,2021-12-05,D1,4
Coronavac,4,2021-12-05,D2,20
Coronavac,4,2021-12-05,DU,0
Coronavac,4,2021-12-05,R,41
Coronavac,4,2021-12-06,D1,3
Coronavac,4,2021-12-06,D2,8
Coronavac,4,2021-12-06,DU,0
Coronavac,4,2021-12-06,R,0
Coronavac,4,2021-12-07,D1,304
Coronavac,4,2021-12-07,D2,124
Coronavac,4,2021-12-07,DU,0
Coronavac,4,2021-12-07,R,285
Coronavac,4,2021-12-08,D1,3
Coronavac,4,2021-12-08,D2,1
Coronavac,4,2021-12-08,DU,0
Coronavac,4,2021-12-08,R,2
Coronavac,4,2021-12-09,D1,0
Coronavac,4,2021-12-09,D2,0
Coronavac,4,2021-12-09,DU,0
Coronavac,4,2021-12-09,R,4
Coronavac,4,2021-12-10,D1,0
Coronavac,4,2021-12-10,D2,1
Coronavac,4,2021-12-10,DU,0
Coronavac,4,2021-12-10,R,2
Coronavac,4,2021-12-11,D1,1
Coronavac,4,2021-12-11,D2,0
Coronavac,4,2021-12-11,DU,0
Coronavac,4,2021-12-11,R,0
Coronavac,4,2021-12-13,D1,0
Coronavac,4,2021-12-13,D2,0
Coronavac,4,2021-12-13,DU,0
Coronavac,4,2021-12-13,R,3
Coronavac,4,2021-12-14,D1,209
Coronavac,4,2021-12-14,D2,32
Coronavac,4,2021-12-14,DU,0
Coronavac,4,2021-12-14,R,207
Coronavac,4,2021-12-15,D1,0
Coronavac,4,2021-12-15,D2,2
Coronavac,4,2021-12-15,DU,0
Coronavac,4,2021-12-15,R,0
Coronavac,4,2021-12-16,D1,0
Coronavac,4,2021-12-16,D2,2
Coronavac,4,2021-12-16,DU,0
Coronavac,4,2021-12-16,R,0
Coronavac,4,2021-12-17,D1,112
Coronavac,4,2021-12-17,D2,551
Coronavac,4,2021-12-17,DU,0
Coronavac,4,2021-12-17,R,103
Coronavac,4,2021-12-19,D1,2
Coronavac,4,2021-12-19,D2,11
Coronavac,4,2021-12-19,DU,0
Coronavac,4,2021-12-19,R,9
Coronavac,4,2021-12-20,D1,39
Coronavac,4,2021-12-20,D2,165
Coronavac,4,2021-12-20,DU,0
Coronavac,4,2021-12-20,R,82
Coronavac,4,2021-12-21,D1,0
Coronavac,4,2021-12-21,D2,4
Coronavac,4,2021-12-21,DU,0
Coronavac,4,2021-12-21,R,0
Coronavac,4,2021-12-22,D1,0
Coronavac,4,2021-12-22,D2,2
Coronavac,4,2021-12-22,DU,0
Coronavac,4,2021-12-22,R,0
Coronavac,4,2021-12-23,D1,39
Coronavac,4,2021-12-23,D2,140
Coronavac,4,2021-12-23,DU,0
Coronavac,4,2021-12-23,R,65
Coronavac,4,2021-12-26,D1,0
Coronavac,4,2021-12-26,D2,3
Coronavac,4,2021-12-26,DU,0
Coronavac,4,2021-12-26,R,1
Coronavac,4,2021-12-27,D1,97
Coronavac,4,2021-12-27,D2,402
Coronavac,4,2021-12-27,DU,0
Coronavac,4,2021-12-27,R,401
Coronavac,4,2021-12-28,D1,89
Coronavac,4,2021-12-28,D2,407
Coronavac,4,2021-12-28,DU,0
Coronavac,4,2021-12-28,R,298
Coronavac,4,2021-12-29,D1,0
Coronavac,4,2021-12-29,D2,2
Coronavac,4,2021-12-29,DU,0
Coronavac,4,2021-12-29,R,0
Coronavac,4,2022-01-03,D1,75
Coronavac,4,2022-01-03,D2,234
Coronavac,4,2022-01-03,DU,0
Coronavac,4,2022-01-03,R,357
Coronavac,4,2022-01-04,D1,118
Coronavac,4,2022-01-04,D2,435
Coronavac,4,2022-01-04,DU,0
Coronavac,4,2022-01-04,R,813
Coronavac,4,2022-01-05,D1,0
Coronavac,4,2022-01-05,D2,8
Coronavac,4,2022-01-05,DU,0
Coronavac,4,2022-01-05,R,14
Coronavac,4,2022-01-06,D1,0
Coronavac,4,2022-01-06,D2,2
Coronavac,4,2022-01-06,DU,0
Coronavac,4,2022-01-06,R,2
Coronavac,4,2022-01-07,D1,0
Coronavac,4,2022-01-07,D2,2
Coronavac,4,2022-01-07,DU,0
Coronavac,4,2022-01-07,R,1
Coronavac,4,2022-01-08,D1,1
Coronavac,4,2022-01-08,D2,12
Coronavac,4,2022-01-08,DU,0
Coronavac,4,2022-01-08,R,42
Coronavac,4,2022-01-10,D1,172
Coronavac,4,2022-01-10,D2,534
Coronavac,4,2022-01-10,DU,0
Coronavac,4,2022-01-10,R,1570
Coronavac,4,2022-01-11,D1,139
Coronavac,4,2022-01-11,D2,516
Coronavac,4,2022-01-11,DU,0
Coronavac,4,2022-01-11,R,1670
Coronavac,4,2022-01-12,D1,0
Coronavac,4,2022-01-12,D2,7
Coronavac,4,2022-01-12,DU,0
Coronavac,4,2022-01-12,R,0
Coronavac,4,2022-01-13,D1,155
Coronavac,4,2022-01-13,D2,519
Coronavac,4,2022-01-13,DU,0
Coronavac,4,2022-01-13,R,825
Coronavac,4,2022-01-14,D1,7
Coronavac,4,2022-01-14,D2,38
Coronavac,4,2022-01-14,DU,0
Coronavac,4,2022-01-14,R,24
Coronavac,5,2021-01-18,D1,102
Coronavac,5,2021-01-18,D2,2
Coronavac,5,2021-01-18,DU,0
Coronavac,5,2021-01-18,R,0
Coronavac,5,2021-01-19,D1,816
Coronavac,5,2021-01-19,D2,0
Coronavac,5,2021-01-19,DU,0
Coronavac,5,2021-01-19,R,0
Coronavac,5,2021-01-20,D1,2303
Coronavac,5,2021-01-20,D2,1
Coronavac,5,2021-01-20,DU,0
Coronavac,5,2021-01-20,R,0
Coronavac,5,2021-01-21,D1,6929
Coronavac,5,2021-01-21,D2,12
Coronavac,5,2021-01-21,DU,0
Coronavac,5,2021-01-21,R,1
Coronavac,5,2021-01-22,D1,9495
Coronavac,5,2021-01-22,D2,20
Coronavac,5,2021-01-22,DU,0
Coronavac,5,2021-01-22,R,0
Coronavac,5,2021-01-23,D1,2283
Coronavac,5,2021-01-23,D2,7
Coronavac,5,2021-01-23,DU,0
Coronavac,5,2021-01-23,R,1
Coronavac,5,2021-01-24,D1,705
Coronavac,5,2021-01-24,D2,2
Coronavac,5,2021-01-24,DU,0
Coronavac,5,2021-01-24,R,0
Coronavac,5,2021-01-25,D1,3484
Coronavac,5,2021-01-25,D2,9
Coronavac,5,2021-01-25,DU,0
Coronavac,5,2021-01-25,R,0
Coronavac,5,2021-01-26,D1,3735
Coronavac,5,2021-01-26,D2,6
Coronavac,5,2021-01-26,DU,0
Coronavac,5,2021-01-26,R,0
Coronavac,5,2021-01-27,D1,3108
Coronavac,5,2021-01-27,D2,1
Coronavac,5,2021-01-27,DU,0
Coronavac,5,2021-01-27,R,0
Coronavac,5,2021-01-28,D1,3075
Coronavac,5,2021-01-28,D2,5
Coronavac,5,2021-01-28,DU,0
Coronavac,5,2021-01-28,R,1
Coronavac,5,2021-01-29,D1,2483
Coronavac,5,2021-01-29,D2,2
Coronavac,5,2021-01-29,DU,0
Coronavac,5,2021-01-29,R,0
Coronavac,5,2021-01-30,D1,306
Coronavac,5,2021-01-30,D2,0
Coronavac,5,2021-01-30,DU,0
Coronavac,5,2021-01-30,R,0
Coronavac,5,2021-01-31,D1,39
Coronavac,5,2021-01-31,D2,1
Coronavac,5,2021-01-31,DU,0
Coronavac,5,2021-01-31,R,0
Coronavac,5,2021-02-01,D1,1035
Coronavac,5,2021-02-01,D2,2
Coronavac,5,2021-02-01,DU,0
Coronavac,5,2021-02-01,R,0
Coronavac,5,2021-02-02,D1,1236
Coronavac,5,2021-02-02,D2,2
Coronavac,5,2021-02-02,DU,0
Coronavac,5,2021-02-02,R,0
Coronavac,5,2021-02-03,D1,2167
Coronavac,5,2021-02-03,D2,9
Coronavac,5,2021-02-03,DU,0
Coronavac,5,2021-02-03,R,0
Coronavac,5,2021-02-04,D1,4057
Coronavac,5,2021-02-04,D2,13
Coronavac,5,2021-02-04,DU,0
Coronavac,5,2021-02-04,R,0
Coronavac,5,2021-02-05,D1,3265
Coronavac,5,2021-02-05,D2,11
Coronavac,5,2021-02-05,DU,0
Coronavac,5,2021-02-05,R,0
Coronavac,5,2021-02-06,D1,1323
Coronavac,5,2021-02-06,D2,0
Coronavac,5,2021-02-06,DU,0
Coronavac,5,2021-02-06,R,0
Coronavac,5,2021-02-07,D1,453
Coronavac,5,2021-02-07,D2,4
Coronavac,5,2021-02-07,DU,0
Coronavac,5,2021-02-07,R,0
Coronavac,5,2021-02-08,D1,2222
Coronavac,5,2021-02-08,D2,30
Coronavac,5,2021-02-08,DU,0
Coronavac,5,2021-02-08,R,0
Coronavac,5,2021-02-09,D1,1782
Coronavac,5,2021-02-09,D2,109
Coronavac,5,2021-02-09,DU,0
Coronavac,5,2021-02-09,R,0
Coronavac,5,2021-02-10,D1,1509
Coronavac,5,2021-02-10,D2,523
Coronavac,5,2021-02-10,DU,0
Coronavac,5,2021-02-10,R,1
Coronavac,5,2021-02-11,D1,1221
Coronavac,5,2021-02-11,D2,3525
Coronavac,5,2021-02-11,DU,0
Coronavac,5,2021-02-11,R,0
Coronavac,5,2021-02-12,D1,1042
Coronavac,5,2021-02-12,D2,5626
Coronavac,5,2021-02-12,DU,0
Coronavac,5,2021-02-12,R,0
Coronavac,5,2021-02-13,D1,496
Coronavac,5,2021-02-13,D2,989
Coronavac,5,2021-02-13,DU,0
Coronavac,5,2021-02-13,R,0
Coronavac,5,2021-02-14,D1,27
Coronavac,5,2021-02-14,D2,804
Coronavac,5,2021-02-14,DU,0
Coronavac,5,2021-02-14,R,0
Coronavac,5,2021-02-15,D1,502
Coronavac,5,2021-02-15,D2,4857
Coronavac,5,2021-02-15,DU,0
Coronavac,5,2021-02-15,R,1
Coronavac,5,2021-02-16,D1,402
Coronavac,5,2021-02-16,D2,5187
Coronavac,5,2021-02-16,DU,0
Coronavac,5,2021-02-16,R,0
Coronavac,5,2021-02-17,D1,646
Coronavac,5,2021-02-17,D2,4544
Coronavac,5,2021-02-17,DU,0
Coronavac,5,2021-02-17,R,2
Coronavac,5,2021-02-18,D1,756
Coronavac,5,2021-02-18,D2,4625
Coronavac,5,2021-02-18,DU,0
Coronavac,5,2021-02-18,R,0
Coronavac,5,2021-02-19,D1,633
Coronavac,5,2021-02-19,D2,3349
Coronavac,5,2021-02-19,DU,0
Coronavac,5,2021-02-19,R,0
Coronavac,5,2021-02-20,D1,92
Coronavac,5,2021-02-20,D2,247
Coronavac,5,2021-02-20,DU,0
Coronavac,5,2021-02-20,R,0
Coronavac,5,2021-02-21,D1,37
Coronavac,5,2021-02-21,D2,59
Coronavac,5,2021-02-21,DU,0
Coronavac,5,2021-02-21,R,0
Coronavac,5,2021-02-22,D1,388
Coronavac,5,2021-02-22,D2,1761
Coronavac,5,2021-02-22,DU,0
Coronavac,5,2021-02-22,R,0
Coronavac,5,2021-02-23,D1,379
Coronavac,5,2021-02-23,D2,1558
Coronavac,5,2021-02-23,DU,0
Coronavac,5,2021-02-23,R,1
Coronavac,5,2021-02-24,D1,359
Coronavac,5,2021-02-24,D2,1323
Coronavac,5,2021-02-24,DU,0
Coronavac,5,2021-02-24,R,0
Coronavac,5,2021-02-25,D1,268
Coronavac,5,2021-02-25,D2,1215
Coronavac,5,2021-02-25,DU,0
Coronavac,5,2021-02-25,R,0
Coronavac,5,2021-02-26,D1,252
Coronavac,5,2021-02-26,D2,1084
Coronavac,5,2021-02-26,DU,0
Coronavac,5,2021-02-26,R,0
Coronavac,5,2021-02-27,D1,32
Coronavac,5,2021-02-27,D2,182
Coronavac,5,2021-02-27,DU,0
Coronavac,5,2021-02-27,R,0
Coronavac,5,2021-02-28,D1,27
Coronavac,5,2021-02-28,D2,96
Coronavac,5,2021-02-28,DU,0
Coronavac,5,2021-02-28,R,0
Coronavac,5,2021-03-01,D1,154
Coronavac,5,2021-03-01,D2,1564
Coronavac,5,2021-03-01,DU,0
Coronavac,5,2021-03-01,R,0
Coronavac,5,2021-03-02,D1,220
Coronavac,5,2021-03-02,D2,3486
Coronavac,5,2021-03-02,DU,0
Coronavac,5,2021-03-02,R,0
Coronavac,5,2021-03-03,D1,286
Coronavac,5,2021-03-03,D2,3355
Coronavac,5,2021-03-03,DU,0
Coronavac,5,2021-03-03,R,0
Coronavac,5,2021-03-04,D1,268
Coronavac,5,2021-03-04,D2,2675
Coronavac,5,2021-03-04,DU,0
Coronavac,5,2021-03-04,R,0
Coronavac,5,2021-03-05,D1,267
Coronavac,5,2021-03-05,D2,1846
Coronavac,5,2021-03-05,DU,0
Coronavac,5,2021-03-05,R,0
Coronavac,5,2021-03-06,D1,87
Coronavac,5,2021-03-06,D2,698
Coronavac,5,2021-03-06,DU,0
Coronavac,5,2021-03-06,R,0
Coronavac,5,2021-03-07,D1,46
Coronavac,5,2021-03-07,D2,59
Coronavac,5,2021-03-07,DU,0
Coronavac,5,2021-03-07,R,0
Coronavac,5,2021-03-08,D1,344
Coronavac,5,2021-03-08,D2,662
Coronavac,5,2021-03-08,DU,0
Coronavac,5,2021-03-08,R,0
Coronavac,5,2021-03-09,D1,294
Coronavac,5,2021-03-09,D2,630
Coronavac,5,2021-03-09,DU,0
Coronavac,5,2021-03-09,R,0
Coronavac,5,2021-03-10,D1,294
Coronavac,5,2021-03-10,D2,717
Coronavac,5,2021-03-10,DU,0
Coronavac,5,2021-03-10,R,0
Coronavac,5,2021-03-11,D1,383
Coronavac,5,2021-03-11,D2,953
Coronavac,5,2021-03-11,DU,0
Coronavac,5,2021-03-11,R,0
Coronavac,5,2021-03-12,D1,415
Coronavac,5,2021-03-12,D2,785
Coronavac,5,2021-03-12,DU,0
Coronavac,5,2021-03-12,R,0
Coronavac,5,2021-03-13,D1,83
Coronavac,5,2021-03-13,D2,151
Coronavac,5,2021-03-13,DU,0
Coronavac,5,2021-03-13,R,0
Coronavac,5,2021-03-14,D1,64
Coronavac,5,2021-03-14,D2,5
Coronavac,5,2021-03-14,DU,0
Coronavac,5,2021-03-14,R,0
Coronavac,5,2021-03-15,D1,308
Coronavac,5,2021-03-15,D2,454
Coronavac,5,2021-03-15,DU,0
Coronavac,5,2021-03-15,R,0
Coronavac,5,2021-03-16,D1,348
Coronavac,5,2021-03-16,D2,435
Coronavac,5,2021-03-16,DU,0
Coronavac,5,2021-03-16,R,0
Coronavac,5,2021-03-17,D1,379
Coronavac,5,2021-03-17,D2,442
Coronavac,5,2021-03-17,DU,0
Coronavac,5,2021-03-17,R,0
Coronavac,5,2021-03-18,D1,366
Coronavac,5,2021-03-18,D2,471
Coronavac,5,2021-03-18,DU,0
Coronavac,5,2021-03-18,R,0
Coronavac,5,2021-03-19,D1,401
Coronavac,5,2021-03-19,D2,358
Coronavac,5,2021-03-19,DU,0
Coronavac,5,2021-03-19,R,0
Coronavac,5,2021-03-20,D1,93
Coronavac,5,2021-03-20,D2,55
Coronavac,5,2021-03-20,DU,0
Coronavac,5,2021-03-20,R,0
Coronavac,5,2021-03-21,D1,20
Coronavac,5,2021-03-21,D2,26
Coronavac,5,2021-03-21,DU,0
Coronavac,5,2021-03-21,R,0
Coronavac,5,2021-03-22,D1,296
Coronavac,5,2021-03-22,D2,288
Coronavac,5,2021-03-22,DU,0
Coronavac,5,2021-03-22,R,0
Coronavac,5,2021-03-23,D1,357
Coronavac,5,2021-03-23,D2,327
Coronavac,5,2021-03-23,DU,0
Coronavac,5,2021-03-23,R,0
Coronavac,5,2021-03-24,D1,353
Coronavac,5,2021-03-24,D2,324
Coronavac,5,2021-03-24,DU,0
Coronavac,5,2021-03-24,R,0
Coronavac,5,2021-03-25,D1,483
Coronavac,5,2021-03-25,D2,316
Coronavac,5,2021-03-25,DU,0
Coronavac,5,2021-03-25,R,0
Coronavac,5,2021-03-26,D1,442
Coronavac,5,2021-03-26,D2,281
Coronavac,5,2021-03-26,DU,0
Coronavac,5,2021-03-26,R,0
Coronavac,5,2021-03-27,D1,104
Coronavac,5,2021-03-27,D2,52
Coronavac,5,2021-03-27,DU,0
Coronavac,5,2021-03-27,R,0
Coronavac,5,2021-03-28,D1,13
Coronavac,5,2021-03-28,D2,24
Coronavac,5,2021-03-28,DU,0
Coronavac,5,2021-03-28,R,0
Coronavac,5,2021-03-29,D1,466
Coronavac,5,2021-03-29,D2,239
Coronavac,5,2021-03-29,DU,0
Coronavac,5,2021-03-29,R,0
Coronavac,5,2021-03-30,D1,604
Coronavac,5,2021-03-30,D2,277
Coronavac,5,2021-03-30,DU,0
Coronavac,5,2021-03-30,R,0
Coronavac,5,2021-03-31,D1,638
Coronavac,5,2021-03-31,D2,313
Coronavac,5,2021-03-31,DU,0
Coronavac,5,2021-03-31,R,0
Coronavac,5,2021-04-01,D1,376
Coronavac,5,2021-04-01,D2,313
Coronavac,5,2021-04-01,DU,0
Coronavac,5,2021-04-01,R,0
Coronavac,5,2021-04-02,D1,69
Coronavac,5,2021-04-02,D2,30
Coronavac,5,2021-04-02,DU,0
Coronavac,5,2021-04-02,R,0
Coronavac,5,2021-04-03,D1,66
Coronavac,5,2021-04-03,D2,30
Coronavac,5,2021-04-03,DU,0
Coronavac,5,2021-04-03,R,0
Coronavac,5,2021-04-04,D1,13
Coronavac,5,2021-04-04,D2,5
Coronavac,5,2021-04-04,DU,0
Coronavac,5,2021-04-04,R,0
Coronavac,5,2021-04-05,D1,876
Coronavac,5,2021-04-05,D2,478
Coronavac,5,2021-04-05,DU,0
Coronavac,5,2021-04-05,R,1
Coronavac,5,2021-04-06,D1,963
Coronavac,5,2021-04-06,D2,378
Coronavac,5,2021-04-06,DU,0
Coronavac,5,2021-04-06,R,0
Coronavac,5,2021-04-07,D1,759
Coronavac,5,2021-04-07,D2,346
Coronavac,5,2021-04-07,DU,0
Coronavac,5,2021-04-07,R,0
Coronavac,5,2021-04-08,D1,499
Coronavac,5,2021-04-08,D2,371
Coronavac,5,2021-04-08,DU,0
Coronavac,5,2021-04-08,R,0
Coronavac,5,2021-04-09,D1,479
Coronavac,5,2021-04-09,D2,401
Coronavac,5,2021-04-09,DU,0
Coronavac,5,2021-04-09,R,0
Coronavac,5,2021-04-10,D1,95
Coronavac,5,2021-04-10,D2,74
Coronavac,5,2021-04-10,DU,0
Coronavac,5,2021-04-10,R,0
Coronavac,5,2021-04-11,D1,9
Coronavac,5,2021-04-11,D2,22
Coronavac,5,2021-04-11,DU,0
Coronavac,5,2021-04-11,R,0
Coronavac,5,2021-04-12,D1,262
Coronavac,5,2021-04-12,D2,299
Coronavac,5,2021-04-12,DU,0
Coronavac,5,2021-04-12,R,0
Coronavac,5,2021-04-13,D1,244
Coronavac,5,2021-04-13,D2,274
Coronavac,5,2021-04-13,DU,0
Coronavac,5,2021-04-13,R,0
Coronavac,5,2021-04-14,D1,228
Coronavac,5,2021-04-14,D2,295
Coronavac,5,2021-04-14,DU,0
Coronavac,5,2021-04-14,R,0
Coronavac,5,2021-04-15,D1,244
Coronavac,5,2021-04-15,D2,405
Coronavac,5,2021-04-15,DU,0
Coronavac,5,2021-04-15,R,0
Coronavac,5,2021-04-16,D1,265
Coronavac,5,2021-04-16,D2,370
Coronavac,5,2021-04-16,DU,0
Coronavac,5,2021-04-16,R,0
Coronavac,5,2021-04-17,D1,29
Coronavac,5,2021-04-17,D2,106
Coronavac,5,2021-04-17,DU,0
Coronavac,5,2021-04-17,R,0
Coronavac,5,2021-04-18,D1,5
Coronavac,5,2021-04-18,D2,13
Coronavac,5,2021-04-18,DU,0
Coronavac,5,2021-04-18,R,0
Coronavac,5,2021-04-19,D1,188
Coronavac,5,2021-04-19,D2,425
Coronavac,5,2021-04-19,DU,0
Coronavac,5,2021-04-19,R,0
Coronavac,5,2021-04-20,D1,144
Coronavac,5,2021-04-20,D2,450
Coronavac,5,2021-04-20,DU,0
Coronavac,5,2021-04-20,R,0
Coronavac,5,2021-04-21,D1,30
Coronavac,5,2021-04-21,D2,70
Coronavac,5,2021-04-21,DU,0
Coronavac,5,2021-04-21,R,0
Coronavac,5,2021-04-22,D1,149
Coronavac,5,2021-04-22,D2,502
Coronavac,5,2021-04-22,DU,0
Coronavac,5,2021-04-22,R,0
Coronavac,5,2021-04-23,D1,111
Coronavac,5,2021-04-23,D2,416
Coronavac,5,2021-04-23,DU,0
Coronavac,5,2021-04-23,R,0
Coronavac,5,2021-04-24,D1,30
Coronavac,5,2021-04-24,D2,57
Coronavac,5,2021-04-24,DU,0
Coronavac,5,2021-04-24,R,0
Coronavac,5,2021-04-25,D1,5
Coronavac,5,2021-04-25,D2,12
Coronavac,5,2021-04-25,DU,0
Coronavac,5,2021-04-25,R,0
Coronavac,5,2021-04-26,D1,91
Coronavac,5,2021-04-26,D2,364
Coronavac,5,2021-04-26,DU,0
Coronavac,5,2021-04-26,R,0
Coronavac,5,2021-04-27,D1,86
Coronavac,5,2021-04-27,D2,451
Coronavac,5,2021-04-27,DU,0
Coronavac,5,2021-04-27,R,0
Coronavac,5,2021-04-28,D1,112
Coronavac,5,2021-04-28,D2,519
Coronavac,5,2021-04-28,DU,0
Coronavac,5,2021-04-28,R,0
Coronavac,5,2021-04-29,D1,102
Coronavac,5,2021-04-29,D2,390
Coronavac,5,2021-04-29,DU,0
Coronavac,5,2021-04-29,R,0
Coronavac,5,2021-04-30,D1,94
Coronavac,5,2021-04-30,D2,343
Coronavac,5,2021-04-30,DU,0
Coronavac,5,2021-04-30,R,0
Coronavac,5,2021-05-01,D1,12
Coronavac,5,2021-05-01,D2,24
Coronavac,5,2021-05-01,DU,0
Coronavac,5,2021-05-01,R,0
Coronavac,5,2021-05-02,D1,12
Coronavac,5,2021-05-02,D2,9
Coronavac,5,2021-05-02,DU,0
Coronavac,5,2021-05-02,R,0
Coronavac,5,2021-05-03,D1,95
Coronavac,5,2021-05-03,D2,953
Coronavac,5,2021-05-03,DU,0
Coronavac,5,2021-05-03,R,0
Coronavac,5,2021-05-04,D1,103
Coronavac,5,2021-05-04,D2,773
Coronavac,5,2021-05-04,DU,0
Coronavac,5,2021-05-04,R,0
Coronavac,5,2021-05-05,D1,102
Coronavac,5,2021-05-05,D2,480
Coronavac,5,2021-05-05,DU,0
Coronavac,5,2021-05-05,R,0
Coronavac,5,2021-05-06,D1,92
Coronavac,5,2021-05-06,D2,262
Coronavac,5,2021-05-06,DU,0
Coronavac,5,2021-05-06,R,0
Coronavac,5,2021-05-07,D1,106
Coronavac,5,2021-05-07,D2,234
Coronavac,5,2021-05-07,DU,0
Coronavac,5,2021-05-07,R,0
Coronavac,5,2021-05-08,D1,61
Coronavac,5,2021-05-08,D2,48
Coronavac,5,2021-05-08,DU,0
Coronavac,5,2021-05-08,R,0
Coronavac,5,2021-05-09,D1,2
Coronavac,5,2021-05-09,D2,1
Coronavac,5,2021-05-09,DU,0
Coronavac,5,2021-05-09,R,0
Coronavac,5,2021-05-10,D1,85
Coronavac,5,2021-05-10,D2,237
Coronavac,5,2021-05-10,DU,0
Coronavac,5,2021-05-10,R,0
Coronavac,5,2021-05-11,D1,79
Coronavac,5,2021-05-11,D2,170
Coronavac,5,2021-05-11,DU,0
Coronavac,5,2021-05-11,R,0
Coronavac,5,2021-05-12,D1,80
Coronavac,5,2021-05-12,D2,166
Coronavac,5,2021-05-12,DU,0
Coronavac,5,2021-05-12,R,0
Coronavac,5,2021-05-13,D1,88
Coronavac,5,2021-05-13,D2,109
Coronavac,5,2021-05-13,DU,0
Coronavac,5,2021-05-13,R,0
Coronavac,5,2021-05-14,D1,74
Coronavac,5,2021-05-14,D2,152
Coronavac,5,2021-05-14,DU,0
Coronavac,5,2021-05-14,R,0
Coronavac,5,2021-05-15,D1,78
Coronavac,5,2021-05-15,D2,36
Coronavac,5,2021-05-15,DU,0
Coronavac,5,2021-05-15,R,0
Coronavac,5,2021-05-16,D1,6
Coronavac,5,2021-05-16,D2,2
Coronavac,5,2021-05-16,DU,0
Coronavac,5,2021-05-16,R,0
Coronavac,5,2021-05-17,D1,218
Coronavac,5,2021-05-17,D2,148
Coronavac,5,2021-05-17,DU,0
Coronavac,5,2021-05-17,R,0
Coronavac,5,2021-05-18,D1,285
Coronavac,5,2021-05-18,D2,240
Coronavac,5,2021-05-18,DU,0
Coronavac,5,2021-05-18,R,0
Coronavac,5,2021-05-19,D1,323
Coronavac,5,2021-05-19,D2,134
Coronavac,5,2021-05-19,DU,0
Coronavac,5,2021-05-19,R,0
Coronavac,5,2021-05-20,D1,350
Coronavac,5,2021-05-20,D2,150
Coronavac,5,2021-05-20,DU,0
Coronavac,5,2021-05-20,R,0
Coronavac,5,2021-05-21,D1,388
Coronavac,5,2021-05-21,D2,199
Coronavac,5,2021-05-21,DU,0
Coronavac,5,2021-05-21,R,0
Coronavac,5,2021-05-22,D1,96
Coronavac,5,2021-05-22,D2,56
Coronavac,5,2021-05-22,DU,0
Coronavac,5,2021-05-22,R,0
Coronavac,5,2021-05-23,D1,22
Coronavac,5,2021-05-23,D2,2
Coronavac,5,2021-05-23,DU,0
Coronavac,5,2021-05-23,R,0
Coronavac,5,2021-05-24,D1,271
Coronavac,5,2021-05-24,D2,130
Coronavac,5,2021-05-24,DU,0
Coronavac,5,2021-05-24,R,0
Coronavac,5,2021-05-25,D1,314
Coronavac,5,2021-05-25,D2,113
Coronavac,5,2021-05-25,DU,0
Coronavac,5,2021-05-25,R,0
Coronavac,5,2021-05-26,D1,306
Coronavac,5,2021-05-26,D2,104
Coronavac,5,2021-05-26,DU,0
Coronavac,5,2021-05-26,R,0
Coronavac,5,2021-05-27,D1,324
Coronavac,5,2021-05-27,D2,93
Coronavac,5,2021-05-27,DU,0
Coronavac,5,2021-05-27,R,0
Coronavac,5,2021-05-28,D1,438
Coronavac,5,2021-05-28,D2,97
Coronavac,5,2021-05-28,DU,0
Coronavac,5,2021-05-28,R,0
Coronavac,5,2021-05-29,D1,235
Coronavac,5,2021-05-29,D2,25
Coronavac,5,2021-05-29,DU,0
Coronavac,5,2021-05-29,R,0
Coronavac,5,2021-05-30,D1,12
Coronavac,5,2021-05-30,D2,1
Coronavac,5,2021-05-30,DU,0
Coronavac,5,2021-05-30,R,0
Coronavac,5,2021-05-31,D1,336
Coronavac,5,2021-05-31,D2,155
Coronavac,5,2021-05-31,DU,0
Coronavac,5,2021-05-31,R,0
Coronavac,5,2021-06-01,D1,358
Coronavac,5,2021-06-01,D2,128
Coronavac,5,2021-06-01,DU,0
Coronavac,5,2021-06-01,R,0
Coronavac,5,2021-06-02,D1,577
Coronavac,5,2021-06-02,D2,123
Coronavac,5,2021-06-02,DU,0
Coronavac,5,2021-06-02,R,0
Coronavac,5,2021-06-03,D1,276
Coronavac,5,2021-06-03,D2,47
Coronavac,5,2021-06-03,DU,0
Coronavac,5,2021-06-03,R,0
Coronavac,5,2021-06-04,D1,267
Coronavac,5,2021-06-04,D2,75
Coronavac,5,2021-06-04,DU,0
Coronavac,5,2021-06-04,R,0
Coronavac,5,2021-06-05,D1,403
Coronavac,5,2021-06-05,D2,71
Coronavac,5,2021-06-05,DU,0
Coronavac,5,2021-06-05,R,0
Coronavac,5,2021-06-06,D1,100
Coronavac,5,2021-06-06,D2,2
Coronavac,5,2021-06-06,DU,0
Coronavac,5,2021-06-06,R,0
Coronavac,5,2021-06-07,D1,395
Coronavac,5,2021-06-07,D2,135
Coronavac,5,2021-06-07,DU,0
Coronavac,5,2021-06-07,R,0
Coronavac,5,2021-06-08,D1,538
Coronavac,5,2021-06-08,D2,153
Coronavac,5,2021-06-08,DU,0
Coronavac,5,2021-06-08,R,0
Coronavac,5,2021-06-09,D1,1073
Coronavac,5,2021-06-09,D2,150
Coronavac,5,2021-06-09,DU,0
Coronavac,5,2021-06-09,R,0
Coronavac,5,2021-06-10,D1,2068
Coronavac,5,2021-06-10,D2,218
Coronavac,5,2021-06-10,DU,0
Coronavac,5,2021-06-10,R,0
Coronavac,5,2021-06-11,D1,2075
Coronavac,5,2021-06-11,D2,202
Coronavac,5,2021-06-11,DU,0
Coronavac,5,2021-06-11,R,0
Coronavac,5,2021-06-12,D1,700
Coronavac,5,2021-06-12,D2,47
Coronavac,5,2021-06-12,DU,0
Coronavac,5,2021-06-12,R,0
Coronavac,5,2021-06-13,D1,58
Coronavac,5,2021-06-13,D2,6
Coronavac,5,2021-06-13,DU,0
Coronavac,5,2021-06-13,R,0
Coronavac,5,2021-06-14,D1,1073
Coronavac,5,2021-06-14,D2,204
Coronavac,5,2021-06-14,DU,0
Coronavac,5,2021-06-14,R,0
Coronavac,5,2021-06-15,D1,957
Coronavac,5,2021-06-15,D2,269
Coronavac,5,2021-06-15,DU,0
Coronavac,5,2021-06-15,R,0
Coronavac,5,2021-06-16,D1,736
Coronavac,5,2021-06-16,D2,280
Coronavac,5,2021-06-16,DU,0
Coronavac,5,2021-06-16,R,0
Coronavac,5,2021-06-17,D1,1118
Coronavac,5,2021-06-17,D2,293
Coronavac,5,2021-06-17,DU,0
Coronavac,5,2021-06-17,R,0
Coronavac,5,2021-06-18,D1,2035
Coronavac,5,2021-06-18,D2,344
Coronavac,5,2021-06-18,DU,0
Coronavac,5,2021-06-18,R,0
Coronavac,5,2021-06-19,D1,817
Coronavac,5,2021-06-19,D2,137
Coronavac,5,2021-06-19,DU,0
Coronavac,5,2021-06-19,R,0
Coronavac,5,2021-06-20,D1,40
Coronavac,5,2021-06-20,D2,33
Coronavac,5,2021-06-20,DU,0
Coronavac,5,2021-06-20,R,0
Coronavac,5,2021-06-21,D1,677
Coronavac,5,2021-06-21,D2,352
Coronavac,5,2021-06-21,DU,0
Coronavac,5,2021-06-21,R,0
Coronavac,5,2021-06-22,D1,608
Coronavac,5,2021-06-22,D2,151
Coronavac,5,2021-06-22,DU,0
Coronavac,5,2021-06-22,R,0
Coronavac,5,2021-06-23,D1,2390
Coronavac,5,2021-06-23,D2,413
Coronavac,5,2021-06-23,DU,0
Coronavac,5,2021-06-23,R,0
Coronavac,5,2021-06-24,D1,1680
Coronavac,5,2021-06-24,D2,212
Coronavac,5,2021-06-24,DU,0
Coronavac,5,2021-06-24,R,0
Coronavac,5,2021-06-25,D1,1582
Coronavac,5,2021-06-25,D2,312
Coronavac,5,2021-06-25,DU,0
Coronavac,5,2021-06-25,R,0
Coronavac,5,2021-06-26,D1,376
Coronavac,5,2021-06-26,D2,104
Coronavac,5,2021-06-26,DU,0
Coronavac,5,2021-06-26,R,0
Coronavac,5,2021-06-27,D1,73
Coronavac,5,2021-06-27,D2,4
Coronavac,5,2021-06-27,DU,0
Coronavac,5,2021-06-27,R,0
Coronavac,5,2021-06-28,D1,1045
Coronavac,5,2021-06-28,D2,477
Coronavac,5,2021-06-28,DU,0
Coronavac,5,2021-06-28,R,0
Coronavac,5,2021-06-29,D1,920
Coronavac,5,2021-06-29,D2,442
Coronavac,5,2021-06-29,DU,0
Coronavac,5,2021-06-29,R,0
Coronavac,5,2021-06-30,D1,983
Coronavac,5,2021-06-30,D2,576
Coronavac,5,2021-06-30,DU,0
Coronavac,5,2021-06-30,R,0
Coronavac,5,2021-07-01,D1,1390
Coronavac,5,2021-07-01,D2,693
Coronavac,5,2021-07-01,DU,0
Coronavac,5,2021-07-01,R,0
Coronavac,5,2021-07-02,D1,971
Coronavac,5,2021-07-02,D2,955
Coronavac,5,2021-07-02,DU,0
Coronavac,5,2021-07-02,R,0
Coronavac,5,2021-07-03,D1,412
Coronavac,5,2021-07-03,D2,374
Coronavac,5,2021-07-03,DU,0
Coronavac,5,2021-07-03,R,0
Coronavac,5,2021-07-04,D1,38
Coronavac,5,2021-07-04,D2,130
Coronavac,5,2021-07-04,DU,0
Coronavac,5,2021-07-04,R,0
Coronavac,5,2021-07-05,D1,1342
Coronavac,5,2021-07-05,D2,672
Coronavac,5,2021-07-05,DU,0
Coronavac,5,2021-07-05,R,0
Coronavac,5,2021-07-06,D1,836
Coronavac,5,2021-07-06,D2,622
Coronavac,5,2021-07-06,DU,0
Coronavac,5,2021-07-06,R,0
Coronavac,5,2021-07-07,D1,790
Coronavac,5,2021-07-07,D2,896
Coronavac,5,2021-07-07,DU,0
Coronavac,5,2021-07-07,R,0
Coronavac,5,2021-07-08,D1,1316
Coronavac,5,2021-07-08,D2,1898
Coronavac,5,2021-07-08,DU,0
Coronavac,5,2021-07-08,R,0
Coronavac,5,2021-07-09,D1,346
Coronavac,5,2021-07-09,D2,615
Coronavac,5,2021-07-09,DU,0
Coronavac,5,2021-07-09,R,0
Coronavac,5,2021-07-10,D1,177
Coronavac,5,2021-07-10,D2,214
Coronavac,5,2021-07-10,DU,0
Coronavac,5,2021-07-10,R,0
Coronavac,5,2021-07-11,D1,29
Coronavac,5,2021-07-11,D2,28
Coronavac,5,2021-07-11,DU,0
Coronavac,5,2021-07-11,R,0
Coronavac,5,2021-07-12,D1,2891
Coronavac,5,2021-07-12,D2,1102
Coronavac,5,2021-07-12,DU,0
Coronavac,5,2021-07-12,R,0
Coronavac,5,2021-07-13,D1,3911
Coronavac,5,2021-07-13,D2,961
Coronavac,5,2021-07-13,DU,0
Coronavac,5,2021-07-13,R,0
Coronavac,5,2021-07-14,D1,2985
Coronavac,5,2021-07-14,D2,867
Coronavac,5,2021-07-14,DU,0
Coronavac,5,2021-07-14,R,0
Coronavac,5,2021-07-15,D1,8892
Coronavac,5,2021-07-15,D2,955
Coronavac,5,2021-07-15,DU,0
Coronavac,5,2021-07-15,R,0
Coronavac,5,2021-07-16,D1,37628
Coronavac,5,2021-07-16,D2,1532
Coronavac,5,2021-07-16,DU,0
Coronavac,5,2021-07-16,R,0
Coronavac,5,2021-07-17,D1,43219
Coronavac,5,2021-07-17,D2,716
Coronavac,5,2021-07-17,DU,0
Coronavac,5,2021-07-17,R,0
Coronavac,5,2021-07-18,D1,7327
Coronavac,5,2021-07-18,D2,32
Coronavac,5,2021-07-18,DU,0
Coronavac,5,2021-07-18,R,0
Coronavac,5,2021-07-19,D1,76509
Coronavac,5,2021-07-19,D2,1088
Coronavac,5,2021-07-19,DU,0
Coronavac,5,2021-07-19,R,0
Coronavac,5,2021-07-20,D1,79226
Coronavac,5,2021-07-20,D2,1192
Coronavac,5,2021-07-20,DU,0
Coronavac,5,2021-07-20,R,1
Coronavac,5,2021-07-21,D1,71714
Coronavac,5,2021-07-21,D2,1676
Coronavac,5,2021-07-21,DU,0
Coronavac,5,2021-07-21,R,1
Coronavac,5,2021-07-22,D1,48332
Coronavac,5,2021-07-22,D2,1407
Coronavac,5,2021-07-22,DU,0
Coronavac,5,2021-07-22,R,1
Coronavac,5,2021-07-23,D1,34890
Coronavac,5,2021-07-23,D2,1354
Coronavac,5,2021-07-23,DU,0
Coronavac,5,2021-07-23,R,0
Coronavac,5,2021-07-24,D1,14684
Coronavac,5,2021-07-24,D2,380
Coronavac,5,2021-07-24,DU,0
Coronavac,5,2021-07-24,R,0
Coronavac,5,2021-07-25,D1,952
Coronavac,5,2021-07-25,D2,47
Coronavac,5,2021-07-25,DU,0
Coronavac,5,2021-07-25,R,1
Coronavac,5,2021-07-26,D1,18548
Coronavac,5,2021-07-26,D2,1030
Coronavac,5,2021-07-26,DU,0
Coronavac,5,2021-07-26,R,0
Coronavac,5,2021-07-27,D1,14947
Coronavac,5,2021-07-27,D2,980
Coronavac,5,2021-07-27,DU,0
Coronavac,5,2021-07-27,R,1
Coronavac,5,2021-07-28,D1,11253
Coronavac,5,2021-07-28,D2,1005
Coronavac,5,2021-07-28,DU,0
Coronavac,5,2021-07-28,R,1
Coronavac,5,2021-07-29,D1,11576
Coronavac,5,2021-07-29,D2,1283
Coronavac,5,2021-07-29,DU,0
Coronavac,5,2021-07-29,R,1
Coronavac,5,2021-07-30,D1,12081
Coronavac,5,2021-07-30,D2,901
Coronavac,5,2021-07-30,DU,0
Coronavac,5,2021-07-30,R,0
Coronavac,5,2021-07-31,D1,4918
Coronavac,5,2021-07-31,D2,220
Coronavac,5,2021-07-31,DU,0
Coronavac,5,2021-07-31,R,0
Coronavac,5,2021-08-01,D1,611
Coronavac,5,2021-08-01,D2,7
Coronavac,5,2021-08-01,DU,0
Coronavac,5,2021-08-01,R,0
Coronavac,5,2021-08-02,D1,9358
Coronavac,5,2021-08-02,D2,1079
Coronavac,5,2021-08-02,DU,0
Coronavac,5,2021-08-02,R,0
Coronavac,5,2021-08-03,D1,9146
Coronavac,5,2021-08-03,D2,1110
Coronavac,5,2021-08-03,DU,0
Coronavac,5,2021-08-03,R,1
Coronavac,5,2021-08-04,D1,7167
Coronavac,5,2021-08-04,D2,1293
Coronavac,5,2021-08-04,DU,0
Coronavac,5,2021-08-04,R,0
Coronavac,5,2021-08-05,D1,5423
Coronavac,5,2021-08-05,D2,1998
Coronavac,5,2021-08-05,DU,0
Coronavac,5,2021-08-05,R,0
Coronavac,5,2021-08-06,D1,3682
Coronavac,5,2021-08-06,D2,2382
Coronavac,5,2021-08-06,DU,0
Coronavac,5,2021-08-06,R,2
Coronavac,5,2021-08-07,D1,2249
Coronavac,5,2021-08-07,D2,1248
Coronavac,5,2021-08-07,DU,0
Coronavac,5,2021-08-07,R,0
Coronavac,5,2021-08-08,D1,121
Coronavac,5,2021-08-08,D2,67
Coronavac,5,2021-08-08,DU,0
Coronavac,5,2021-08-08,R,0
Coronavac,5,2021-08-09,D1,4099
Coronavac,5,2021-08-09,D2,5816
Coronavac,5,2021-08-09,DU,0
Coronavac,5,2021-08-09,R,0
Coronavac,5,2021-08-10,D1,4894
Coronavac,5,2021-08-10,D2,7943
Coronavac,5,2021-08-10,DU,0
Coronavac,5,2021-08-10,R,0
Coronavac,5,2021-08-11,D1,4298
Coronavac,5,2021-08-11,D2,8194
Coronavac,5,2021-08-11,DU,0
Coronavac,5,2021-08-11,R,0
Coronavac,5,2021-08-12,D1,2779
Coronavac,5,2021-08-12,D2,9600
Coronavac,5,2021-08-12,DU,0
Coronavac,5,2021-08-12,R,1
Coronavac,5,2021-08-13,D1,1364
Coronavac,5,2021-08-13,D2,21887
Coronavac,5,2021-08-13,DU,0
Coronavac,5,2021-08-13,R,0
Coronavac,5,2021-08-14,D1,861
Coronavac,5,2021-08-14,D2,21378
Coronavac,5,2021-08-14,DU,0
Coronavac,5,2021-08-14,R,0
Coronavac,5,2021-08-15,D1,208
Coronavac,5,2021-08-15,D2,5473
Coronavac,5,2021-08-15,DU,0
Coronavac,5,2021-08-15,R,1
Coronavac,5,2021-08-16,D1,1986
Coronavac,5,2021-08-16,D2,54997
Coronavac,5,2021-08-16,DU,0
Coronavac,5,2021-08-16,R,1
Coronavac,5,2021-08-17,D1,1926
Coronavac,5,2021-08-17,D2,58410
Coronavac,5,2021-08-17,DU,0
Coronavac,5,2021-08-17,R,0
Coronavac,5,2021-08-18,D1,1296
Coronavac,5,2021-08-18,D2,62782
Coronavac,5,2021-08-18,DU,0
Coronavac,5,2021-08-18,R,1
Coronavac,5,2021-08-19,D1,1454
Coronavac,5,2021-08-19,D2,46014
Coronavac,5,2021-08-19,DU,0
Coronavac,5,2021-08-19,R,2
Coronavac,5,2021-08-20,D1,1566
Coronavac,5,2021-08-20,D2,35703
Coronavac,5,2021-08-20,DU,0
Coronavac,5,2021-08-20,R,2
Coronavac,5,2021-08-21,D1,1075
Coronavac,5,2021-08-21,D2,12175
Coronavac,5,2021-08-21,DU,0
Coronavac,5,2021-08-21,R,1
Coronavac,5,2021-08-22,D1,129
Coronavac,5,2021-08-22,D2,802
Coronavac,5,2021-08-22,DU,0
Coronavac,5,2021-08-22,R,0
Coronavac,5,2021-08-23,D1,2364
Coronavac,5,2021-08-23,D2,23412
Coronavac,5,2021-08-23,DU,0
Coronavac,5,2021-08-23,R,0
Coronavac,5,2021-08-24,D1,2055
Coronavac,5,2021-08-24,D2,18211
Coronavac,5,2021-08-24,DU,0
Coronavac,5,2021-08-24,R,2
Coronavac,5,2021-08-25,D1,1149
Coronavac,5,2021-08-25,D2,13782
Coronavac,5,2021-08-25,DU,0
Coronavac,5,2021-08-25,R,0
Coronavac,5,2021-08-26,D1,972
Coronavac,5,2021-08-26,D2,11074
Coronavac,5,2021-08-26,DU,0
Coronavac,5,2021-08-26,R,0
Coronavac,5,2021-08-27,D1,1242
Coronavac,5,2021-08-27,D2,11166
Coronavac,5,2021-08-27,DU,0
Coronavac,5,2021-08-27,R,0
Coronavac,5,2021-08-28,D1,1000
Coronavac,5,2021-08-28,D2,5749
Coronavac,5,2021-08-28,DU,0
Coronavac,5,2021-08-28,R,0
Coronavac,5,2021-08-29,D1,66
Coronavac,5,2021-08-29,D2,332
Coronavac,5,2021-08-29,DU,0
Coronavac,5,2021-08-29,R,2
Coronavac,5,2021-08-30,D1,778
Coronavac,5,2021-08-30,D2,8913
Coronavac,5,2021-08-30,DU,0
Coronavac,5,2021-08-30,R,0
Coronavac,5,2021-08-31,D1,544
Coronavac,5,2021-08-31,D2,8370
Coronavac,5,2021-08-31,DU,0
Coronavac,5,2021-08-31,R,48
Coronavac,5,2021-09-01,D1,672
Coronavac,5,2021-09-01,D2,6539
Coronavac,5,2021-09-01,DU,0
Coronavac,5,2021-09-01,R,21
Coronavac,5,2021-09-02,D1,626
Coronavac,5,2021-09-02,D2,6592
Coronavac,5,2021-09-02,DU,0
Coronavac,5,2021-09-02,R,2
Coronavac,5,2021-09-03,D1,525
Coronavac,5,2021-09-03,D2,5159
Coronavac,5,2021-09-03,DU,0
Coronavac,5,2021-09-03,R,2
Coronavac,5,2021-09-04,D1,219
Coronavac,5,2021-09-04,D2,1883
Coronavac,5,2021-09-04,DU,0
Coronavac,5,2021-09-04,R,0
Coronavac,5,2021-09-05,D1,29
Coronavac,5,2021-09-05,D2,86
Coronavac,5,2021-09-05,DU,0
Coronavac,5,2021-09-05,R,0
Coronavac,5,2021-09-06,D1,479
Coronavac,5,2021-09-06,D2,1838
Coronavac,5,2021-09-06,DU,0
Coronavac,5,2021-09-06,R,97
Coronavac,5,2021-09-07,D1,112
Coronavac,5,2021-09-07,D2,451
Coronavac,5,2021-09-07,DU,0
Coronavac,5,2021-09-07,R,0
Coronavac,5,2021-09-08,D1,968
Coronavac,5,2021-09-08,D2,4904
Coronavac,5,2021-09-08,DU,0
Coronavac,5,2021-09-08,R,13
Coronavac,5,2021-09-09,D1,1043
Coronavac,5,2021-09-09,D2,5204
Coronavac,5,2021-09-09,DU,0
Coronavac,5,2021-09-09,R,19
Coronavac,5,2021-09-10,D1,933
Coronavac,5,2021-09-10,D2,4393
Coronavac,5,2021-09-10,DU,0
Coronavac,5,2021-09-10,R,30
Coronavac,5,2021-09-11,D1,415
Coronavac,5,2021-09-11,D2,1854
Coronavac,5,2021-09-11,DU,0
Coronavac,5,2021-09-11,R,0
Coronavac,5,2021-09-12,D1,12
Coronavac,5,2021-09-12,D2,143
Coronavac,5,2021-09-12,DU,0
Coronavac,5,2021-09-12,R,0
Coronavac,5,2021-09-13,D1,1122
Coronavac,5,2021-09-13,D2,3705
Coronavac,5,2021-09-13,DU,0
Coronavac,5,2021-09-13,R,26
Coronavac,5,2021-09-14,D1,881
Coronavac,5,2021-09-14,D2,3432
Coronavac,5,2021-09-14,DU,0
Coronavac,5,2021-09-14,R,15
Coronavac,5,2021-09-15,D1,870
Coronavac,5,2021-09-15,D2,2950
Coronavac,5,2021-09-15,DU,0
Coronavac,5,2021-09-15,R,4
Coronavac,5,2021-09-16,D1,862
Coronavac,5,2021-09-16,D2,3383
Coronavac,5,2021-09-16,DU,0
Coronavac,5,2021-09-16,R,2
Coronavac,5,2021-09-17,D1,1063
Coronavac,5,2021-09-17,D2,2404
Coronavac,5,2021-09-17,DU,0
Coronavac,5,2021-09-17,R,2
Coronavac,5,2021-09-18,D1,408
Coronavac,5,2021-09-18,D2,1146
Coronavac,5,2021-09-18,DU,0
Coronavac,5,2021-09-18,R,2
Coronavac,5,2021-09-19,D1,33
Coronavac,5,2021-09-19,D2,72
Coronavac,5,2021-09-19,DU,0
Coronavac,5,2021-09-19,R,1
Coronavac,5,2021-09-20,D1,917
Coronavac,5,2021-09-20,D2,2617
Coronavac,5,2021-09-20,DU,0
Coronavac,5,2021-09-20,R,12
Coronavac,5,2021-09-21,D1,787
Coronavac,5,2021-09-21,D2,2255
Coronavac,5,2021-09-21,DU,0
Coronavac,5,2021-09-21,R,19
Coronavac,5,2021-09-22,D1,842
Coronavac,5,2021-09-22,D2,2193
Coronavac,5,2021-09-22,DU,0
Coronavac,5,2021-09-22,R,48
Coronavac,5,2021-09-23,D1,1006
Coronavac,5,2021-09-23,D2,1924
Coronavac,5,2021-09-23,DU,0
Coronavac,5,2021-09-23,R,42
Coronavac,5,2021-09-24,D1,1317
Coronavac,5,2021-09-24,D2,1755
Coronavac,5,2021-09-24,DU,0
Coronavac,5,2021-09-24,R,60
Coronavac,5,2021-09-25,D1,651
Coronavac,5,2021-09-25,D2,903
Coronavac,5,2021-09-25,DU,0
Coronavac,5,2021-09-25,R,10
Coronavac,5,2021-09-26,D1,54
Coronavac,5,2021-09-26,D2,21
Coronavac,5,2021-09-26,DU,0
Coronavac,5,2021-09-26,R,0
Coronavac,5,2021-09-27,D1,1532
Coronavac,5,2021-09-27,D2,1567
Coronavac,5,2021-09-27,DU,0
Coronavac,5,2021-09-27,R,51
Coronavac,5,2021-09-28,D1,1254
Coronavac,5,2021-09-28,D2,1441
Coronavac,5,2021-09-28,DU,0
Coronavac,5,2021-09-28,R,62
Coronavac,5,2021-09-29,D1,1007
Coronavac,5,2021-09-29,D2,1387
Coronavac,5,2021-09-29,DU,0
Coronavac,5,2021-09-29,R,78
Coronavac,5,2021-09-30,D1,1080
Coronavac,5,2021-09-30,D2,1403
Coronavac,5,2021-09-30,DU,0
Coronavac,5,2021-09-30,R,70
Coronavac,5,2021-10-01,D1,779
Coronavac,5,2021-10-01,D2,1020
Coronavac,5,2021-10-01,DU,0
Coronavac,5,2021-10-01,R,71
Coronavac,5,2021-10-02,D1,1530
Coronavac,5,2021-10-02,D2,1119
Coronavac,5,2021-10-02,DU,0
Coronavac,5,2021-10-02,R,84
Coronavac,5,2021-10-03,D1,41
Coronavac,5,2021-10-03,D2,24
Coronavac,5,2021-10-03,DU,0
Coronavac,5,2021-10-03,R,2
Coronavac,5,2021-10-04,D1,826
Coronavac,5,2021-10-04,D2,1179
Coronavac,5,2021-10-04,DU,0
Coronavac,5,2021-10-04,R,134
Coronavac,5,2021-10-05,D1,857
Coronavac,5,2021-10-05,D2,1054
Coronavac,5,2021-10-05,DU,0
Coronavac,5,2021-10-05,R,165
Coronavac,5,2021-10-06,D1,691
Coronavac,5,2021-10-06,D2,1132
Coronavac,5,2021-10-06,DU,0
Coronavac,5,2021-10-06,R,105
Coronavac,5,2021-10-07,D1,504
Coronavac,5,2021-10-07,D2,1182
Coronavac,5,2021-10-07,DU,0
Coronavac,5,2021-10-07,R,94
Coronavac,5,2021-10-08,D1,541
Coronavac,5,2021-10-08,D2,1020
Coronavac,5,2021-10-08,DU,0
Coronavac,5,2021-10-08,R,112
Coronavac,5,2021-10-09,D1,81
Coronavac,5,2021-10-09,D2,247
Coronavac,5,2021-10-09,DU,0
Coronavac,5,2021-10-09,R,19
Coronavac,5,2021-10-10,D1,6
Coronavac,5,2021-10-10,D2,42
Coronavac,5,2021-10-10,DU,0
Coronavac,5,2021-10-10,R,2
Coronavac,5,2021-10-11,D1,76
Coronavac,5,2021-10-11,D2,187
Coronavac,5,2021-10-11,DU,0
Coronavac,5,2021-10-11,R,12
Coronavac,5,2021-10-12,D1,12
Coronavac,5,2021-10-12,D2,69
Coronavac,5,2021-10-12,DU,0
Coronavac,5,2021-10-12,R,2
Coronavac,5,2021-10-13,D1,458
Coronavac,5,2021-10-13,D2,1220
Coronavac,5,2021-10-13,DU,0
Coronavac,5,2021-10-13,R,73
Coronavac,5,2021-10-14,D1,411
Coronavac,5,2021-10-14,D2,1035
Coronavac,5,2021-10-14,DU,0
Coronavac,5,2021-10-14,R,116
Coronavac,5,2021-10-15,D1,407
Coronavac,5,2021-10-15,D2,973
Coronavac,5,2021-10-15,DU,0
Coronavac,5,2021-10-15,R,106
Coronavac,5,2021-10-16,D1,402
Coronavac,5,2021-10-16,D2,678
Coronavac,5,2021-10-16,DU,0
Coronavac,5,2021-10-16,R,49
Coronavac,5,2021-10-17,D1,15
Coronavac,5,2021-10-17,D2,20
Coronavac,5,2021-10-17,DU,0
Coronavac,5,2021-10-17,R,3
Coronavac,5,2021-10-18,D1,291
Coronavac,5,2021-10-18,D2,1018
Coronavac,5,2021-10-18,DU,0
Coronavac,5,2021-10-18,R,63
Coronavac,5,2021-10-19,D1,420
Coronavac,5,2021-10-19,D2,796
Coronavac,5,2021-10-19,DU,0
Coronavac,5,2021-10-19,R,79
Coronavac,5,2021-10-20,D1,282
Coronavac,5,2021-10-20,D2,947
Coronavac,5,2021-10-20,DU,0
Coronavac,5,2021-10-20,R,71
Coronavac,5,2021-10-21,D1,272
Coronavac,5,2021-10-21,D2,1015
Coronavac,5,2021-10-21,DU,0
Coronavac,5,2021-10-21,R,80
Coronavac,5,2021-10-22,D1,309
Coronavac,5,2021-10-22,D2,1323
Coronavac,5,2021-10-22,DU,0
Coronavac,5,2021-10-22,R,69
Coronavac,5,2021-10-23,D1,285
Coronavac,5,2021-10-23,D2,395
Coronavac,5,2021-10-23,DU,0
Coronavac,5,2021-10-23,R,21
Coronavac,5,2021-10-24,D1,24
Coronavac,5,2021-10-24,D2,20
Coronavac,5,2021-10-24,DU,0
Coronavac,5,2021-10-24,R,0
Coronavac,5,2021-10-25,D1,287
Coronavac,5,2021-10-25,D2,1345
Coronavac,5,2021-10-25,DU,0
Coronavac,5,2021-10-25,R,59
Coronavac,5,2021-10-26,D1,295
Coronavac,5,2021-10-26,D2,1285
Coronavac,5,2021-10-26,DU,0
Coronavac,5,2021-10-26,R,70
Coronavac,5,2021-10-27,D1,318
Coronavac,5,2021-10-27,D2,1281
Coronavac,5,2021-10-27,DU,0
Coronavac,5,2021-10-27,R,67
Coronavac,5,2021-10-28,D1,349
Coronavac,5,2021-10-28,D2,1184
Coronavac,5,2021-10-28,DU,0
Coronavac,5,2021-10-28,R,75
Coronavac,5,2021-10-29,D1,163
Coronavac,5,2021-10-29,D2,578
Coronavac,5,2021-10-29,DU,0
Coronavac,5,2021-10-29,R,44
Coronavac,5,2021-10-30,D1,178
Coronavac,5,2021-10-30,D2,328
Coronavac,5,2021-10-30,DU,0
Coronavac,5,2021-10-30,R,5
Coronavac,5,2021-10-31,D1,10
Coronavac,5,2021-10-31,D2,22
Coronavac,5,2021-10-31,DU,0
Coronavac,5,2021-10-31,R,0
Coronavac,5,2021-11-01,D1,13
Coronavac,5,2021-11-01,D2,82
Coronavac,5,2021-11-01,DU,0
Coronavac,5,2021-11-01,R,4
Coronavac,5,2021-11-02,D1,69
Coronavac,5,2021-11-02,D2,38
Coronavac,5,2021-11-02,DU,0
Coronavac,5,2021-11-02,R,3
Coronavac,5,2021-11-03,D1,424
Coronavac,5,2021-11-03,D2,1005
Coronavac,5,2021-11-03,DU,0
Coronavac,5,2021-11-03,R,47
Coronavac,5,2021-11-04,D1,453
Coronavac,5,2021-11-04,D2,765
Coronavac,5,2021-11-04,DU,0
Coronavac,5,2021-11-04,R,40
Coronavac,5,2021-11-05,D1,402
Coronavac,5,2021-11-05,D2,732
Coronavac,5,2021-11-05,DU,0
Coronavac,5,2021-11-05,R,54
Coronavac,5,2021-11-06,D1,258
Coronavac,5,2021-11-06,D2,299
Coronavac,5,2021-11-06,DU,0
Coronavac,5,2021-11-06,R,12
Coronavac,5,2021-11-07,D1,0
Coronavac,5,2021-11-07,D2,33
Coronavac,5,2021-11-07,DU,0
Coronavac,5,2021-11-07,R,0
Coronavac,5,2021-11-08,D1,187
Coronavac,5,2021-11-08,D2,547
Coronavac,5,2021-11-08,DU,0
Coronavac,5,2021-11-08,R,45
Coronavac,5,2021-11-09,D1,198
Coronavac,5,2021-11-09,D2,534
Coronavac,5,2021-11-09,DU,0
Coronavac,5,2021-11-09,R,38
Coronavac,5,2021-11-10,D1,188
Coronavac,5,2021-11-10,D2,403
Coronavac,5,2021-11-10,DU,0
Coronavac,5,2021-11-10,R,43
Coronavac,5,2021-11-11,D1,185
Coronavac,5,2021-11-11,D2,696
Coronavac,5,2021-11-11,DU,0
Coronavac,5,2021-11-11,R,64
Coronavac,5,2021-11-12,D1,139
Coronavac,5,2021-11-12,D2,590
Coronavac,5,2021-11-12,DU,0
Coronavac,5,2021-11-12,R,63
Coronavac,5,2021-11-13,D1,33
Coronavac,5,2021-11-13,D2,277
Coronavac,5,2021-11-13,DU,0
Coronavac,5,2021-11-13,R,13
Coronavac,5,2021-11-14,D1,2
Coronavac,5,2021-11-14,D2,8
Coronavac,5,2021-11-14,DU,0
Coronavac,5,2021-11-14,R,0
Coronavac,5,2021-11-15,D1,9
Coronavac,5,2021-11-15,D2,34
Coronavac,5,2021-11-15,DU,0
Coronavac,5,2021-11-15,R,5
Coronavac,5,2021-11-16,D1,122
Coronavac,5,2021-11-16,D2,440
Coronavac,5,2021-11-16,DU,0
Coronavac,5,2021-11-16,R,41
Coronavac,5,2021-11-17,D1,167
Coronavac,5,2021-11-17,D2,467
Coronavac,5,2021-11-17,DU,0
Coronavac,5,2021-11-17,R,61
Coronavac,5,2021-11-18,D1,99
Coronavac,5,2021-11-18,D2,5
Coronavac,5,2021-11-18,DU,0
Coronavac,5,2021-11-18,R,79
Coronavac,5,2021-11-19,D1,1
Coronavac,5,2021-11-19,D2,3
Coronavac,5,2021-11-19,DU,0
Coronavac,5,2021-11-19,R,0
Coronavac,5,2021-11-20,D1,60
Coronavac,5,2021-11-20,D2,5
Coronavac,5,2021-11-20,DU,0
Coronavac,5,2021-11-20,R,37
Coronavac,5,2021-11-21,D1,1
Coronavac,5,2021-11-21,D2,0
Coronavac,5,2021-11-21,DU,0
Coronavac,5,2021-11-21,R,0
Coronavac,5,2021-11-22,D1,3
Coronavac,5,2021-11-22,D2,4
Coronavac,5,2021-11-22,DU,0
Coronavac,5,2021-11-22,R,6
Coronavac,5,2021-11-23,D1,13
Coronavac,5,2021-11-23,D2,452
Coronavac,5,2021-11-23,DU,0
Coronavac,5,2021-11-23,R,27
Coronavac,5,2021-11-24,D1,2
Coronavac,5,2021-11-24,D2,5
Coronavac,5,2021-11-24,DU,0
Coronavac,5,2021-11-24,R,14
Coronavac,5,2021-11-25,D1,4
Coronavac,5,2021-11-25,D2,5
Coronavac,5,2021-11-25,DU,0
Coronavac,5,2021-11-25,R,6
Coronavac,5,2021-11-26,D1,2
Coronavac,5,2021-11-26,D2,399
Coronavac,5,2021-11-26,DU,0
Coronavac,5,2021-11-26,R,2
Coronavac,5,2021-11-27,D1,0
Coronavac,5,2021-11-27,D2,2
Coronavac,5,2021-11-27,DU,0
Coronavac,5,2021-11-27,R,32
Coronavac,5,2021-11-28,D1,0
Coronavac,5,2021-11-28,D2,0
Coronavac,5,2021-11-28,DU,0
Coronavac,5,2021-11-28,R,47
Coronavac,5,2021-11-29,D1,0
Coronavac,5,2021-11-29,D2,3
Coronavac,5,2021-11-29,DU,0
Coronavac,5,2021-11-29,R,0
Coronavac,5,2021-11-30,D1,2
Coronavac,5,2021-11-30,D2,5
Coronavac,5,2021-11-30,DU,0
Coronavac,5,2021-11-30,R,1
Coronavac,5,2021-12-01,D1,2
Coronavac,5,2021-12-01,D2,2
Coronavac,5,2021-12-01,DU,0
Coronavac,5,2021-12-01,R,0
Coronavac,5,2021-12-02,D1,0
Coronavac,5,2021-12-02,D2,561
Coronavac,5,2021-12-02,DU,0
Coronavac,5,2021-12-02,R,0
Coronavac,5,2021-12-03,D1,2
Coronavac,5,2021-12-03,D2,3
Coronavac,5,2021-12-03,DU,0
Coronavac,5,2021-12-03,R,1
Coronavac,5,2021-12-04,D1,42
Coronavac,5,2021-12-04,D2,2
Coronavac,5,2021-12-04,DU,0
Coronavac,5,2021-12-04,R,232
Coronavac,5,2021-12-05,D1,3
Coronavac,5,2021-12-05,D2,16
Coronavac,5,2021-12-05,DU,0
Coronavac,5,2021-12-05,R,39
Coronavac,5,2021-12-06,D1,1
Coronavac,5,2021-12-06,D2,1
Coronavac,5,2021-12-06,DU,0
Coronavac,5,2021-12-06,R,0
Coronavac,5,2021-12-07,D1,138
Coronavac,5,2021-12-07,D2,59
Coronavac,5,2021-12-07,DU,0
Coronavac,5,2021-12-07,R,609
Coronavac,5,2021-12-09,D1,0
Coronavac,5,2021-12-09,D2,1
Coronavac,5,2021-12-09,DU,0
Coronavac,5,2021-12-09,R,2
Coronavac,5,2021-12-10,D1,0
Coronavac,5,2021-12-10,D2,0
Coronavac,5,2021-12-10,DU,0
Coronavac,5,2021-12-10,R,1
Coronavac,5,2021-12-11,D1,0
Coronavac,5,2021-12-11,D2,0
Coronavac,5,2021-12-11,DU,0
Coronavac,5,2021-12-11,R,1
Coronavac,5,2021-12-13,D1,0
Coronavac,5,2021-12-13,D2,0
Coronavac,5,2021-12-13,DU,0
Coronavac,5,2021-12-13,R,5
Coronavac,5,2021-12-14,D1,113
Coronavac,5,2021-12-14,D2,16
Coronavac,5,2021-12-14,DU,0
Coronavac,5,2021-12-14,R,566
Coronavac,5,2021-12-15,D1,0
Coronavac,5,2021-12-15,D2,1
Coronavac,5,2021-12-15,DU,0
Coronavac,5,2021-12-15,R,2
Coronavac,5,2021-12-16,D1,0
Coronavac,5,2021-12-16,D2,3
Coronavac,5,2021-12-16,DU,0
Coronavac,5,2021-12-16,R,2
Coronavac,5,2021-12-17,D1,56
Coronavac,5,2021-12-17,D2,221
Coronavac,5,2021-12-17,DU,0
Coronavac,5,2021-12-17,R,432
Coronavac,5,2021-12-19,D1,0
Coronavac,5,2021-12-19,D2,2
Coronavac,5,2021-12-19,DU,0
Coronavac,5,2021-12-19,R,29
Coronavac,5,2021-12-20,D1,18
Coronavac,5,2021-12-20,D2,61
Coronavac,5,2021-12-20,DU,0
Coronavac,5,2021-12-20,R,254
Coronavac,5,2021-12-21,D1,1
Coronavac,5,2021-12-21,D2,2
Coronavac,5,2021-12-21,DU,0
Coronavac,5,2021-12-21,R,0
Coronavac,5,2021-12-22,D1,0
Coronavac,5,2021-12-22,D2,1
Coronavac,5,2021-12-22,DU,0
Coronavac,5,2021-12-22,R,3
Coronavac,5,2021-12-23,D1,23
Coronavac,5,2021-12-23,D2,47
Coronavac,5,2021-12-23,DU,0
Coronavac,5,2021-12-23,R,123
Coronavac,5,2021-12-26,D1,0
Coronavac,5,2021-12-26,D2,2
Coronavac,5,2021-12-26,DU,0
Coronavac,5,2021-12-26,R,3
Coronavac,5,2021-12-27,D1,55
Coronavac,5,2021-12-27,D2,170
Coronavac,5,2021-12-27,DU,0
Coronavac,5,2021-12-27,R,696
Coronavac,5,2021-12-28,D1,37
Coronavac,5,2021-12-28,D2,201
Coronavac,5,2021-12-28,DU,0
Coronavac,5,2021-12-28,R,545
Coronavac,5,2022-01-03,D1,44
Coronavac,5,2022-01-03,D2,141
Coronavac,5,2022-01-03,DU,0
Coronavac,5,2022-01-03,R,530
Coronavac,5,2022-01-04,D1,67
Coronavac,5,2022-01-04,D2,181
Coronavac,5,2022-01-04,DU,0
Coronavac,5,2022-01-04,R,1062
Coronavac,5,2022-01-05,D1,1
Coronavac,5,2022-01-05,D2,2
Coronavac,5,2022-01-05,DU,0
Coronavac,5,2022-01-05,R,17
Coronavac,5,2022-01-06,D1,0
Coronavac,5,2022-01-06,D2,0
Coronavac,5,2022-01-06,DU,0
Coronavac,5,2022-01-06,R,1
Coronavac,5,2022-01-07,D1,0
Coronavac,5,2022-01-07,D2,1
Coronavac,5,2022-01-07,DU,0
Coronavac,5,2022-01-07,R,3
Coronavac,5,2022-01-08,D1,0
Coronavac,5,2022-01-08,D2,4
Coronavac,5,2022-01-08,DU,0
Coronavac,5,2022-01-08,R,52
Coronavac,5,2022-01-10,D1,79
Coronavac,5,2022-01-10,D2,232
Coronavac,5,2022-01-10,DU,0
Coronavac,5,2022-01-10,R,1561
Coronavac,5,2022-01-11,D1,92
Coronavac,5,2022-01-11,D2,210
Coronavac,5,2022-01-11,DU,0
Coronavac,5,2022-01-11,R,1566
Coronavac,5,2022-01-12,D1,1
Coronavac,5,2022-01-12,D2,2
Coronavac,5,2022-01-12,DU,0
Coronavac,5,2022-01-12,R,0
Coronavac,5,2022-01-13,D1,96
Coronavac,5,2022-01-13,D2,216
Coronavac,5,2022-01-13,DU,0
Coronavac,5,2022-01-13,R,752
Coronavac,5,2022-01-14,D1,3
Coronavac,5,2022-01-14,D2,23
Coronavac,5,2022-01-14,DU,0
Coronavac,5,2022-01-14,R,35
Coronavac,6,2021-01-18,D1,63
Coronavac,6,2021-01-18,D2,0
Coronavac,6,2021-01-18,DU,0
Coronavac,6,2021-01-18,R,0
Coronavac,6,2021-01-19,D1,591
Coronavac,6,2021-01-19,D2,2
Coronavac,6,2021-01-19,DU,0
Coronavac,6,2021-01-19,R,0
Coronavac,6,2021-01-20,D1,1867
Coronavac,6,2021-01-20,D2,1
Coronavac,6,2021-01-20,DU,0
Coronavac,6,2021-01-20,R,0
Coronavac,6,2021-01-21,D1,5608
Coronavac,6,2021-01-21,D2,7
Coronavac,6,2021-01-21,DU,0
Coronavac,6,2021-01-21,R,1
Coronavac,6,2021-01-22,D1,8170
Coronavac,6,2021-01-22,D2,14
Coronavac,6,2021-01-22,DU,0
Coronavac,6,2021-01-22,R,0
Coronavac,6,2021-01-23,D1,1973
Coronavac,6,2021-01-23,D2,4
Coronavac,6,2021-01-23,DU,0
Coronavac,6,2021-01-23,R,0
Coronavac,6,2021-01-24,D1,621
Coronavac,6,2021-01-24,D2,2
Coronavac,6,2021-01-24,DU,0
Coronavac,6,2021-01-24,R,0
Coronavac,6,2021-01-25,D1,3312
Coronavac,6,2021-01-25,D2,5
Coronavac,6,2021-01-25,DU,0
Coronavac,6,2021-01-25,R,0
Coronavac,6,2021-01-26,D1,3432
Coronavac,6,2021-01-26,D2,5
Coronavac,6,2021-01-26,DU,0
Coronavac,6,2021-01-26,R,0
Coronavac,6,2021-01-27,D1,3061
Coronavac,6,2021-01-27,D2,4
Coronavac,6,2021-01-27,DU,0
Coronavac,6,2021-01-27,R,0
Coronavac,6,2021-01-28,D1,2740
Coronavac,6,2021-01-28,D2,4
Coronavac,6,2021-01-28,DU,0
Coronavac,6,2021-01-28,R,0
Coronavac,6,2021-01-29,D1,2083
Coronavac,6,2021-01-29,D2,2
Coronavac,6,2021-01-29,DU,0
Coronavac,6,2021-01-29,R,0
Coronavac,6,2021-01-30,D1,271
Coronavac,6,2021-01-30,D2,0
Coronavac,6,2021-01-30,DU,0
Coronavac,6,2021-01-30,R,0
Coronavac,6,2021-01-31,D1,43
Coronavac,6,2021-01-31,D2,1
Coronavac,6,2021-01-31,DU,0
Coronavac,6,2021-01-31,R,0
Coronavac,6,2021-02-01,D1,991
Coronavac,6,2021-02-01,D2,1
Coronavac,6,2021-02-01,DU,0
Coronavac,6,2021-02-01,R,0
Coronavac,6,2021-02-02,D1,1154
Coronavac,6,2021-02-02,D2,1
Coronavac,6,2021-02-02,DU,0
Coronavac,6,2021-02-02,R,0
Coronavac,6,2021-02-03,D1,1807
Coronavac,6,2021-02-03,D2,14
Coronavac,6,2021-02-03,DU,0
Coronavac,6,2021-02-03,R,0
Coronavac,6,2021-02-04,D1,3273
Coronavac,6,2021-02-04,D2,8
Coronavac,6,2021-02-04,DU,0
Coronavac,6,2021-02-04,R,0
Coronavac,6,2021-02-05,D1,2636
Coronavac,6,2021-02-05,D2,10
Coronavac,6,2021-02-05,DU,0
Coronavac,6,2021-02-05,R,1
Coronavac,6,2021-02-06,D1,1013
Coronavac,6,2021-02-06,D2,0
Coronavac,6,2021-02-06,DU,0
Coronavac,6,2021-02-06,R,0
Coronavac,6,2021-02-07,D1,358
Coronavac,6,2021-02-07,D2,0
Coronavac,6,2021-02-07,DU,0
Coronavac,6,2021-02-07,R,0
Coronavac,6,2021-02-08,D1,1894
Coronavac,6,2021-02-08,D2,26
Coronavac,6,2021-02-08,DU,0
Coronavac,6,2021-02-08,R,0
Coronavac,6,2021-02-09,D1,1465
Coronavac,6,2021-02-09,D2,99
Coronavac,6,2021-02-09,DU,0
Coronavac,6,2021-02-09,R,0
Coronavac,6,2021-02-10,D1,1453
Coronavac,6,2021-02-10,D2,423
Coronavac,6,2021-02-10,DU,0
Coronavac,6,2021-02-10,R,0
Coronavac,6,2021-02-11,D1,1062
Coronavac,6,2021-02-11,D2,3187
Coronavac,6,2021-02-11,DU,0
Coronavac,6,2021-02-11,R,0
Coronavac,6,2021-02-12,D1,907
Coronavac,6,2021-02-12,D2,5116
Coronavac,6,2021-02-12,DU,0
Coronavac,6,2021-02-12,R,1
Coronavac,6,2021-02-13,D1,382
Coronavac,6,2021-02-13,D2,958
Coronavac,6,2021-02-13,DU,0
Coronavac,6,2021-02-13,R,0
Coronavac,6,2021-02-14,D1,26
Coronavac,6,2021-02-14,D2,655
Coronavac,6,2021-02-14,DU,0
Coronavac,6,2021-02-14,R,0
Coronavac,6,2021-02-15,D1,540
Coronavac,6,2021-02-15,D2,4136
Coronavac,6,2021-02-15,DU,0
Coronavac,6,2021-02-15,R,0
Coronavac,6,2021-02-16,D1,450
Coronavac,6,2021-02-16,D2,4510
Coronavac,6,2021-02-16,DU,0
Coronavac,6,2021-02-16,R,0
Coronavac,6,2021-02-17,D1,550
Coronavac,6,2021-02-17,D2,4090
Coronavac,6,2021-02-17,DU,0
Coronavac,6,2021-02-17,R,0
Coronavac,6,2021-02-18,D1,736
Coronavac,6,2021-02-18,D2,4044
Coronavac,6,2021-02-18,DU,0
Coronavac,6,2021-02-18,R,1
Coronavac,6,2021-02-19,D1,581
Coronavac,6,2021-02-19,D2,2797
Coronavac,6,2021-02-19,DU,0
Coronavac,6,2021-02-19,R,0
Coronavac,6,2021-02-20,D1,85
Coronavac,6,2021-02-20,D2,245
Coronavac,6,2021-02-20,DU,0
Coronavac,6,2021-02-20,R,0
Coronavac,6,2021-02-21,D1,26
Coronavac,6,2021-02-21,D2,49
Coronavac,6,2021-02-21,DU,0
Coronavac,6,2021-02-21,R,0
Coronavac,6,2021-02-22,D1,340
Coronavac,6,2021-02-22,D2,1595
Coronavac,6,2021-02-22,DU,0
Coronavac,6,2021-02-22,R,0
Coronavac,6,2021-02-23,D1,328
Coronavac,6,2021-02-23,D2,1361
Coronavac,6,2021-02-23,DU,0
Coronavac,6,2021-02-23,R,0
Coronavac,6,2021-02-24,D1,313
Coronavac,6,2021-02-24,D2,1112
Coronavac,6,2021-02-24,DU,0
Coronavac,6,2021-02-24,R,0
Coronavac,6,2021-02-25,D1,260
Coronavac,6,2021-02-25,D2,1052
Coronavac,6,2021-02-25,DU,0
Coronavac,6,2021-02-25,R,0
Coronavac,6,2021-02-26,D1,229
Coronavac,6,2021-02-26,D2,975
Coronavac,6,2021-02-26,DU,0
Coronavac,6,2021-02-26,R,0
Coronavac,6,2021-02-27,D1,29
Coronavac,6,2021-02-27,D2,158
Coronavac,6,2021-02-27,DU,0
Coronavac,6,2021-02-27,R,0
Coronavac,6,2021-02-28,D1,19
Coronavac,6,2021-02-28,D2,85
Coronavac,6,2021-02-28,DU,0
Coronavac,6,2021-02-28,R,0
Coronavac,6,2021-03-01,D1,114
Coronavac,6,2021-03-01,D2,1379
Coronavac,6,2021-03-01,DU,0
Coronavac,6,2021-03-01,R,0
Coronavac,6,2021-03-02,D1,209
Coronavac,6,2021-03-02,D2,2841
Coronavac,6,2021-03-02,DU,0
Coronavac,6,2021-03-02,R,0
Coronavac,6,2021-03-03,D1,277
Coronavac,6,2021-03-03,D2,2830
Coronavac,6,2021-03-03,DU,0
Coronavac,6,2021-03-03,R,0
Coronavac,6,2021-03-04,D1,244
Coronavac,6,2021-03-04,D2,2224
Coronavac,6,2021-03-04,DU,0
Coronavac,6,2021-03-04,R,0
Coronavac,6,2021-03-05,D1,264
Coronavac,6,2021-03-05,D2,1568
Coronavac,6,2021-03-05,DU,0
Coronavac,6,2021-03-05,R,0
Coronavac,6,2021-03-06,D1,77
Coronavac,6,2021-03-06,D2,502
Coronavac,6,2021-03-06,DU,0
Coronavac,6,2021-03-06,R,0
Coronavac,6,2021-03-07,D1,28
Coronavac,6,2021-03-07,D2,44
Coronavac,6,2021-03-07,DU,0
Coronavac,6,2021-03-07,R,0
Coronavac,6,2021-03-08,D1,320
Coronavac,6,2021-03-08,D2,561
Coronavac,6,2021-03-08,DU,0
Coronavac,6,2021-03-08,R,0
Coronavac,6,2021-03-09,D1,249
Coronavac,6,2021-03-09,D2,544
Coronavac,6,2021-03-09,DU,0
Coronavac,6,2021-03-09,R,0
Coronavac,6,2021-03-10,D1,329
Coronavac,6,2021-03-10,D2,654
Coronavac,6,2021-03-10,DU,0
Coronavac,6,2021-03-10,R,0
Coronavac,6,2021-03-11,D1,355
Coronavac,6,2021-03-11,D2,851
Coronavac,6,2021-03-11,DU,0
Coronavac,6,2021-03-11,R,0
Coronavac,6,2021-03-12,D1,328
Coronavac,6,2021-03-12,D2,796
Coronavac,6,2021-03-12,DU,0
Coronavac,6,2021-03-12,R,0
Coronavac,6,2021-03-13,D1,75
Coronavac,6,2021-03-13,D2,128
Coronavac,6,2021-03-13,DU,0
Coronavac,6,2021-03-13,R,0
Coronavac,6,2021-03-14,D1,52
Coronavac,6,2021-03-14,D2,10
Coronavac,6,2021-03-14,DU,0
Coronavac,6,2021-03-14,R,0
Coronavac,6,2021-03-15,D1,266
Coronavac,6,2021-03-15,D2,381
Coronavac,6,2021-03-15,DU,0
Coronavac,6,2021-03-15,R,0
Coronavac,6,2021-03-16,D1,262
Coronavac,6,2021-03-16,D2,406
Coronavac,6,2021-03-16,DU,0
Coronavac,6,2021-03-16,R,0
Coronavac,6,2021-03-17,D1,304
Coronavac,6,2021-03-17,D2,390
Coronavac,6,2021-03-17,DU,0
Coronavac,6,2021-03-17,R,0
Coronavac,6,2021-03-18,D1,296
Coronavac,6,2021-03-18,D2,413
Coronavac,6,2021-03-18,DU,0
Coronavac,6,2021-03-18,R,0
Coronavac,6,2021-03-19,D1,323
Coronavac,6,2021-03-19,D2,351
Coronavac,6,2021-03-19,DU,0
Coronavac,6,2021-03-19,R,0
Coronavac,6,2021-03-20,D1,88
Coronavac,6,2021-03-20,D2,35
Coronavac,6,2021-03-20,DU,0
Coronavac,6,2021-03-20,R,0
Coronavac,6,2021-03-21,D1,16
Coronavac,6,2021-03-21,D2,19
Coronavac,6,2021-03-21,DU,0
Coronavac,6,2021-03-21,R,0
Coronavac,6,2021-03-22,D1,273
Coronavac,6,2021-03-22,D2,223
Coronavac,6,2021-03-22,DU,0
Coronavac,6,2021-03-22,R,0
Coronavac,6,2021-03-23,D1,290
Coronavac,6,2021-03-23,D2,262
Coronavac,6,2021-03-23,DU,0
Coronavac,6,2021-03-23,R,0
Coronavac,6,2021-03-24,D1,319
Coronavac,6,2021-03-24,D2,266
Coronavac,6,2021-03-24,DU,0
Coronavac,6,2021-03-24,R,0
Coronavac,6,2021-03-25,D1,416
Coronavac,6,2021-03-25,D2,279
Coronavac,6,2021-03-25,DU,0
Coronavac,6,2021-03-25,R,0
Coronavac,6,2021-03-26,D1,400
Coronavac,6,2021-03-26,D2,289
Coronavac,6,2021-03-26,DU,0
Coronavac,6,2021-03-26,R,0
Coronavac,6,2021-03-27,D1,121
Coronavac,6,2021-03-27,D2,40
Coronavac,6,2021-03-27,DU,0
Coronavac,6,2021-03-27,R,0
Coronavac,6,2021-03-28,D1,15
Coronavac,6,2021-03-28,D2,17
Coronavac,6,2021-03-28,DU,0
Coronavac,6,2021-03-28,R,0
Coronavac,6,2021-03-29,D1,417
Coronavac,6,2021-03-29,D2,242
Coronavac,6,2021-03-29,DU,0
Coronavac,6,2021-03-29,R,0
Coronavac,6,2021-03-30,D1,547
Coronavac,6,2021-03-30,D2,252
Coronavac,6,2021-03-30,DU,0
Coronavac,6,2021-03-30,R,0
Coronavac,6,2021-03-31,D1,593
Coronavac,6,2021-03-31,D2,273
Coronavac,6,2021-03-31,DU,0
Coronavac,6,2021-03-31,R,0
Coronavac,6,2021-04-01,D1,329
Coronavac,6,2021-04-01,D2,254
Coronavac,6,2021-04-01,DU,0
Coronavac,6,2021-04-01,R,0
Coronavac,6,2021-04-02,D1,65
Coronavac,6,2021-04-02,D2,23
Coronavac,6,2021-04-02,DU,0
Coronavac,6,2021-04-02,R,0
Coronavac,6,2021-04-03,D1,73
Coronavac,6,2021-04-03,D2,45
Coronavac,6,2021-04-03,DU,0
Coronavac,6,2021-04-03,R,0
Coronavac,6,2021-04-04,D1,25
Coronavac,6,2021-04-04,D2,9
Coronavac,6,2021-04-04,DU,0
Coronavac,6,2021-04-04,R,0
Coronavac,6,2021-04-05,D1,1242
Coronavac,6,2021-04-05,D2,387
Coronavac,6,2021-04-05,DU,0
Coronavac,6,2021-04-05,R,0
Coronavac,6,2021-04-06,D1,1418
Coronavac,6,2021-04-06,D2,349
Coronavac,6,2021-04-06,DU,0
Coronavac,6,2021-04-06,R,0
Coronavac,6,2021-04-07,D1,1053
Coronavac,6,2021-04-07,D2,300
Coronavac,6,2021-04-07,DU,0
Coronavac,6,2021-04-07,R,0
Coronavac,6,2021-04-08,D1,483
Coronavac,6,2021-04-08,D2,293
Coronavac,6,2021-04-08,DU,0
Coronavac,6,2021-04-08,R,0
Coronavac,6,2021-04-09,D1,657
Coronavac,6,2021-04-09,D2,326
Coronavac,6,2021-04-09,DU,0
Coronavac,6,2021-04-09,R,0
Coronavac,6,2021-04-10,D1,3260
Coronavac,6,2021-04-10,D2,85
Coronavac,6,2021-04-10,DU,0
Coronavac,6,2021-04-10,R,0
Coronavac,6,2021-04-11,D1,273
Coronavac,6,2021-04-11,D2,15
Coronavac,6,2021-04-11,DU,0
Coronavac,6,2021-04-11,R,0
Coronavac,6,2021-04-12,D1,5140
Coronavac,6,2021-04-12,D2,237
Coronavac,6,2021-04-12,DU,0
Coronavac,6,2021-04-12,R,0
Coronavac,6,2021-04-13,D1,2961
Coronavac,6,2021-04-13,D2,276
Coronavac,6,2021-04-13,DU,0
Coronavac,6,2021-04-13,R,0
Coronavac,6,2021-04-14,D1,1734
Coronavac,6,2021-04-14,D2,274
Coronavac,6,2021-04-14,DU,0
Coronavac,6,2021-04-14,R,1
Coronavac,6,2021-04-15,D1,1102
Coronavac,6,2021-04-15,D2,350
Coronavac,6,2021-04-15,DU,0
Coronavac,6,2021-04-15,R,0
Coronavac,6,2021-04-16,D1,731
Coronavac,6,2021-04-16,D2,341
Coronavac,6,2021-04-16,DU,0
Coronavac,6,2021-04-16,R,0
Coronavac,6,2021-04-17,D1,313
Coronavac,6,2021-04-17,D2,97
Coronavac,6,2021-04-17,DU,0
Coronavac,6,2021-04-17,R,0
Coronavac,6,2021-04-18,D1,20
Coronavac,6,2021-04-18,D2,16
Coronavac,6,2021-04-18,DU,0
Coronavac,6,2021-04-18,R,0
Coronavac,6,2021-04-19,D1,464
Coronavac,6,2021-04-19,D2,391
Coronavac,6,2021-04-19,DU,0
Coronavac,6,2021-04-19,R,0
Coronavac,6,2021-04-20,D1,254
Coronavac,6,2021-04-20,D2,393
Coronavac,6,2021-04-20,DU,0
Coronavac,6,2021-04-20,R,0
Coronavac,6,2021-04-21,D1,42
Coronavac,6,2021-04-21,D2,52
Coronavac,6,2021-04-21,DU,0
Coronavac,6,2021-04-21,R,0
Coronavac,6,2021-04-22,D1,179
Coronavac,6,2021-04-22,D2,499
Coronavac,6,2021-04-22,DU,0
Coronavac,6,2021-04-22,R,0
Coronavac,6,2021-04-23,D1,134
Coronavac,6,2021-04-23,D2,365
Coronavac,6,2021-04-23,DU,0
Coronavac,6,2021-04-23,R,0
Coronavac,6,2021-04-24,D1,43
Coronavac,6,2021-04-24,D2,72
Coronavac,6,2021-04-24,DU,0
Coronavac,6,2021-04-24,R,0
Coronavac,6,2021-04-25,D1,0
Coronavac,6,2021-04-25,D2,10
Coronavac,6,2021-04-25,DU,0
Coronavac,6,2021-04-25,R,0
Coronavac,6,2021-04-26,D1,100
Coronavac,6,2021-04-26,D2,344
Coronavac,6,2021-04-26,DU,0
Coronavac,6,2021-04-26,R,0
Coronavac,6,2021-04-27,D1,111
Coronavac,6,2021-04-27,D2,403
Coronavac,6,2021-04-27,DU,0
Coronavac,6,2021-04-27,R,0
Coronavac,6,2021-04-28,D1,101
Coronavac,6,2021-04-28,D2,456
Coronavac,6,2021-04-28,DU,0
Coronavac,6,2021-04-28,R,0
Coronavac,6,2021-04-29,D1,92
Coronavac,6,2021-04-29,D2,321
Coronavac,6,2021-04-29,DU,0
Coronavac,6,2021-04-29,R,0
Coronavac,6,2021-04-30,D1,133
Coronavac,6,2021-04-30,D2,320
Coronavac,6,2021-04-30,DU,0
Coronavac,6,2021-04-30,R,0
Coronavac,6,2021-05-01,D1,20
Coronavac,6,2021-05-01,D2,918
Coronavac,6,2021-05-01,DU,0
Coronavac,6,2021-05-01,R,0
Coronavac,6,2021-05-02,D1,19
Coronavac,6,2021-05-02,D2,12
Coronavac,6,2021-05-02,DU,0
Coronavac,6,2021-05-02,R,0
Coronavac,6,2021-05-03,D1,137
Coronavac,6,2021-05-03,D2,2504
Coronavac,6,2021-05-03,DU,0
Coronavac,6,2021-05-03,R,0
Coronavac,6,2021-05-04,D1,190
Coronavac,6,2021-05-04,D2,2559
Coronavac,6,2021-05-04,DU,0
Coronavac,6,2021-05-04,R,0
Coronavac,6,2021-05-05,D1,214
Coronavac,6,2021-05-05,D2,2313
Coronavac,6,2021-05-05,DU,0
Coronavac,6,2021-05-05,R,0
Coronavac,6,2021-05-06,D1,109
Coronavac,6,2021-05-06,D2,1354
Coronavac,6,2021-05-06,DU,0
Coronavac,6,2021-05-06,R,0
Coronavac,6,2021-05-07,D1,160
Coronavac,6,2021-05-07,D2,1714
Coronavac,6,2021-05-07,DU,0
Coronavac,6,2021-05-07,R,0
Coronavac,6,2021-05-08,D1,59
Coronavac,6,2021-05-08,D2,1191
Coronavac,6,2021-05-08,DU,0
Coronavac,6,2021-05-08,R,0
Coronavac,6,2021-05-09,D1,2
Coronavac,6,2021-05-09,D2,79
Coronavac,6,2021-05-09,DU,0
Coronavac,6,2021-05-09,R,0
Coronavac,6,2021-05-10,D1,95
Coronavac,6,2021-05-10,D2,2188
Coronavac,6,2021-05-10,DU,0
Coronavac,6,2021-05-10,R,0
Coronavac,6,2021-05-11,D1,146
Coronavac,6,2021-05-11,D2,1682
Coronavac,6,2021-05-11,DU,0
Coronavac,6,2021-05-11,R,0
Coronavac,6,2021-05-12,D1,91
Coronavac,6,2021-05-12,D2,921
Coronavac,6,2021-05-12,DU,0
Coronavac,6,2021-05-12,R,0
Coronavac,6,2021-05-13,D1,92
Coronavac,6,2021-05-13,D2,429
Coronavac,6,2021-05-13,DU,0
Coronavac,6,2021-05-13,R,0
Coronavac,6,2021-05-14,D1,80
Coronavac,6,2021-05-14,D2,444
Coronavac,6,2021-05-14,DU,0
Coronavac,6,2021-05-14,R,0
Coronavac,6,2021-05-15,D1,72
Coronavac,6,2021-05-15,D2,251
Coronavac,6,2021-05-15,DU,0
Coronavac,6,2021-05-15,R,0
Coronavac,6,2021-05-16,D1,2
Coronavac,6,2021-05-16,D2,5
Coronavac,6,2021-05-16,DU,0
Coronavac,6,2021-05-16,R,0
Coronavac,6,2021-05-17,D1,150
Coronavac,6,2021-05-17,D2,310
Coronavac,6,2021-05-17,DU,0
Coronavac,6,2021-05-17,R,0
Coronavac,6,2021-05-18,D1,233
Coronavac,6,2021-05-18,D2,345
Coronavac,6,2021-05-18,DU,0
Coronavac,6,2021-05-18,R,0
Coronavac,6,2021-05-19,D1,174
Coronavac,6,2021-05-19,D2,185
Coronavac,6,2021-05-19,DU,0
Coronavac,6,2021-05-19,R,0
Coronavac,6,2021-05-20,D1,314
Coronavac,6,2021-05-20,D2,176
Coronavac,6,2021-05-20,DU,0
Coronavac,6,2021-05-20,R,0
Coronavac,6,2021-05-21,D1,373
Coronavac,6,2021-05-21,D2,262
Coronavac,6,2021-05-21,DU,0
Coronavac,6,2021-05-21,R,0
Coronavac,6,2021-05-22,D1,82
Coronavac,6,2021-05-22,D2,65
Coronavac,6,2021-05-22,DU,0
Coronavac,6,2021-05-22,R,0
Coronavac,6,2021-05-23,D1,7
Coronavac,6,2021-05-23,D2,4
Coronavac,6,2021-05-23,DU,0
Coronavac,6,2021-05-23,R,0
Coronavac,6,2021-05-24,D1,350
Coronavac,6,2021-05-24,D2,151
Coronavac,6,2021-05-24,DU,0
Coronavac,6,2021-05-24,R,0
Coronavac,6,2021-05-25,D1,276
Coronavac,6,2021-05-25,D2,153
Coronavac,6,2021-05-25,DU,0
Coronavac,6,2021-05-25,R,0
Coronavac,6,2021-05-26,D1,285
Coronavac,6,2021-05-26,D2,151
Coronavac,6,2021-05-26,DU,0
Coronavac,6,2021-05-26,R,0
Coronavac,6,2021-05-27,D1,347
Coronavac,6,2021-05-27,D2,101
Coronavac,6,2021-05-27,DU,0
Coronavac,6,2021-05-27,R,0
Coronavac,6,2021-05-28,D1,455
Coronavac,6,2021-05-28,D2,251
Coronavac,6,2021-05-28,DU,0
Coronavac,6,2021-05-28,R,0
Coronavac,6,2021-05-29,D1,150
Coronavac,6,2021-05-29,D2,99
Coronavac,6,2021-05-29,DU,0
Coronavac,6,2021-05-29,R,0
Coronavac,6,2021-05-30,D1,15
Coronavac,6,2021-05-30,D2,0
Coronavac,6,2021-05-30,DU,0
Coronavac,6,2021-05-30,R,0
Coronavac,6,2021-05-31,D1,314
Coronavac,6,2021-05-31,D2,198
Coronavac,6,2021-05-31,DU,0
Coronavac,6,2021-05-31,R,0
Coronavac,6,2021-06-01,D1,326
Coronavac,6,2021-06-01,D2,149
Coronavac,6,2021-06-01,DU,0
Coronavac,6,2021-06-01,R,0
Coronavac,6,2021-06-02,D1,337
Coronavac,6,2021-06-02,D2,185
Coronavac,6,2021-06-02,DU,0
Coronavac,6,2021-06-02,R,0
Coronavac,6,2021-06-03,D1,183
Coronavac,6,2021-06-03,D2,53
Coronavac,6,2021-06-03,DU,0
Coronavac,6,2021-06-03,R,0
Coronavac,6,2021-06-04,D1,223
Coronavac,6,2021-06-04,D2,62
Coronavac,6,2021-06-04,DU,0
Coronavac,6,2021-06-04,R,0
Coronavac,6,2021-06-05,D1,342
Coronavac,6,2021-06-05,D2,78
Coronavac,6,2021-06-05,DU,0
Coronavac,6,2021-06-05,R,0
Coronavac,6,2021-06-06,D1,87
Coronavac,6,2021-06-06,D2,4
Coronavac,6,2021-06-06,DU,0
Coronavac,6,2021-06-06,R,0
Coronavac,6,2021-06-07,D1,241
Coronavac,6,2021-06-07,D2,156
Coronavac,6,2021-06-07,DU,0
Coronavac,6,2021-06-07,R,0
Coronavac,6,2021-06-08,D1,248
Coronavac,6,2021-06-08,D2,144
Coronavac,6,2021-06-08,DU,0
Coronavac,6,2021-06-08,R,0
Coronavac,6,2021-06-09,D1,454
Coronavac,6,2021-06-09,D2,130
Coronavac,6,2021-06-09,DU,0
Coronavac,6,2021-06-09,R,0
Coronavac,6,2021-06-10,D1,626
Coronavac,6,2021-06-10,D2,147
Coronavac,6,2021-06-10,DU,0
Coronavac,6,2021-06-10,R,0
Coronavac,6,2021-06-11,D1,739
Coronavac,6,2021-06-11,D2,145
Coronavac,6,2021-06-11,DU,0
Coronavac,6,2021-06-11,R,0
Coronavac,6,2021-06-12,D1,218
Coronavac,6,2021-06-12,D2,41
Coronavac,6,2021-06-12,DU,0
Coronavac,6,2021-06-12,R,0
Coronavac,6,2021-06-13,D1,19
Coronavac,6,2021-06-13,D2,2
Coronavac,6,2021-06-13,DU,0
Coronavac,6,2021-06-13,R,0
Coronavac,6,2021-06-14,D1,372
Coronavac,6,2021-06-14,D2,205
Coronavac,6,2021-06-14,DU,0
Coronavac,6,2021-06-14,R,0
Coronavac,6,2021-06-15,D1,306
Coronavac,6,2021-06-15,D2,206
Coronavac,6,2021-06-15,DU,0
Coronavac,6,2021-06-15,R,0
Coronavac,6,2021-06-16,D1,308
Coronavac,6,2021-06-16,D2,194
Coronavac,6,2021-06-16,DU,0
Coronavac,6,2021-06-16,R,0
Coronavac,6,2021-06-17,D1,641
Coronavac,6,2021-06-17,D2,270
Coronavac,6,2021-06-17,DU,0
Coronavac,6,2021-06-17,R,0
Coronavac,6,2021-06-18,D1,1773
Coronavac,6,2021-06-18,D2,365
Coronavac,6,2021-06-18,DU,0
Coronavac,6,2021-06-18,R,0
Coronavac,6,2021-06-19,D1,989
Coronavac,6,2021-06-19,D2,92
Coronavac,6,2021-06-19,DU,0
Coronavac,6,2021-06-19,R,0
Coronavac,6,2021-06-20,D1,34
Coronavac,6,2021-06-20,D2,12
Coronavac,6,2021-06-20,DU,0
Coronavac,6,2021-06-20,R,0
Coronavac,6,2021-06-21,D1,1080
Coronavac,6,2021-06-21,D2,336
Coronavac,6,2021-06-21,DU,0
Coronavac,6,2021-06-21,R,0
Coronavac,6,2021-06-22,D1,2607
Coronavac,6,2021-06-22,D2,126
Coronavac,6,2021-06-22,DU,0
Coronavac,6,2021-06-22,R,1
Coronavac,6,2021-06-23,D1,38409
Coronavac,6,2021-06-23,D2,470
Coronavac,6,2021-06-23,DU,0
Coronavac,6,2021-06-23,R,2
Coronavac,6,2021-06-24,D1,33419
Coronavac,6,2021-06-24,D2,251
Coronavac,6,2021-06-24,DU,0
Coronavac,6,2021-06-24,R,0
Coronavac,6,2021-06-25,D1,18009
Coronavac,6,2021-06-25,D2,274
Coronavac,6,2021-06-25,DU,0
Coronavac,6,2021-06-25,R,0
Coronavac,6,2021-06-26,D1,12843
Coronavac,6,2021-06-26,D2,77
Coronavac,6,2021-06-26,DU,0
Coronavac,6,2021-06-26,R,0
Coronavac,6,2021-06-27,D1,2490
Coronavac,6,2021-06-27,D2,4
Coronavac,6,2021-06-27,DU,0
Coronavac,6,2021-06-27,R,0
Coronavac,6,2021-06-28,D1,10605
Coronavac,6,2021-06-28,D2,373
Coronavac,6,2021-06-28,DU,0
Coronavac,6,2021-06-28,R,0
Coronavac,6,2021-06-29,D1,10853
Coronavac,6,2021-06-29,D2,299
Coronavac,6,2021-06-29,DU,0
Coronavac,6,2021-06-29,R,0
Coronavac,6,2021-06-30,D1,6408
Coronavac,6,2021-06-30,D2,334
Coronavac,6,2021-06-30,DU,0
Coronavac,6,2021-06-30,R,0
Coronavac,6,2021-07-01,D1,5764
Coronavac,6,2021-07-01,D2,340
Coronavac,6,2021-07-01,DU,0
Coronavac,6,2021-07-01,R,0
Coronavac,6,2021-07-02,D1,3536
Coronavac,6,2021-07-02,D2,569
Coronavac,6,2021-07-02,DU,0
Coronavac,6,2021-07-02,R,0
Coronavac,6,2021-07-03,D1,1733
Coronavac,6,2021-07-03,D2,173
Coronavac,6,2021-07-03,DU,0
Coronavac,6,2021-07-03,R,0
Coronavac,6,2021-07-04,D1,41
Coronavac,6,2021-07-04,D2,14
Coronavac,6,2021-07-04,DU,0
Coronavac,6,2021-07-04,R,0
Coronavac,6,2021-07-05,D1,1548
Coronavac,6,2021-07-05,D2,294
Coronavac,6,2021-07-05,DU,0
Coronavac,6,2021-07-05,R,0
Coronavac,6,2021-07-06,D1,1353
Coronavac,6,2021-07-06,D2,276
Coronavac,6,2021-07-06,DU,0
Coronavac,6,2021-07-06,R,0
Coronavac,6,2021-07-07,D1,607
Coronavac,6,2021-07-07,D2,329
Coronavac,6,2021-07-07,DU,0
Coronavac,6,2021-07-07,R,0
Coronavac,6,2021-07-08,D1,1123
Coronavac,6,2021-07-08,D2,664
Coronavac,6,2021-07-08,DU,0
Coronavac,6,2021-07-08,R,0
Coronavac,6,2021-07-09,D1,334
Coronavac,6,2021-07-09,D2,540
Coronavac,6,2021-07-09,DU,0
Coronavac,6,2021-07-09,R,0
Coronavac,6,2021-07-10,D1,55
Coronavac,6,2021-07-10,D2,137
Coronavac,6,2021-07-10,DU,0
Coronavac,6,2021-07-10,R,0
Coronavac,6,2021-07-11,D1,8
Coronavac,6,2021-07-11,D2,19
Coronavac,6,2021-07-11,DU,0
Coronavac,6,2021-07-11,R,0
Coronavac,6,2021-07-12,D1,801
Coronavac,6,2021-07-12,D2,990
Coronavac,6,2021-07-12,DU,0
Coronavac,6,2021-07-12,R,0
Coronavac,6,2021-07-13,D1,1369
Coronavac,6,2021-07-13,D2,1066
Coronavac,6,2021-07-13,DU,0
Coronavac,6,2021-07-13,R,0
Coronavac,6,2021-07-14,D1,601
Coronavac,6,2021-07-14,D2,3298
Coronavac,6,2021-07-14,DU,0
Coronavac,6,2021-07-14,R,0
Coronavac,6,2021-07-15,D1,1282
Coronavac,6,2021-07-15,D2,2845
Coronavac,6,2021-07-15,DU,0
Coronavac,6,2021-07-15,R,0
Coronavac,6,2021-07-16,D1,3211
Coronavac,6,2021-07-16,D2,4007
Coronavac,6,2021-07-16,DU,0
Coronavac,6,2021-07-16,R,0
Coronavac,6,2021-07-17,D1,3347
Coronavac,6,2021-07-17,D2,3492
Coronavac,6,2021-07-17,DU,0
Coronavac,6,2021-07-17,R,0
Coronavac,6,2021-07-18,D1,234
Coronavac,6,2021-07-18,D2,446
Coronavac,6,2021-07-18,DU,0
Coronavac,6,2021-07-18,R,0
Coronavac,6,2021-07-19,D1,5070
Coronavac,6,2021-07-19,D2,4393
Coronavac,6,2021-07-19,DU,0
Coronavac,6,2021-07-19,R,0
Coronavac,6,2021-07-20,D1,4350
Coronavac,6,2021-07-20,D2,7542
Coronavac,6,2021-07-20,DU,0
Coronavac,6,2021-07-20,R,0
Coronavac,6,2021-07-21,D1,3829
Coronavac,6,2021-07-21,D2,24939
Coronavac,6,2021-07-21,DU,0
Coronavac,6,2021-07-21,R,0
Coronavac,6,2021-07-22,D1,3179
Coronavac,6,2021-07-22,D2,23533
Coronavac,6,2021-07-22,DU,0
Coronavac,6,2021-07-22,R,2
Coronavac,6,2021-07-23,D1,2347
Coronavac,6,2021-07-23,D2,16697
Coronavac,6,2021-07-23,DU,0
Coronavac,6,2021-07-23,R,1
Coronavac,6,2021-07-24,D1,1807
Coronavac,6,2021-07-24,D2,8382
Coronavac,6,2021-07-24,DU,0
Coronavac,6,2021-07-24,R,0
Coronavac,6,2021-07-25,D1,131
Coronavac,6,2021-07-25,D2,1237
Coronavac,6,2021-07-25,DU,0
Coronavac,6,2021-07-25,R,0
Coronavac,6,2021-07-26,D1,1748
Coronavac,6,2021-07-26,D2,9082
Coronavac,6,2021-07-26,DU,0
Coronavac,6,2021-07-26,R,0
Coronavac,6,2021-07-27,D1,1604
Coronavac,6,2021-07-27,D2,8523
Coronavac,6,2021-07-27,DU,0
Coronavac,6,2021-07-27,R,0
Coronavac,6,2021-07-28,D1,1504
Coronavac,6,2021-07-28,D2,5273
Coronavac,6,2021-07-28,DU,0
Coronavac,6,2021-07-28,R,0
Coronavac,6,2021-07-29,D1,1649
Coronavac,6,2021-07-29,D2,5127
Coronavac,6,2021-07-29,DU,0
Coronavac,6,2021-07-29,R,0
Coronavac,6,2021-07-30,D1,2013
Coronavac,6,2021-07-30,D2,3822
Coronavac,6,2021-07-30,DU,0
Coronavac,6,2021-07-30,R,0
Coronavac,6,2021-07-31,D1,949
Coronavac,6,2021-07-31,D2,1770
Coronavac,6,2021-07-31,DU,0
Coronavac,6,2021-07-31,R,1
Coronavac,6,2021-08-01,D1,106
Coronavac,6,2021-08-01,D2,23
Coronavac,6,2021-08-01,DU,0
Coronavac,6,2021-08-01,R,0
Coronavac,6,2021-08-02,D1,2028
Coronavac,6,2021-08-02,D2,2499
Coronavac,6,2021-08-02,DU,0
Coronavac,6,2021-08-02,R,0
Coronavac,6,2021-08-03,D1,1912
Coronavac,6,2021-08-03,D2,2159
Coronavac,6,2021-08-03,DU,0
Coronavac,6,2021-08-03,R,0
Coronavac,6,2021-08-04,D1,1737
Coronavac,6,2021-08-04,D2,1513
Coronavac,6,2021-08-04,DU,0
Coronavac,6,2021-08-04,R,0
Coronavac,6,2021-08-05,D1,1349
Coronavac,6,2021-08-05,D2,1891
Coronavac,6,2021-08-05,DU,0
Coronavac,6,2021-08-05,R,0
Coronavac,6,2021-08-06,D1,968
Coronavac,6,2021-08-06,D2,870
Coronavac,6,2021-08-06,DU,0
Coronavac,6,2021-08-06,R,1
Coronavac,6,2021-08-07,D1,671
Coronavac,6,2021-08-07,D2,592
Coronavac,6,2021-08-07,DU,0
Coronavac,6,2021-08-07,R,0
Coronavac,6,2021-08-08,D1,14
Coronavac,6,2021-08-08,D2,11
Coronavac,6,2021-08-08,DU,0
Coronavac,6,2021-08-08,R,0
Coronavac,6,2021-08-09,D1,1202
Coronavac,6,2021-08-09,D2,1344
Coronavac,6,2021-08-09,DU,0
Coronavac,6,2021-08-09,R,1
Coronavac,6,2021-08-10,D1,1491
Coronavac,6,2021-08-10,D2,1676
Coronavac,6,2021-08-10,DU,0
Coronavac,6,2021-08-10,R,0
Coronavac,6,2021-08-11,D1,1361
Coronavac,6,2021-08-11,D2,1291
Coronavac,6,2021-08-11,DU,0
Coronavac,6,2021-08-11,R,0
Coronavac,6,2021-08-12,D1,976
Coronavac,6,2021-08-12,D2,1341
Coronavac,6,2021-08-12,DU,0
Coronavac,6,2021-08-12,R,0
Coronavac,6,2021-08-13,D1,492
Coronavac,6,2021-08-13,D2,1746
Coronavac,6,2021-08-13,DU,0
Coronavac,6,2021-08-13,R,0
Coronavac,6,2021-08-14,D1,273
Coronavac,6,2021-08-14,D2,1619
Coronavac,6,2021-08-14,DU,0
Coronavac,6,2021-08-14,R,0
Coronavac,6,2021-08-15,D1,74
Coronavac,6,2021-08-15,D2,218
Coronavac,6,2021-08-15,DU,0
Coronavac,6,2021-08-15,R,2
Coronavac,6,2021-08-16,D1,701
Coronavac,6,2021-08-16,D2,3160
Coronavac,6,2021-08-16,DU,0
Coronavac,6,2021-08-16,R,0
Coronavac,6,2021-08-17,D1,614
Coronavac,6,2021-08-17,D2,3155
Coronavac,6,2021-08-17,DU,0
Coronavac,6,2021-08-17,R,0
Coronavac,6,2021-08-18,D1,487
Coronavac,6,2021-08-18,D2,3209
Coronavac,6,2021-08-18,DU,0
Coronavac,6,2021-08-18,R,0
Coronavac,6,2021-08-19,D1,506
Coronavac,6,2021-08-19,D2,2780
Coronavac,6,2021-08-19,DU,0
Coronavac,6,2021-08-19,R,0
Coronavac,6,2021-08-20,D1,640
Coronavac,6,2021-08-20,D2,2780
Coronavac,6,2021-08-20,DU,0
Coronavac,6,2021-08-20,R,0
Coronavac,6,2021-08-21,D1,428
Coronavac,6,2021-08-21,D2,1257
Coronavac,6,2021-08-21,DU,0
Coronavac,6,2021-08-21,R,0
Coronavac,6,2021-08-22,D1,42
Coronavac,6,2021-08-22,D2,75
Coronavac,6,2021-08-22,DU,0
Coronavac,6,2021-08-22,R,1
Coronavac,6,2021-08-23,D1,932
Coronavac,6,2021-08-23,D2,2168
Coronavac,6,2021-08-23,DU,0
Coronavac,6,2021-08-23,R,0
Coronavac,6,2021-08-24,D1,858
Coronavac,6,2021-08-24,D2,1881
Coronavac,6,2021-08-24,DU,0
Coronavac,6,2021-08-24,R,0
Coronavac,6,2021-08-25,D1,463
Coronavac,6,2021-08-25,D2,1789
Coronavac,6,2021-08-25,DU,0
Coronavac,6,2021-08-25,R,0
Coronavac,6,2021-08-26,D1,397
Coronavac,6,2021-08-26,D2,1724
Coronavac,6,2021-08-26,DU,0
Coronavac,6,2021-08-26,R,0
Coronavac,6,2021-08-27,D1,592
Coronavac,6,2021-08-27,D2,2143
Coronavac,6,2021-08-27,DU,0
Coronavac,6,2021-08-27,R,0
Coronavac,6,2021-08-28,D1,405
Coronavac,6,2021-08-28,D2,932
Coronavac,6,2021-08-28,DU,0
Coronavac,6,2021-08-28,R,2
Coronavac,6,2021-08-29,D1,30
Coronavac,6,2021-08-29,D2,49
Coronavac,6,2021-08-29,DU,0
Coronavac,6,2021-08-29,R,0
Coronavac,6,2021-08-30,D1,380
Coronavac,6,2021-08-30,D2,1701
Coronavac,6,2021-08-30,DU,0
Coronavac,6,2021-08-30,R,0
Coronavac,6,2021-08-31,D1,301
Coronavac,6,2021-08-31,D2,1563
Coronavac,6,2021-08-31,DU,0
Coronavac,6,2021-08-31,R,33
Coronavac,6,2021-09-01,D1,334
Coronavac,6,2021-09-01,D2,1289
Coronavac,6,2021-09-01,DU,0
Coronavac,6,2021-09-01,R,15
Coronavac,6,2021-09-02,D1,255
Coronavac,6,2021-09-02,D2,1378
Coronavac,6,2021-09-02,DU,0
Coronavac,6,2021-09-02,R,0
Coronavac,6,2021-09-03,D1,255
Coronavac,6,2021-09-03,D2,1062
Coronavac,6,2021-09-03,DU,0
Coronavac,6,2021-09-03,R,2
Coronavac,6,2021-09-04,D1,96
Coronavac,6,2021-09-04,D2,410
Coronavac,6,2021-09-04,DU,0
Coronavac,6,2021-09-04,R,1
Coronavac,6,2021-09-05,D1,8
Coronavac,6,2021-09-05,D2,29
Coronavac,6,2021-09-05,DU,0
Coronavac,6,2021-09-05,R,0
Coronavac,6,2021-09-06,D1,216
Coronavac,6,2021-09-06,D2,378
Coronavac,6,2021-09-06,DU,0
Coronavac,6,2021-09-06,R,97
Coronavac,6,2021-09-07,D1,41
Coronavac,6,2021-09-07,D2,101
Coronavac,6,2021-09-07,DU,0
Coronavac,6,2021-09-07,R,0
Coronavac,6,2021-09-08,D1,422
Coronavac,6,2021-09-08,D2,1358
Coronavac,6,2021-09-08,DU,0
Coronavac,6,2021-09-08,R,21
Coronavac,6,2021-09-09,D1,480
Coronavac,6,2021-09-09,D2,1291
Coronavac,6,2021-09-09,DU,0
Coronavac,6,2021-09-09,R,23
Coronavac,6,2021-09-10,D1,423
Coronavac,6,2021-09-10,D2,1002
Coronavac,6,2021-09-10,DU,0
Coronavac,6,2021-09-10,R,27
Coronavac,6,2021-09-11,D1,225
Coronavac,6,2021-09-11,D2,489
Coronavac,6,2021-09-11,DU,0
Coronavac,6,2021-09-11,R,3
Coronavac,6,2021-09-12,D1,9
Coronavac,6,2021-09-12,D2,46
Coronavac,6,2021-09-12,DU,0
Coronavac,6,2021-09-12,R,0
Coronavac,6,2021-09-13,D1,566
Coronavac,6,2021-09-13,D2,915
Coronavac,6,2021-09-13,DU,0
Coronavac,6,2021-09-13,R,22
Coronavac,6,2021-09-14,D1,400
Coronavac,6,2021-09-14,D2,967
Coronavac,6,2021-09-14,DU,0
Coronavac,6,2021-09-14,R,13
Coronavac,6,2021-09-15,D1,414
Coronavac,6,2021-09-15,D2,754
Coronavac,6,2021-09-15,DU,0
Coronavac,6,2021-09-15,R,3
Coronavac,6,2021-09-16,D1,412
Coronavac,6,2021-09-16,D2,807
Coronavac,6,2021-09-16,DU,0
Coronavac,6,2021-09-16,R,6
Coronavac,6,2021-09-17,D1,470
Coronavac,6,2021-09-17,D2,631
Coronavac,6,2021-09-17,DU,0
Coronavac,6,2021-09-17,R,7
Coronavac,6,2021-09-18,D1,224
Coronavac,6,2021-09-18,D2,362
Coronavac,6,2021-09-18,DU,0
Coronavac,6,2021-09-18,R,0
Coronavac,6,2021-09-19,D1,7
Coronavac,6,2021-09-19,D2,27
Coronavac,6,2021-09-19,DU,0
Coronavac,6,2021-09-19,R,0
Coronavac,6,2021-09-20,D1,419
Coronavac,6,2021-09-20,D2,777
Coronavac,6,2021-09-20,DU,0
Coronavac,6,2021-09-20,R,19
Coronavac,6,2021-09-21,D1,383
Coronavac,6,2021-09-21,D2,739
Coronavac,6,2021-09-21,DU,0
Coronavac,6,2021-09-21,R,43
Coronavac,6,2021-09-22,D1,401
Coronavac,6,2021-09-22,D2,610
Coronavac,6,2021-09-22,DU,0
Coronavac,6,2021-09-22,R,72
Coronavac,6,2021-09-23,D1,472
Coronavac,6,2021-09-23,D2,580
Coronavac,6,2021-09-23,DU,0
Coronavac,6,2021-09-23,R,85
Coronavac,6,2021-09-24,D1,688
Coronavac,6,2021-09-24,D2,582
Coronavac,6,2021-09-24,DU,0
Coronavac,6,2021-09-24,R,82
Coronavac,6,2021-09-25,D1,325
Coronavac,6,2021-09-25,D2,261
Coronavac,6,2021-09-25,DU,0
Coronavac,6,2021-09-25,R,19
Coronavac,6,2021-09-26,D1,25
Coronavac,6,2021-09-26,D2,10
Coronavac,6,2021-09-26,DU,0
Coronavac,6,2021-09-26,R,0
Coronavac,6,2021-09-27,D1,757
Coronavac,6,2021-09-27,D2,493
Coronavac,6,2021-09-27,DU,0
Coronavac,6,2021-09-27,R,59
Coronavac,6,2021-09-28,D1,597
Coronavac,6,2021-09-28,D2,488
Coronavac,6,2021-09-28,DU,0
Coronavac,6,2021-09-28,R,82
Coronavac,6,2021-09-29,D1,475
Coronavac,6,2021-09-29,D2,413
Coronavac,6,2021-09-29,DU,0
Coronavac,6,2021-09-29,R,99
Coronavac,6,2021-09-30,D1,559
Coronavac,6,2021-09-30,D2,431
Coronavac,6,2021-09-30,DU,0
Coronavac,6,2021-09-30,R,117
Coronavac,6,2021-10-01,D1,400
Coronavac,6,2021-10-01,D2,327
Coronavac,6,2021-10-01,DU,0
Coronavac,6,2021-10-01,R,103
Coronavac,6,2021-10-02,D1,847
Coronavac,6,2021-10-02,D2,359
Coronavac,6,2021-10-02,DU,0
Coronavac,6,2021-10-02,R,107
Coronavac,6,2021-10-03,D1,20
Coronavac,6,2021-10-03,D2,8
Coronavac,6,2021-10-03,DU,0
Coronavac,6,2021-10-03,R,3
Coronavac,6,2021-10-04,D1,440
Coronavac,6,2021-10-04,D2,387
Coronavac,6,2021-10-04,DU,0
Coronavac,6,2021-10-04,R,122
Coronavac,6,2021-10-05,D1,437
Coronavac,6,2021-10-05,D2,344
Coronavac,6,2021-10-05,DU,0
Coronavac,6,2021-10-05,R,192
Coronavac,6,2021-10-06,D1,350
Coronavac,6,2021-10-06,D2,372
Coronavac,6,2021-10-06,DU,0
Coronavac,6,2021-10-06,R,126
Coronavac,6,2021-10-07,D1,239
Coronavac,6,2021-10-07,D2,419
Coronavac,6,2021-10-07,DU,0
Coronavac,6,2021-10-07,R,97
Coronavac,6,2021-10-08,D1,296
Coronavac,6,2021-10-08,D2,384
Coronavac,6,2021-10-08,DU,0
Coronavac,6,2021-10-08,R,148
Coronavac,6,2021-10-09,D1,45
Coronavac,6,2021-10-09,D2,102
Coronavac,6,2021-10-09,DU,0
Coronavac,6,2021-10-09,R,30
Coronavac,6,2021-10-10,D1,0
Coronavac,6,2021-10-10,D2,6
Coronavac,6,2021-10-10,DU,0
Coronavac,6,2021-10-10,R,0
Coronavac,6,2021-10-11,D1,29
Coronavac,6,2021-10-11,D2,69
Coronavac,6,2021-10-11,DU,0
Coronavac,6,2021-10-11,R,20
Coronavac,6,2021-10-12,D1,8
Coronavac,6,2021-10-12,D2,28
Coronavac,6,2021-10-12,DU,0
Coronavac,6,2021-10-12,R,1
Coronavac,6,2021-10-13,D1,250
Coronavac,6,2021-10-13,D2,503
Coronavac,6,2021-10-13,DU,0
Coronavac,6,2021-10-13,R,82
Coronavac,6,2021-10-14,D1,245
Coronavac,6,2021-10-14,D2,374
Coronavac,6,2021-10-14,DU,0
Coronavac,6,2021-10-14,R,121
Coronavac,6,2021-10-15,D1,240
Coronavac,6,2021-10-15,D2,392
Coronavac,6,2021-10-15,DU,0
Coronavac,6,2021-10-15,R,113
Coronavac,6,2021-10-16,D1,222
Coronavac,6,2021-10-16,D2,270
Coronavac,6,2021-10-16,DU,0
Coronavac,6,2021-10-16,R,56
Coronavac,6,2021-10-17,D1,7
Coronavac,6,2021-10-17,D2,4
Coronavac,6,2021-10-17,DU,0
Coronavac,6,2021-10-17,R,0
Coronavac,6,2021-10-18,D1,160
Coronavac,6,2021-10-18,D2,390
Coronavac,6,2021-10-18,DU,0
Coronavac,6,2021-10-18,R,87
Coronavac,6,2021-10-19,D1,225
Coronavac,6,2021-10-19,D2,358
Coronavac,6,2021-10-19,DU,0
Coronavac,6,2021-10-19,R,80
Coronavac,6,2021-10-20,D1,155
Coronavac,6,2021-10-20,D2,382
Coronavac,6,2021-10-20,DU,0
Coronavac,6,2021-10-20,R,69
Coronavac,6,2021-10-21,D1,165
Coronavac,6,2021-10-21,D2,366
Coronavac,6,2021-10-21,DU,0
Coronavac,6,2021-10-21,R,67
Coronavac,6,2021-10-22,D1,164
Coronavac,6,2021-10-22,D2,564
Coronavac,6,2021-10-22,DU,0
Coronavac,6,2021-10-22,R,73
Coronavac,6,2021-10-23,D1,129
Coronavac,6,2021-10-23,D2,186
Coronavac,6,2021-10-23,DU,0
Coronavac,6,2021-10-23,R,14
Coronavac,6,2021-10-24,D1,12
Coronavac,6,2021-10-24,D2,11
Coronavac,6,2021-10-24,DU,0
Coronavac,6,2021-10-24,R,0
Coronavac,6,2021-10-25,D1,125
Coronavac,6,2021-10-25,D2,591
Coronavac,6,2021-10-25,DU,0
Coronavac,6,2021-10-25,R,65
Coronavac,6,2021-10-26,D1,182
Coronavac,6,2021-10-26,D2,506
Coronavac,6,2021-10-26,DU,0
Coronavac,6,2021-10-26,R,74
Coronavac,6,2021-10-27,D1,160
Coronavac,6,2021-10-27,D2,583
Coronavac,6,2021-10-27,DU,0
Coronavac,6,2021-10-27,R,66
Coronavac,6,2021-10-28,D1,216
Coronavac,6,2021-10-28,D2,502
Coronavac,6,2021-10-28,DU,0
Coronavac,6,2021-10-28,R,70
Coronavac,6,2021-10-29,D1,75
Coronavac,6,2021-10-29,D2,252
Coronavac,6,2021-10-29,DU,0
Coronavac,6,2021-10-29,R,33
Coronavac,6,2021-10-30,D1,99
Coronavac,6,2021-10-30,D2,171
Coronavac,6,2021-10-30,DU,0
Coronavac,6,2021-10-30,R,12
Coronavac,6,2021-10-31,D1,3
Coronavac,6,2021-10-31,D2,12
Coronavac,6,2021-10-31,DU,0
Coronavac,6,2021-10-31,R,0
Coronavac,6,2021-11-01,D1,8
Coronavac,6,2021-11-01,D2,34
Coronavac,6,2021-11-01,DU,0
Coronavac,6,2021-11-01,R,2
Coronavac,6,2021-11-02,D1,28
Coronavac,6,2021-11-02,D2,26
Coronavac,6,2021-11-02,DU,0
Coronavac,6,2021-11-02,R,5
Coronavac,6,2021-11-03,D1,234
Coronavac,6,2021-11-03,D2,476
Coronavac,6,2021-11-03,DU,0
Coronavac,6,2021-11-03,R,66
Coronavac,6,2021-11-04,D1,178
Coronavac,6,2021-11-04,D2,343
Coronavac,6,2021-11-04,DU,0
Coronavac,6,2021-11-04,R,50
Coronavac,6,2021-11-05,D1,205
Coronavac,6,2021-11-05,D2,312
Coronavac,6,2021-11-05,DU,0
Coronavac,6,2021-11-05,R,63
Coronavac,6,2021-11-06,D1,178
Coronavac,6,2021-11-06,D2,141
Coronavac,6,2021-11-06,DU,0
Coronavac,6,2021-11-06,R,10
Coronavac,6,2021-11-07,D1,2
Coronavac,6,2021-11-07,D2,18
Coronavac,6,2021-11-07,DU,0
Coronavac,6,2021-11-07,R,0
Coronavac,6,2021-11-08,D1,102
Coronavac,6,2021-11-08,D2,231
Coronavac,6,2021-11-08,DU,0
Coronavac,6,2021-11-08,R,43
Coronavac,6,2021-11-09,D1,114
Coronavac,6,2021-11-09,D2,203
Coronavac,6,2021-11-09,DU,0
Coronavac,6,2021-11-09,R,47
Coronavac,6,2021-11-10,D1,101
Coronavac,6,2021-11-10,D2,169
Coronavac,6,2021-11-10,DU,0
Coronavac,6,2021-11-10,R,47
Coronavac,6,2021-11-11,D1,114
Coronavac,6,2021-11-11,D2,328
Coronavac,6,2021-11-11,DU,0
Coronavac,6,2021-11-11,R,67
Coronavac,6,2021-11-12,D1,80
Coronavac,6,2021-11-12,D2,264
Coronavac,6,2021-11-12,DU,0
Coronavac,6,2021-11-12,R,49
Coronavac,6,2021-11-13,D1,20
Coronavac,6,2021-11-13,D2,113
Coronavac,6,2021-11-13,DU,0
Coronavac,6,2021-11-13,R,15
Coronavac,6,2021-11-14,D1,1
Coronavac,6,2021-11-14,D2,1
Coronavac,6,2021-11-14,DU,0
Coronavac,6,2021-11-14,R,0
Coronavac,6,2021-11-15,D1,6
Coronavac,6,2021-11-15,D2,8
Coronavac,6,2021-11-15,DU,0
Coronavac,6,2021-11-15,R,6
Coronavac,6,2021-11-16,D1,73
Coronavac,6,2021-11-16,D2,203
Coronavac,6,2021-11-16,DU,0
Coronavac,6,2021-11-16,R,53
Coronavac,6,2021-11-17,D1,76
Coronavac,6,2021-11-17,D2,217
Coronavac,6,2021-11-17,DU,0
Coronavac,6,2021-11-17,R,111
Coronavac,6,2021-11-18,D1,46
Coronavac,6,2021-11-18,D2,2
Coronavac,6,2021-11-18,DU,0
Coronavac,6,2021-11-18,R,135
Coronavac,6,2021-11-19,D1,1
Coronavac,6,2021-11-19,D2,1
Coronavac,6,2021-11-19,DU,0
Coronavac,6,2021-11-19,R,0
Coronavac,6,2021-11-20,D1,41
Coronavac,6,2021-11-20,D2,3
Coronavac,6,2021-11-20,DU,0
Coronavac,6,2021-11-20,R,59
Coronavac,6,2021-11-21,D1,1
Coronavac,6,2021-11-21,D2,0
Coronavac,6,2021-11-21,DU,0
Coronavac,6,2021-11-21,R,2
Coronavac,6,2021-11-22,D1,2
Coronavac,6,2021-11-22,D2,1
Coronavac,6,2021-11-22,DU,0
Coronavac,6,2021-11-22,R,9
Coronavac,6,2021-11-23,D1,12
Coronavac,6,2021-11-23,D2,194
Coronavac,6,2021-11-23,DU,2
Coronavac,6,2021-11-23,R,46
Coronavac,6,2021-11-24,D1,4
Coronavac,6,2021-11-24,D2,4
Coronavac,6,2021-11-24,DU,0
Coronavac,6,2021-11-24,R,23
Coronavac,6,2021-11-25,D1,1
Coronavac,6,2021-11-25,D2,3
Coronavac,6,2021-11-25,DU,0
Coronavac,6,2021-11-25,R,9
Coronavac,6,2021-11-26,D1,0
Coronavac,6,2021-11-26,D2,155
Coronavac,6,2021-11-26,DU,0
Coronavac,6,2021-11-26,R,7
Coronavac,6,2021-11-27,D1,0
Coronavac,6,2021-11-27,D2,0
Coronavac,6,2021-11-27,DU,0
Coronavac,6,2021-11-27,R,32
Coronavac,6,2021-11-28,D1,0
Coronavac,6,2021-11-28,D2,0
Coronavac,6,2021-11-28,DU,0
Coronavac,6,2021-11-28,R,47
Coronavac,6,2021-11-29,D1,0
Coronavac,6,2021-11-29,D2,2
Coronavac,6,2021-11-29,DU,0
Coronavac,6,2021-11-29,R,0
Coronavac,6,2021-11-30,D1,0
Coronavac,6,2021-11-30,D2,2
Coronavac,6,2021-11-30,DU,0
Coronavac,6,2021-11-30,R,3
Coronavac,6,2021-12-02,D1,1
Coronavac,6,2021-12-02,D2,216
Coronavac,6,2021-12-02,DU,0
Coronavac,6,2021-12-02,R,0
Coronavac,6,2021-12-03,D1,1
Coronavac,6,2021-12-03,D2,0
Coronavac,6,2021-12-03,DU,0
Coronavac,6,2021-12-03,R,0
Coronavac,6,2021-12-04,D1,20
Coronavac,6,2021-12-04,D2,0
Coronavac,6,2021-12-04,DU,0
Coronavac,6,2021-12-04,R,295
Coronavac,6,2021-12-05,D1,2
Coronavac,6,2021-12-05,D2,9
Coronavac,6,2021-12-05,DU,0
Coronavac,6,2021-12-05,R,43
Coronavac,6,2021-12-06,D1,0
Coronavac,6,2021-12-06,D2,2
Coronavac,6,2021-12-06,DU,0
Coronavac,6,2021-12-06,R,1
Coronavac,6,2021-12-07,D1,87
Coronavac,6,2021-12-07,D2,26
Coronavac,6,2021-12-07,DU,0
Coronavac,6,2021-12-07,R,1252
Coronavac,6,2021-12-08,D1,1
Coronavac,6,2021-12-08,D2,1
Coronavac,6,2021-12-08,DU,0
Coronavac,6,2021-12-08,R,1
Coronavac,6,2021-12-09,D1,0
Coronavac,6,2021-12-09,D2,0
Coronavac,6,2021-12-09,DU,0
Coronavac,6,2021-12-09,R,6
Coronavac,6,2021-12-10,D1,0
Coronavac,6,2021-12-10,D2,0
Coronavac,6,2021-12-10,DU,0
Coronavac,6,2021-12-10,R,2
Coronavac,6,2021-12-11,D1,0
Coronavac,6,2021-12-11,D2,0
Coronavac,6,2021-12-11,DU,0
Coronavac,6,2021-12-11,R,1
Coronavac,6,2021-12-13,D1,0
Coronavac,6,2021-12-13,D2,0
Coronavac,6,2021-12-13,DU,0
Coronavac,6,2021-12-13,R,3
Coronavac,6,2021-12-14,D1,63
Coronavac,6,2021-12-14,D2,9
Coronavac,6,2021-12-14,DU,0
Coronavac,6,2021-12-14,R,777
Coronavac,6,2021-12-15,D1,0
Coronavac,6,2021-12-15,D2,0
Coronavac,6,2021-12-15,DU,0
Coronavac,6,2021-12-15,R,2
Coronavac,6,2021-12-16,D1,0
Coronavac,6,2021-12-16,D2,1
Coronavac,6,2021-12-16,DU,0
Coronavac,6,2021-12-16,R,0
Coronavac,6,2021-12-17,D1,31
Coronavac,6,2021-12-17,D2,86
Coronavac,6,2021-12-17,DU,0
Coronavac,6,2021-12-17,R,344
Coronavac,6,2021-12-19,D1,0
Coronavac,6,2021-12-19,D2,5
Coronavac,6,2021-12-19,DU,0
Coronavac,6,2021-12-19,R,15
Coronavac,6,2021-12-20,D1,12
Coronavac,6,2021-12-20,D2,25
Coronavac,6,2021-12-20,DU,0
Coronavac,6,2021-12-20,R,185
Coronavac,6,2021-12-21,D1,1
Coronavac,6,2021-12-21,D2,0
Coronavac,6,2021-12-21,DU,0
Coronavac,6,2021-12-21,R,0
Coronavac,6,2021-12-22,D1,1
Coronavac,6,2021-12-22,D2,0
Coronavac,6,2021-12-22,DU,0
Coronavac,6,2021-12-22,R,1
Coronavac,6,2021-12-23,D1,9
Coronavac,6,2021-12-23,D2,22
Coronavac,6,2021-12-23,DU,0
Coronavac,6,2021-12-23,R,138
Coronavac,6,2021-12-26,D1,0
Coronavac,6,2021-12-26,D2,1
Coronavac,6,2021-12-26,DU,0
Coronavac,6,2021-12-26,R,0
Coronavac,6,2021-12-27,D1,35
Coronavac,6,2021-12-27,D2,56
Coronavac,6,2021-12-27,DU,0
Coronavac,6,2021-12-27,R,586
Coronavac,6,2021-12-28,D1,23
Coronavac,6,2021-12-28,D2,84
Coronavac,6,2021-12-28,DU,0
Coronavac,6,2021-12-28,R,496
Coronavac,6,2022-01-03,D1,22
Coronavac,6,2022-01-03,D2,48
Coronavac,6,2022-01-03,DU,0
Coronavac,6,2022-01-03,R,429
Coronavac,6,2022-01-04,D1,50
Coronavac,6,2022-01-04,D2,73
Coronavac,6,2022-01-04,DU,0
Coronavac,6,2022-01-04,R,964
Coronavac,6,2022-01-05,D1,0
Coronavac,6,2022-01-05,D2,3
Coronavac,6,2022-01-05,DU,0
Coronavac,6,2022-01-05,R,29
Coronavac,6,2022-01-06,D1,1
Coronavac,6,2022-01-06,D2,0
Coronavac,6,2022-01-06,DU,0
Coronavac,6,2022-01-06,R,1
Coronavac,6,2022-01-07,D1,0
Coronavac,6,2022-01-07,D2,0
Coronavac,6,2022-01-07,DU,0
Coronavac,6,2022-01-07,R,2
Coronavac,6,2022-01-08,D1,1
Coronavac,6,2022-01-08,D2,0
Coronavac,6,2022-01-08,DU,0
Coronavac,6,2022-01-08,R,28
Coronavac,6,2022-01-10,D1,49
Coronavac,6,2022-01-10,D2,76
Coronavac,6,2022-01-10,DU,0
Coronavac,6,2022-01-10,R,1452
Coronavac,6,2022-01-11,D1,48
Coronavac,6,2022-01-11,D2,64
Coronavac,6,2022-01-11,DU,0
Coronavac,6,2022-01-11,R,1613
Coronavac,6,2022-01-13,D1,40
Coronavac,6,2022-01-13,D2,92
Coronavac,6,2022-01-13,DU,0
Coronavac,6,2022-01-13,R,839
Coronavac,6,2022-01-14,D1,1
Coronavac,6,2022-01-14,D2,2
Coronavac,6,2022-01-14,DU,0
Coronavac,6,2022-01-14,R,46
Coronavac,7,2021-01-18,D1,32
Coronavac,7,2021-01-18,D2,1
Coronavac,7,2021-01-18,DU,0
Coronavac,7,2021-01-18,R,0
Coronavac,7,2021-01-19,D1,353
Coronavac,7,2021-01-19,D2,0
Coronavac,7,2021-01-19,DU,0
Coronavac,7,2021-01-19,R,0
Coronavac,7,2021-01-20,D1,1172
Coronavac,7,2021-01-20,D2,3
Coronavac,7,2021-01-20,DU,0
Coronavac,7,2021-01-20,R,0
Coronavac,7,2021-01-21,D1,3210
Coronavac,7,2021-01-21,D2,4
Coronavac,7,2021-01-21,DU,0
Coronavac,7,2021-01-21,R,0
Coronavac,7,2021-01-22,D1,4320
Coronavac,7,2021-01-22,D2,10
Coronavac,7,2021-01-22,DU,0
Coronavac,7,2021-01-22,R,0
Coronavac,7,2021-01-23,D1,932
Coronavac,7,2021-01-23,D2,2
Coronavac,7,2021-01-23,DU,0
Coronavac,7,2021-01-23,R,0
Coronavac,7,2021-01-24,D1,339
Coronavac,7,2021-01-24,D2,4
Coronavac,7,2021-01-24,DU,0
Coronavac,7,2021-01-24,R,0
Coronavac,7,2021-01-25,D1,2167
Coronavac,7,2021-01-25,D2,4
Coronavac,7,2021-01-25,DU,0
Coronavac,7,2021-01-25,R,0
Coronavac,7,2021-01-26,D1,2133
Coronavac,7,2021-01-26,D2,3
Coronavac,7,2021-01-26,DU,0
Coronavac,7,2021-01-26,R,0
Coronavac,7,2021-01-27,D1,1666
Coronavac,7,2021-01-27,D2,4
Coronavac,7,2021-01-27,DU,0
Coronavac,7,2021-01-27,R,0
Coronavac,7,2021-01-28,D1,1666
Coronavac,7,2021-01-28,D2,2
Coronavac,7,2021-01-28,DU,0
Coronavac,7,2021-01-28,R,0
Coronavac,7,2021-01-29,D1,1192
Coronavac,7,2021-01-29,D2,2
Coronavac,7,2021-01-29,DU,0
Coronavac,7,2021-01-29,R,0
Coronavac,7,2021-01-30,D1,164
Coronavac,7,2021-01-30,D2,0
Coronavac,7,2021-01-30,DU,0
Coronavac,7,2021-01-30,R,0
Coronavac,7,2021-01-31,D1,30
Coronavac,7,2021-01-31,D2,0
Coronavac,7,2021-01-31,DU,0
Coronavac,7,2021-01-31,R,0
Coronavac,7,2021-02-01,D1,654
Coronavac,7,2021-02-01,D2,3
Coronavac,7,2021-02-01,DU,0
Coronavac,7,2021-02-01,R,0
Coronavac,7,2021-02-02,D1,711
Coronavac,7,2021-02-02,D2,4
Coronavac,7,2021-02-02,DU,0
Coronavac,7,2021-02-02,R,0
Coronavac,7,2021-02-03,D1,1092
Coronavac,7,2021-02-03,D2,4
Coronavac,7,2021-02-03,DU,0
Coronavac,7,2021-02-03,R,0
Coronavac,7,2021-02-04,D1,1950
Coronavac,7,2021-02-04,D2,1
Coronavac,7,2021-02-04,DU,0
Coronavac,7,2021-02-04,R,0
Coronavac,7,2021-02-05,D1,1726
Coronavac,7,2021-02-05,D2,3
Coronavac,7,2021-02-05,DU,0
Coronavac,7,2021-02-05,R,0
Coronavac,7,2021-02-06,D1,614
Coronavac,7,2021-02-06,D2,0
Coronavac,7,2021-02-06,DU,0
Coronavac,7,2021-02-06,R,0
Coronavac,7,2021-02-07,D1,203
Coronavac,7,2021-02-07,D2,0
Coronavac,7,2021-02-07,DU,0
Coronavac,7,2021-02-07,R,0
Coronavac,7,2021-02-08,D1,1233
Coronavac,7,2021-02-08,D2,17
Coronavac,7,2021-02-08,DU,0
Coronavac,7,2021-02-08,R,0
Coronavac,7,2021-02-09,D1,988
Coronavac,7,2021-02-09,D2,65
Coronavac,7,2021-02-09,DU,0
Coronavac,7,2021-02-09,R,1
Coronavac,7,2021-02-10,D1,994
Coronavac,7,2021-02-10,D2,246
Coronavac,7,2021-02-10,DU,0
Coronavac,7,2021-02-10,R,0
Coronavac,7,2021-02-11,D1,844
Coronavac,7,2021-02-11,D2,1946
Coronavac,7,2021-02-11,DU,0
Coronavac,7,2021-02-11,R,0
Coronavac,7,2021-02-12,D1,734
Coronavac,7,2021-02-12,D2,2958
Coronavac,7,2021-02-12,DU,0
Coronavac,7,2021-02-12,R,0
Coronavac,7,2021-02-13,D1,239
Coronavac,7,2021-02-13,D2,459
Coronavac,7,2021-02-13,DU,0
Coronavac,7,2021-02-13,R,0
Coronavac,7,2021-02-14,D1,27
Coronavac,7,2021-02-14,D2,378
Coronavac,7,2021-02-14,DU,0
Coronavac,7,2021-02-14,R,1
Coronavac,7,2021-02-15,D1,385
Coronavac,7,2021-02-15,D2,2413
Coronavac,7,2021-02-15,DU,0
Coronavac,7,2021-02-15,R,0
Coronavac,7,2021-02-16,D1,320
Coronavac,7,2021-02-16,D2,2646
Coronavac,7,2021-02-16,DU,0
Coronavac,7,2021-02-16,R,0
Coronavac,7,2021-02-17,D1,465
Coronavac,7,2021-02-17,D2,2262
Coronavac,7,2021-02-17,DU,0
Coronavac,7,2021-02-17,R,0
Coronavac,7,2021-02-18,D1,577
Coronavac,7,2021-02-18,D2,2357
Coronavac,7,2021-02-18,DU,0
Coronavac,7,2021-02-18,R,0
Coronavac,7,2021-02-19,D1,401
Coronavac,7,2021-02-19,D2,1574
Coronavac,7,2021-02-19,DU,0
Coronavac,7,2021-02-19,R,0
Coronavac,7,2021-02-20,D1,72
Coronavac,7,2021-02-20,D2,135
Coronavac,7,2021-02-20,DU,0
Coronavac,7,2021-02-20,R,0
Coronavac,7,2021-02-21,D1,14
Coronavac,7,2021-02-21,D2,36
Coronavac,7,2021-02-21,DU,0
Coronavac,7,2021-02-21,R,0
Coronavac,7,2021-02-22,D1,248
Coronavac,7,2021-02-22,D2,996
Coronavac,7,2021-02-22,DU,0
Coronavac,7,2021-02-22,R,0
Coronavac,7,2021-02-23,D1,243
Coronavac,7,2021-02-23,D2,764
Coronavac,7,2021-02-23,DU,0
Coronavac,7,2021-02-23,R,0
Coronavac,7,2021-02-24,D1,218
Coronavac,7,2021-02-24,D2,656
Coronavac,7,2021-02-24,DU,0
Coronavac,7,2021-02-24,R,0
Coronavac,7,2021-02-25,D1,172
Coronavac,7,2021-02-25,D2,647
Coronavac,7,2021-02-25,DU,0
Coronavac,7,2021-02-25,R,0
Coronavac,7,2021-02-26,D1,186
Coronavac,7,2021-02-26,D2,613
Coronavac,7,2021-02-26,DU,0
Coronavac,7,2021-02-26,R,0
Coronavac,7,2021-02-27,D1,30
Coronavac,7,2021-02-27,D2,98
Coronavac,7,2021-02-27,DU,0
Coronavac,7,2021-02-27,R,0
Coronavac,7,2021-02-28,D1,12
Coronavac,7,2021-02-28,D2,56
Coronavac,7,2021-02-28,DU,0
Coronavac,7,2021-02-28,R,0
Coronavac,7,2021-03-01,D1,319
Coronavac,7,2021-03-01,D2,899
Coronavac,7,2021-03-01,DU,0
Coronavac,7,2021-03-01,R,0
Coronavac,7,2021-03-02,D1,382
Coronavac,7,2021-03-02,D2,1868
Coronavac,7,2021-03-02,DU,0
Coronavac,7,2021-03-02,R,0
Coronavac,7,2021-03-03,D1,466
Coronavac,7,2021-03-03,D2,1751
Coronavac,7,2021-03-03,DU,0
Coronavac,7,2021-03-03,R,0
Coronavac,7,2021-03-04,D1,404
Coronavac,7,2021-03-04,D2,1452
Coronavac,7,2021-03-04,DU,0
Coronavac,7,2021-03-04,R,0
Coronavac,7,2021-03-05,D1,385
Coronavac,7,2021-03-05,D2,1020
Coronavac,7,2021-03-05,DU,0
Coronavac,7,2021-03-05,R,0
Coronavac,7,2021-03-06,D1,114
Coronavac,7,2021-03-06,D2,361
Coronavac,7,2021-03-06,DU,0
Coronavac,7,2021-03-06,R,0
Coronavac,7,2021-03-07,D1,37
Coronavac,7,2021-03-07,D2,21
Coronavac,7,2021-03-07,DU,0
Coronavac,7,2021-03-07,R,0
Coronavac,7,2021-03-08,D1,334
Coronavac,7,2021-03-08,D2,413
Coronavac,7,2021-03-08,DU,0
Coronavac,7,2021-03-08,R,0
Coronavac,7,2021-03-09,D1,200
Coronavac,7,2021-03-09,D2,432
Coronavac,7,2021-03-09,DU,0
Coronavac,7,2021-03-09,R,0
Coronavac,7,2021-03-10,D1,260
Coronavac,7,2021-03-10,D2,538
Coronavac,7,2021-03-10,DU,0
Coronavac,7,2021-03-10,R,0
Coronavac,7,2021-03-11,D1,285
Coronavac,7,2021-03-11,D2,601
Coronavac,7,2021-03-11,DU,0
Coronavac,7,2021-03-11,R,0
Coronavac,7,2021-03-12,D1,386
Coronavac,7,2021-03-12,D2,508
Coronavac,7,2021-03-12,DU,0
Coronavac,7,2021-03-12,R,0
Coronavac,7,2021-03-13,D1,81
Coronavac,7,2021-03-13,D2,90
Coronavac,7,2021-03-13,DU,0
Coronavac,7,2021-03-13,R,0
Coronavac,7,2021-03-14,D1,30
Coronavac,7,2021-03-14,D2,13
Coronavac,7,2021-03-14,DU,0
Coronavac,7,2021-03-14,R,0
Coronavac,7,2021-03-15,D1,297
Coronavac,7,2021-03-15,D2,299
Coronavac,7,2021-03-15,DU,0
Coronavac,7,2021-03-15,R,0
Coronavac,7,2021-03-16,D1,262
Coronavac,7,2021-03-16,D2,286
Coronavac,7,2021-03-16,DU,0
Coronavac,7,2021-03-16,R,0
Coronavac,7,2021-03-17,D1,300
Coronavac,7,2021-03-17,D2,264
Coronavac,7,2021-03-17,DU,0
Coronavac,7,2021-03-17,R,0
Coronavac,7,2021-03-18,D1,282
Coronavac,7,2021-03-18,D2,291
Coronavac,7,2021-03-18,DU,0
Coronavac,7,2021-03-18,R,0
Coronavac,7,2021-03-19,D1,279
Coronavac,7,2021-03-19,D2,279
Coronavac,7,2021-03-19,DU,0
Coronavac,7,2021-03-19,R,0
Coronavac,7,2021-03-20,D1,112
Coronavac,7,2021-03-20,D2,36
Coronavac,7,2021-03-20,DU,0
Coronavac,7,2021-03-20,R,0
Coronavac,7,2021-03-21,D1,24
Coronavac,7,2021-03-21,D2,15
Coronavac,7,2021-03-21,DU,0
Coronavac,7,2021-03-21,R,0
Coronavac,7,2021-03-22,D1,273
Coronavac,7,2021-03-22,D2,354
Coronavac,7,2021-03-22,DU,0
Coronavac,7,2021-03-22,R,0
Coronavac,7,2021-03-23,D1,234
Coronavac,7,2021-03-23,D2,374
Coronavac,7,2021-03-23,DU,0
Coronavac,7,2021-03-23,R,0
Coronavac,7,2021-03-24,D1,268
Coronavac,7,2021-03-24,D2,406
Coronavac,7,2021-03-24,DU,0
Coronavac,7,2021-03-24,R,0
Coronavac,7,2021-03-25,D1,316
Coronavac,7,2021-03-25,D2,424
Coronavac,7,2021-03-25,DU,0
Coronavac,7,2021-03-25,R,0
Coronavac,7,2021-03-26,D1,316
Coronavac,7,2021-03-26,D2,315
Coronavac,7,2021-03-26,DU,0
Coronavac,7,2021-03-26,R,0
Coronavac,7,2021-03-27,D1,113
Coronavac,7,2021-03-27,D2,72
Coronavac,7,2021-03-27,DU,0
Coronavac,7,2021-03-27,R,0
Coronavac,7,2021-03-28,D1,7
Coronavac,7,2021-03-28,D2,6
Coronavac,7,2021-03-28,DU,0
Coronavac,7,2021-03-28,R,0
Coronavac,7,2021-03-29,D1,932
Coronavac,7,2021-03-29,D2,302
Coronavac,7,2021-03-29,DU,0
Coronavac,7,2021-03-29,R,0
Coronavac,7,2021-03-30,D1,696
Coronavac,7,2021-03-30,D2,223
Coronavac,7,2021-03-30,DU,0
Coronavac,7,2021-03-30,R,0
Coronavac,7,2021-03-31,D1,554
Coronavac,7,2021-03-31,D2,251
Coronavac,7,2021-03-31,DU,0
Coronavac,7,2021-03-31,R,0
Coronavac,7,2021-04-01,D1,369
Coronavac,7,2021-04-01,D2,241
Coronavac,7,2021-04-01,DU,0
Coronavac,7,2021-04-01,R,0
Coronavac,7,2021-04-02,D1,59
Coronavac,7,2021-04-02,D2,38
Coronavac,7,2021-04-02,DU,0
Coronavac,7,2021-04-02,R,0
Coronavac,7,2021-04-03,D1,80
Coronavac,7,2021-04-03,D2,38
Coronavac,7,2021-04-03,DU,0
Coronavac,7,2021-04-03,R,0
Coronavac,7,2021-04-04,D1,13
Coronavac,7,2021-04-04,D2,7
Coronavac,7,2021-04-04,DU,0
Coronavac,7,2021-04-04,R,0
Coronavac,7,2021-04-05,D1,1122
Coronavac,7,2021-04-05,D2,435
Coronavac,7,2021-04-05,DU,0
Coronavac,7,2021-04-05,R,1
Coronavac,7,2021-04-06,D1,1055
Coronavac,7,2021-04-06,D2,345
Coronavac,7,2021-04-06,DU,0
Coronavac,7,2021-04-06,R,0
Coronavac,7,2021-04-07,D1,1668
Coronavac,7,2021-04-07,D2,288
Coronavac,7,2021-04-07,DU,0
Coronavac,7,2021-04-07,R,0
Coronavac,7,2021-04-08,D1,671
Coronavac,7,2021-04-08,D2,248
Coronavac,7,2021-04-08,DU,0
Coronavac,7,2021-04-08,R,0
Coronavac,7,2021-04-09,D1,1182
Coronavac,7,2021-04-09,D2,304
Coronavac,7,2021-04-09,DU,0
Coronavac,7,2021-04-09,R,0
Coronavac,7,2021-04-10,D1,8816
Coronavac,7,2021-04-10,D2,84
Coronavac,7,2021-04-10,DU,0
Coronavac,7,2021-04-10,R,0
Coronavac,7,2021-04-11,D1,675
Coronavac,7,2021-04-11,D2,8
Coronavac,7,2021-04-11,DU,0
Coronavac,7,2021-04-11,R,0
Coronavac,7,2021-04-12,D1,12826
Coronavac,7,2021-04-12,D2,255
Coronavac,7,2021-04-12,DU,0
Coronavac,7,2021-04-12,R,0
Coronavac,7,2021-04-13,D1,7206
Coronavac,7,2021-04-13,D2,268
Coronavac,7,2021-04-13,DU,0
Coronavac,7,2021-04-13,R,0
Coronavac,7,2021-04-14,D1,4306
Coronavac,7,2021-04-14,D2,244
Coronavac,7,2021-04-14,DU,0
Coronavac,7,2021-04-14,R,0
Coronavac,7,2021-04-15,D1,2289
Coronavac,7,2021-04-15,D2,267
Coronavac,7,2021-04-15,DU,0
Coronavac,7,2021-04-15,R,0
Coronavac,7,2021-04-16,D1,1196
Coronavac,7,2021-04-16,D2,242
Coronavac,7,2021-04-16,DU,0
Coronavac,7,2021-04-16,R,0
Coronavac,7,2021-04-17,D1,684
Coronavac,7,2021-04-17,D2,84
Coronavac,7,2021-04-17,DU,0
Coronavac,7,2021-04-17,R,0
Coronavac,7,2021-04-18,D1,10
Coronavac,7,2021-04-18,D2,22
Coronavac,7,2021-04-18,DU,0
Coronavac,7,2021-04-18,R,0
Coronavac,7,2021-04-19,D1,806
Coronavac,7,2021-04-19,D2,732
Coronavac,7,2021-04-19,DU,0
Coronavac,7,2021-04-19,R,0
Coronavac,7,2021-04-20,D1,390
Coronavac,7,2021-04-20,D2,528
Coronavac,7,2021-04-20,DU,0
Coronavac,7,2021-04-20,R,0
Coronavac,7,2021-04-21,D1,73
Coronavac,7,2021-04-21,D2,82
Coronavac,7,2021-04-21,DU,0
Coronavac,7,2021-04-21,R,0
Coronavac,7,2021-04-22,D1,249
Coronavac,7,2021-04-22,D2,692
Coronavac,7,2021-04-22,DU,0
Coronavac,7,2021-04-22,R,0
Coronavac,7,2021-04-23,D1,257
Coronavac,7,2021-04-23,D2,344
Coronavac,7,2021-04-23,DU,0
Coronavac,7,2021-04-23,R,0
Coronavac,7,2021-04-24,D1,62
Coronavac,7,2021-04-24,D2,81
Coronavac,7,2021-04-24,DU,0
Coronavac,7,2021-04-24,R,0
Coronavac,7,2021-04-25,D1,14
Coronavac,7,2021-04-25,D2,9
Coronavac,7,2021-04-25,DU,0
Coronavac,7,2021-04-25,R,0
Coronavac,7,2021-04-26,D1,131
Coronavac,7,2021-04-26,D2,599
Coronavac,7,2021-04-26,DU,0
Coronavac,7,2021-04-26,R,0
Coronavac,7,2021-04-27,D1,188
Coronavac,7,2021-04-27,D2,540
Coronavac,7,2021-04-27,DU,0
Coronavac,7,2021-04-27,R,0
Coronavac,7,2021-04-28,D1,229
Coronavac,7,2021-04-28,D2,1097
Coronavac,7,2021-04-28,DU,0
Coronavac,7,2021-04-28,R,0
Coronavac,7,2021-04-29,D1,142
Coronavac,7,2021-04-29,D2,595
Coronavac,7,2021-04-29,DU,0
Coronavac,7,2021-04-29,R,0
Coronavac,7,2021-04-30,D1,195
Coronavac,7,2021-04-30,D2,555
Coronavac,7,2021-04-30,DU,0
Coronavac,7,2021-04-30,R,0
Coronavac,7,2021-05-01,D1,56
Coronavac,7,2021-05-01,D2,2679
Coronavac,7,2021-05-01,DU,0
Coronavac,7,2021-05-01,R,0
Coronavac,7,2021-05-02,D1,30
Coronavac,7,2021-05-02,D2,9
Coronavac,7,2021-05-02,DU,0
Coronavac,7,2021-05-02,R,0
Coronavac,7,2021-05-03,D1,204
Coronavac,7,2021-05-03,D2,3677
Coronavac,7,2021-05-03,DU,0
Coronavac,7,2021-05-03,R,0
Coronavac,7,2021-05-04,D1,189
Coronavac,7,2021-05-04,D2,4428
Coronavac,7,2021-05-04,DU,0
Coronavac,7,2021-05-04,R,0
Coronavac,7,2021-05-05,D1,306
Coronavac,7,2021-05-05,D2,4846
Coronavac,7,2021-05-05,DU,0
Coronavac,7,2021-05-05,R,0
Coronavac,7,2021-05-06,D1,259
Coronavac,7,2021-05-06,D2,3177
Coronavac,7,2021-05-06,DU,0
Coronavac,7,2021-05-06,R,0
Coronavac,7,2021-05-07,D1,309
Coronavac,7,2021-05-07,D2,3884
Coronavac,7,2021-05-07,DU,0
Coronavac,7,2021-05-07,R,0
Coronavac,7,2021-05-08,D1,255
Coronavac,7,2021-05-08,D2,3030
Coronavac,7,2021-05-08,DU,0
Coronavac,7,2021-05-08,R,0
Coronavac,7,2021-05-09,D1,4
Coronavac,7,2021-05-09,D2,187
Coronavac,7,2021-05-09,DU,0
Coronavac,7,2021-05-09,R,0
Coronavac,7,2021-05-10,D1,330
Coronavac,7,2021-05-10,D2,5584
Coronavac,7,2021-05-10,DU,0
Coronavac,7,2021-05-10,R,0
Coronavac,7,2021-05-11,D1,383
Coronavac,7,2021-05-11,D2,3864
Coronavac,7,2021-05-11,DU,0
Coronavac,7,2021-05-11,R,0
Coronavac,7,2021-05-12,D1,319
Coronavac,7,2021-05-12,D2,1965
Coronavac,7,2021-05-12,DU,0
Coronavac,7,2021-05-12,R,0
Coronavac,7,2021-05-13,D1,256
Coronavac,7,2021-05-13,D2,743
Coronavac,7,2021-05-13,DU,0
Coronavac,7,2021-05-13,R,0
Coronavac,7,2021-05-14,D1,272
Coronavac,7,2021-05-14,D2,791
Coronavac,7,2021-05-14,DU,0
Coronavac,7,2021-05-14,R,0
Coronavac,7,2021-05-15,D1,109
Coronavac,7,2021-05-15,D2,537
Coronavac,7,2021-05-15,DU,0
Coronavac,7,2021-05-15,R,0
Coronavac,7,2021-05-16,D1,6
Coronavac,7,2021-05-16,D2,7
Coronavac,7,2021-05-16,DU,0
Coronavac,7,2021-05-16,R,0
Coronavac,7,2021-05-17,D1,292
Coronavac,7,2021-05-17,D2,486
Coronavac,7,2021-05-17,DU,0
Coronavac,7,2021-05-17,R,0
Coronavac,7,2021-05-18,D1,291
Coronavac,7,2021-05-18,D2,652
Coronavac,7,2021-05-18,DU,0
Coronavac,7,2021-05-18,R,0
Coronavac,7,2021-05-19,D1,253
Coronavac,7,2021-05-19,D2,304
Coronavac,7,2021-05-19,DU,0
Coronavac,7,2021-05-19,R,0
Coronavac,7,2021-05-20,D1,241
Coronavac,7,2021-05-20,D2,246
Coronavac,7,2021-05-20,DU,0
Coronavac,7,2021-05-20,R,0
Coronavac,7,2021-05-21,D1,280
Coronavac,7,2021-05-21,D2,383
Coronavac,7,2021-05-21,DU,0
Coronavac,7,2021-05-21,R,0
Coronavac,7,2021-05-22,D1,78
Coronavac,7,2021-05-22,D2,112
Coronavac,7,2021-05-22,DU,0
Coronavac,7,2021-05-22,R,0
Coronavac,7,2021-05-23,D1,1
Coronavac,7,2021-05-23,D2,6
Coronavac,7,2021-05-23,DU,0
Coronavac,7,2021-05-23,R,0
Coronavac,7,2021-05-24,D1,297
Coronavac,7,2021-05-24,D2,209
Coronavac,7,2021-05-24,DU,0
Coronavac,7,2021-05-24,R,0
Coronavac,7,2021-05-25,D1,279
Coronavac,7,2021-05-25,D2,207
Coronavac,7,2021-05-25,DU,0
Coronavac,7,2021-05-25,R,0
Coronavac,7,2021-05-26,D1,262
Coronavac,7,2021-05-26,D2,220
Coronavac,7,2021-05-26,DU,0
Coronavac,7,2021-05-26,R,0
Coronavac,7,2021-05-27,D1,362
Coronavac,7,2021-05-27,D2,154
Coronavac,7,2021-05-27,DU,0
Coronavac,7,2021-05-27,R,0
Coronavac,7,2021-05-28,D1,216
Coronavac,7,2021-05-28,D2,355
Coronavac,7,2021-05-28,DU,0
Coronavac,7,2021-05-28,R,1
Coronavac,7,2021-05-29,D1,95
Coronavac,7,2021-05-29,D2,154
Coronavac,7,2021-05-29,DU,0
Coronavac,7,2021-05-29,R,0
Coronavac,7,2021-05-30,D1,16
Coronavac,7,2021-05-30,D2,2
Coronavac,7,2021-05-30,DU,0
Coronavac,7,2021-05-30,R,0
Coronavac,7,2021-05-31,D1,182
Coronavac,7,2021-05-31,D2,208
Coronavac,7,2021-05-31,DU,0
Coronavac,7,2021-05-31,R,0
Coronavac,7,2021-06-01,D1,250
Coronavac,7,2021-06-01,D2,248
Coronavac,7,2021-06-01,DU,0
Coronavac,7,2021-06-01,R,0
Coronavac,7,2021-06-02,D1,175
Coronavac,7,2021-06-02,D2,321
Coronavac,7,2021-06-02,DU,0
Coronavac,7,2021-06-02,R,0
Coronavac,7,2021-06-03,D1,134
Coronavac,7,2021-06-03,D2,154
Coronavac,7,2021-06-03,DU,0
Coronavac,7,2021-06-03,R,0
Coronavac,7,2021-06-04,D1,138
Coronavac,7,2021-06-04,D2,191
Coronavac,7,2021-06-04,DU,0
Coronavac,7,2021-06-04,R,0
Coronavac,7,2021-06-05,D1,183
Coronavac,7,2021-06-05,D2,249
Coronavac,7,2021-06-05,DU,0
Coronavac,7,2021-06-05,R,0
Coronavac,7,2021-06-06,D1,22
Coronavac,7,2021-06-06,D2,2
Coronavac,7,2021-06-06,DU,0
Coronavac,7,2021-06-06,R,0
Coronavac,7,2021-06-07,D1,164
Coronavac,7,2021-06-07,D2,401
Coronavac,7,2021-06-07,DU,0
Coronavac,7,2021-06-07,R,0
Coronavac,7,2021-06-08,D1,326
Coronavac,7,2021-06-08,D2,322
Coronavac,7,2021-06-08,DU,0
Coronavac,7,2021-06-08,R,0
Coronavac,7,2021-06-09,D1,350
Coronavac,7,2021-06-09,D2,311
Coronavac,7,2021-06-09,DU,0
Coronavac,7,2021-06-09,R,0
Coronavac,7,2021-06-10,D1,354
Coronavac,7,2021-06-10,D2,265
Coronavac,7,2021-06-10,DU,0
Coronavac,7,2021-06-10,R,0
Coronavac,7,2021-06-11,D1,332
Coronavac,7,2021-06-11,D2,253
Coronavac,7,2021-06-11,DU,0
Coronavac,7,2021-06-11,R,0
Coronavac,7,2021-06-12,D1,156
Coronavac,7,2021-06-12,D2,60
Coronavac,7,2021-06-12,DU,0
Coronavac,7,2021-06-12,R,0
Coronavac,7,2021-06-13,D1,10
Coronavac,7,2021-06-13,D2,5
Coronavac,7,2021-06-13,DU,0
Coronavac,7,2021-06-13,R,0
Coronavac,7,2021-06-14,D1,567
Coronavac,7,2021-06-14,D2,328
Coronavac,7,2021-06-14,DU,0
Coronavac,7,2021-06-14,R,0
Coronavac,7,2021-06-15,D1,672
Coronavac,7,2021-06-15,D2,241
Coronavac,7,2021-06-15,DU,0
Coronavac,7,2021-06-15,R,0
Coronavac,7,2021-06-16,D1,1918
Coronavac,7,2021-06-16,D2,264
Coronavac,7,2021-06-16,DU,0
Coronavac,7,2021-06-16,R,0
Coronavac,7,2021-06-17,D1,5393
Coronavac,7,2021-06-17,D2,226
Coronavac,7,2021-06-17,DU,0
Coronavac,7,2021-06-17,R,0
Coronavac,7,2021-06-18,D1,21737
Coronavac,7,2021-06-18,D2,254
Coronavac,7,2021-06-18,DU,0
Coronavac,7,2021-06-18,R,0
Coronavac,7,2021-06-19,D1,11567
Coronavac,7,2021-06-19,D2,99
Coronavac,7,2021-06-19,DU,0
Coronavac,7,2021-06-19,R,0
Coronavac,7,2021-06-20,D1,132
Coronavac,7,2021-06-20,D2,6
Coronavac,7,2021-06-20,DU,0
Coronavac,7,2021-06-20,R,0
Coronavac,7,2021-06-21,D1,3394
Coronavac,7,2021-06-21,D2,318
Coronavac,7,2021-06-21,DU,0
Coronavac,7,2021-06-21,R,0
Coronavac,7,2021-06-22,D1,1485
Coronavac,7,2021-06-22,D2,144
Coronavac,7,2021-06-22,DU,0
Coronavac,7,2021-06-22,R,0
Coronavac,7,2021-06-23,D1,12110
Coronavac,7,2021-06-23,D2,397
Coronavac,7,2021-06-23,DU,0
Coronavac,7,2021-06-23,R,0
Coronavac,7,2021-06-24,D1,5863
Coronavac,7,2021-06-24,D2,198
Coronavac,7,2021-06-24,DU,0
Coronavac,7,2021-06-24,R,0
Coronavac,7,2021-06-25,D1,2936
Coronavac,7,2021-06-25,D2,147
Coronavac,7,2021-06-25,DU,0
Coronavac,7,2021-06-25,R,0
Coronavac,7,2021-06-26,D1,2102
Coronavac,7,2021-06-26,D2,49
Coronavac,7,2021-06-26,DU,0
Coronavac,7,2021-06-26,R,0
Coronavac,7,2021-06-27,D1,559
Coronavac,7,2021-06-27,D2,0
Coronavac,7,2021-06-27,DU,0
Coronavac,7,2021-06-27,R,0
Coronavac,7,2021-06-28,D1,1387
Coronavac,7,2021-06-28,D2,226
Coronavac,7,2021-06-28,DU,0
Coronavac,7,2021-06-28,R,0
Coronavac,7,2021-06-29,D1,1032
Coronavac,7,2021-06-29,D2,143
Coronavac,7,2021-06-29,DU,0
Coronavac,7,2021-06-29,R,0
Coronavac,7,2021-06-30,D1,595
Coronavac,7,2021-06-30,D2,201
Coronavac,7,2021-06-30,DU,0
Coronavac,7,2021-06-30,R,0
Coronavac,7,2021-07-01,D1,609
Coronavac,7,2021-07-01,D2,179
Coronavac,7,2021-07-01,DU,0
Coronavac,7,2021-07-01,R,1
Coronavac,7,2021-07-02,D1,470
Coronavac,7,2021-07-02,D2,289
Coronavac,7,2021-07-02,DU,0
Coronavac,7,2021-07-02,R,0
Coronavac,7,2021-07-03,D1,242
Coronavac,7,2021-07-03,D2,95
Coronavac,7,2021-07-03,DU,0
Coronavac,7,2021-07-03,R,0
Coronavac,7,2021-07-04,D1,9
Coronavac,7,2021-07-04,D2,15
Coronavac,7,2021-07-04,DU,0
Coronavac,7,2021-07-04,R,0
Coronavac,7,2021-07-05,D1,369
Coronavac,7,2021-07-05,D2,252
Coronavac,7,2021-07-05,DU,0
Coronavac,7,2021-07-05,R,0
Coronavac,7,2021-07-06,D1,264
Coronavac,7,2021-07-06,D2,473
Coronavac,7,2021-07-06,DU,0
Coronavac,7,2021-07-06,R,0
Coronavac,7,2021-07-07,D1,142
Coronavac,7,2021-07-07,D2,488
Coronavac,7,2021-07-07,DU,0
Coronavac,7,2021-07-07,R,0
Coronavac,7,2021-07-08,D1,96
Coronavac,7,2021-07-08,D2,871
Coronavac,7,2021-07-08,DU,0
Coronavac,7,2021-07-08,R,0
Coronavac,7,2021-07-09,D1,73
Coronavac,7,2021-07-09,D2,1235
Coronavac,7,2021-07-09,DU,0
Coronavac,7,2021-07-09,R,0
Coronavac,7,2021-07-10,D1,15
Coronavac,7,2021-07-10,D2,682
Coronavac,7,2021-07-10,DU,0
Coronavac,7,2021-07-10,R,0
Coronavac,7,2021-07-11,D1,3
Coronavac,7,2021-07-11,D2,156
Coronavac,7,2021-07-11,DU,0
Coronavac,7,2021-07-11,R,0
Coronavac,7,2021-07-12,D1,229
Coronavac,7,2021-07-12,D2,1427
Coronavac,7,2021-07-12,DU,0
Coronavac,7,2021-07-12,R,0
Coronavac,7,2021-07-13,D1,308
Coronavac,7,2021-07-13,D2,1152
Coronavac,7,2021-07-13,DU,0
Coronavac,7,2021-07-13,R,0
Coronavac,7,2021-07-14,D1,202
Coronavac,7,2021-07-14,D2,1933
Coronavac,7,2021-07-14,DU,0
Coronavac,7,2021-07-14,R,0
Coronavac,7,2021-07-15,D1,421
Coronavac,7,2021-07-15,D2,4242
Coronavac,7,2021-07-15,DU,0
Coronavac,7,2021-07-15,R,0
Coronavac,7,2021-07-16,D1,1048
Coronavac,7,2021-07-16,D2,15045
Coronavac,7,2021-07-16,DU,0
Coronavac,7,2021-07-16,R,1
Coronavac,7,2021-07-17,D1,1159
Coronavac,7,2021-07-17,D2,6100
Coronavac,7,2021-07-17,DU,0
Coronavac,7,2021-07-17,R,1
Coronavac,7,2021-07-18,D1,79
Coronavac,7,2021-07-18,D2,24
Coronavac,7,2021-07-18,DU,0
Coronavac,7,2021-07-18,R,0
Coronavac,7,2021-07-19,D1,1705
Coronavac,7,2021-07-19,D2,7937
Coronavac,7,2021-07-19,DU,0
Coronavac,7,2021-07-19,R,1
Coronavac,7,2021-07-20,D1,1466
Coronavac,7,2021-07-20,D2,3530
Coronavac,7,2021-07-20,DU,0
Coronavac,7,2021-07-20,R,0
Coronavac,7,2021-07-21,D1,1281
Coronavac,7,2021-07-21,D2,7696
Coronavac,7,2021-07-21,DU,0
Coronavac,7,2021-07-21,R,0
Coronavac,7,2021-07-22,D1,1005
Coronavac,7,2021-07-22,D2,5083
Coronavac,7,2021-07-22,DU,0
Coronavac,7,2021-07-22,R,0
Coronavac,7,2021-07-23,D1,845
Coronavac,7,2021-07-23,D2,3636
Coronavac,7,2021-07-23,DU,0
Coronavac,7,2021-07-23,R,0
Coronavac,7,2021-07-24,D1,596
Coronavac,7,2021-07-24,D2,1295
Coronavac,7,2021-07-24,DU,0
Coronavac,7,2021-07-24,R,0
Coronavac,7,2021-07-25,D1,36
Coronavac,7,2021-07-25,D2,146
Coronavac,7,2021-07-25,DU,0
Coronavac,7,2021-07-25,R,0
Coronavac,7,2021-07-26,D1,637
Coronavac,7,2021-07-26,D2,2018
Coronavac,7,2021-07-26,DU,0
Coronavac,7,2021-07-26,R,0
Coronavac,7,2021-07-27,D1,556
Coronavac,7,2021-07-27,D2,1522
Coronavac,7,2021-07-27,DU,0
Coronavac,7,2021-07-27,R,0
Coronavac,7,2021-07-28,D1,497
Coronavac,7,2021-07-28,D2,1015
Coronavac,7,2021-07-28,DU,0
Coronavac,7,2021-07-28,R,0
Coronavac,7,2021-07-29,D1,692
Coronavac,7,2021-07-29,D2,881
Coronavac,7,2021-07-29,DU,0
Coronavac,7,2021-07-29,R,0
Coronavac,7,2021-07-30,D1,782
Coronavac,7,2021-07-30,D2,747
Coronavac,7,2021-07-30,DU,0
Coronavac,7,2021-07-30,R,0
Coronavac,7,2021-07-31,D1,346
Coronavac,7,2021-07-31,D2,476
Coronavac,7,2021-07-31,DU,0
Coronavac,7,2021-07-31,R,0
Coronavac,7,2021-08-01,D1,31
Coronavac,7,2021-08-01,D2,9
Coronavac,7,2021-08-01,DU,0
Coronavac,7,2021-08-01,R,0
Coronavac,7,2021-08-02,D1,810
Coronavac,7,2021-08-02,D2,672
Coronavac,7,2021-08-02,DU,0
Coronavac,7,2021-08-02,R,0
Coronavac,7,2021-08-03,D1,798
Coronavac,7,2021-08-03,D2,549
Coronavac,7,2021-08-03,DU,0
Coronavac,7,2021-08-03,R,0
Coronavac,7,2021-08-04,D1,667
Coronavac,7,2021-08-04,D2,389
Coronavac,7,2021-08-04,DU,0
Coronavac,7,2021-08-04,R,0
Coronavac,7,2021-08-05,D1,551
Coronavac,7,2021-08-05,D2,380
Coronavac,7,2021-08-05,DU,0
Coronavac,7,2021-08-05,R,0
Coronavac,7,2021-08-06,D1,402
Coronavac,7,2021-08-06,D2,274
Coronavac,7,2021-08-06,DU,0
Coronavac,7,2021-08-06,R,0
Coronavac,7,2021-08-07,D1,271
Coronavac,7,2021-08-07,D2,242
Coronavac,7,2021-08-07,DU,0
Coronavac,7,2021-08-07,R,0
Coronavac,7,2021-08-08,D1,4
Coronavac,7,2021-08-08,D2,3
Coronavac,7,2021-08-08,DU,0
Coronavac,7,2021-08-08,R,0
Coronavac,7,2021-08-09,D1,543
Coronavac,7,2021-08-09,D2,416
Coronavac,7,2021-08-09,DU,0
Coronavac,7,2021-08-09,R,0
Coronavac,7,2021-08-10,D1,641
Coronavac,7,2021-08-10,D2,468
Coronavac,7,2021-08-10,DU,0
Coronavac,7,2021-08-10,R,0
Coronavac,7,2021-08-11,D1,559
Coronavac,7,2021-08-11,D2,411
Coronavac,7,2021-08-11,DU,0
Coronavac,7,2021-08-11,R,0
Coronavac,7,2021-08-12,D1,389
Coronavac,7,2021-08-12,D2,443
Coronavac,7,2021-08-12,DU,0
Coronavac,7,2021-08-12,R,0
Coronavac,7,2021-08-13,D1,262
Coronavac,7,2021-08-13,D2,606
Coronavac,7,2021-08-13,DU,0
Coronavac,7,2021-08-13,R,0
Coronavac,7,2021-08-14,D1,145
Coronavac,7,2021-08-14,D2,570
Coronavac,7,2021-08-14,DU,0
Coronavac,7,2021-08-14,R,0
Coronavac,7,2021-08-15,D1,21
Coronavac,7,2021-08-15,D2,69
Coronavac,7,2021-08-15,DU,0
Coronavac,7,2021-08-15,R,0
Coronavac,7,2021-08-16,D1,302
Coronavac,7,2021-08-16,D2,1228
Coronavac,7,2021-08-16,DU,0
Coronavac,7,2021-08-16,R,0
Coronavac,7,2021-08-17,D1,283
Coronavac,7,2021-08-17,D2,1127
Coronavac,7,2021-08-17,DU,0
Coronavac,7,2021-08-17,R,0
Coronavac,7,2021-08-18,D1,196
Coronavac,7,2021-08-18,D2,1126
Coronavac,7,2021-08-18,DU,0
Coronavac,7,2021-08-18,R,1
Coronavac,7,2021-08-19,D1,198
Coronavac,7,2021-08-19,D2,966
Coronavac,7,2021-08-19,DU,0
Coronavac,7,2021-08-19,R,1
Coronavac,7,2021-08-20,D1,290
Coronavac,7,2021-08-20,D2,908
Coronavac,7,2021-08-20,DU,0
Coronavac,7,2021-08-20,R,0
Coronavac,7,2021-08-21,D1,172
Coronavac,7,2021-08-21,D2,375
Coronavac,7,2021-08-21,DU,0
Coronavac,7,2021-08-21,R,1
Coronavac,7,2021-08-22,D1,14
Coronavac,7,2021-08-22,D2,20
Coronavac,7,2021-08-22,DU,0
Coronavac,7,2021-08-22,R,0
Coronavac,7,2021-08-23,D1,398
Coronavac,7,2021-08-23,D2,807
Coronavac,7,2021-08-23,DU,0
Coronavac,7,2021-08-23,R,0
Coronavac,7,2021-08-24,D1,409
Coronavac,7,2021-08-24,D2,706
Coronavac,7,2021-08-24,DU,0
Coronavac,7,2021-08-24,R,0
Coronavac,7,2021-08-25,D1,199
Coronavac,7,2021-08-25,D2,620
Coronavac,7,2021-08-25,DU,0
Coronavac,7,2021-08-25,R,0
Coronavac,7,2021-08-26,D1,180
Coronavac,7,2021-08-26,D2,628
Coronavac,7,2021-08-26,DU,0
Coronavac,7,2021-08-26,R,0
Coronavac,7,2021-08-27,D1,261
Coronavac,7,2021-08-27,D2,756
Coronavac,7,2021-08-27,DU,0
Coronavac,7,2021-08-27,R,1
Coronavac,7,2021-08-28,D1,168
Coronavac,7,2021-08-28,D2,288
Coronavac,7,2021-08-28,DU,0
Coronavac,7,2021-08-28,R,0
Coronavac,7,2021-08-29,D1,8
Coronavac,7,2021-08-29,D2,12
Coronavac,7,2021-08-29,DU,0
Coronavac,7,2021-08-29,R,1
Coronavac,7,2021-08-30,D1,143
Coronavac,7,2021-08-30,D2,643
Coronavac,7,2021-08-30,DU,0
Coronavac,7,2021-08-30,R,0
Coronavac,7,2021-08-31,D1,127
Coronavac,7,2021-08-31,D2,693
Coronavac,7,2021-08-31,DU,0
Coronavac,7,2021-08-31,R,9
Coronavac,7,2021-09-01,D1,147
Coronavac,7,2021-09-01,D2,559
Coronavac,7,2021-09-01,DU,0
Coronavac,7,2021-09-01,R,6
Coronavac,7,2021-09-02,D1,148
Coronavac,7,2021-09-02,D2,495
Coronavac,7,2021-09-02,DU,0
Coronavac,7,2021-09-02,R,0
Coronavac,7,2021-09-03,D1,109
Coronavac,7,2021-09-03,D2,452
Coronavac,7,2021-09-03,DU,0
Coronavac,7,2021-09-03,R,1
Coronavac,7,2021-09-04,D1,56
Coronavac,7,2021-09-04,D2,187
Coronavac,7,2021-09-04,DU,0
Coronavac,7,2021-09-04,R,0
Coronavac,7,2021-09-05,D1,6
Coronavac,7,2021-09-05,D2,9
Coronavac,7,2021-09-05,DU,0
Coronavac,7,2021-09-05,R,0
Coronavac,7,2021-09-06,D1,101
Coronavac,7,2021-09-06,D2,159
Coronavac,7,2021-09-06,DU,0
Coronavac,7,2021-09-06,R,72
Coronavac,7,2021-09-07,D1,16
Coronavac,7,2021-09-07,D2,46
Coronavac,7,2021-09-07,DU,0
Coronavac,7,2021-09-07,R,0
Coronavac,7,2021-09-08,D1,192
Coronavac,7,2021-09-08,D2,555
Coronavac,7,2021-09-08,DU,0
Coronavac,7,2021-09-08,R,17
Coronavac,7,2021-09-09,D1,215
Coronavac,7,2021-09-09,D2,540
Coronavac,7,2021-09-09,DU,0
Coronavac,7,2021-09-09,R,22
Coronavac,7,2021-09-10,D1,228
Coronavac,7,2021-09-10,D2,450
Coronavac,7,2021-09-10,DU,0
Coronavac,7,2021-09-10,R,27
Coronavac,7,2021-09-11,D1,84
Coronavac,7,2021-09-11,D2,202
Coronavac,7,2021-09-11,DU,0
Coronavac,7,2021-09-11,R,10
Coronavac,7,2021-09-12,D1,6
Coronavac,7,2021-09-12,D2,14
Coronavac,7,2021-09-12,DU,0
Coronavac,7,2021-09-12,R,0
Coronavac,7,2021-09-13,D1,250
Coronavac,7,2021-09-13,D2,396
Coronavac,7,2021-09-13,DU,0
Coronavac,7,2021-09-13,R,17
Coronavac,7,2021-09-14,D1,195
Coronavac,7,2021-09-14,D2,392
Coronavac,7,2021-09-14,DU,0
Coronavac,7,2021-09-14,R,17
Coronavac,7,2021-09-15,D1,213
Coronavac,7,2021-09-15,D2,329
Coronavac,7,2021-09-15,DU,0
Coronavac,7,2021-09-15,R,10
Coronavac,7,2021-09-16,D1,206
Coronavac,7,2021-09-16,D2,326
Coronavac,7,2021-09-16,DU,0
Coronavac,7,2021-09-16,R,9
Coronavac,7,2021-09-17,D1,229
Coronavac,7,2021-09-17,D2,285
Coronavac,7,2021-09-17,DU,0
Coronavac,7,2021-09-17,R,15
Coronavac,7,2021-09-18,D1,118
Coronavac,7,2021-09-18,D2,153
Coronavac,7,2021-09-18,DU,0
Coronavac,7,2021-09-18,R,2
Coronavac,7,2021-09-19,D1,6
Coronavac,7,2021-09-19,D2,11
Coronavac,7,2021-09-19,DU,0
Coronavac,7,2021-09-19,R,0
Coronavac,7,2021-09-20,D1,195
Coronavac,7,2021-09-20,D2,348
Coronavac,7,2021-09-20,DU,0
Coronavac,7,2021-09-20,R,31
Coronavac,7,2021-09-21,D1,183
Coronavac,7,2021-09-21,D2,306
Coronavac,7,2021-09-21,DU,0
Coronavac,7,2021-09-21,R,54
Coronavac,7,2021-09-22,D1,192
Coronavac,7,2021-09-22,D2,258
Coronavac,7,2021-09-22,DU,0
Coronavac,7,2021-09-22,R,98
Coronavac,7,2021-09-23,D1,250
Coronavac,7,2021-09-23,D2,213
Coronavac,7,2021-09-23,DU,0
Coronavac,7,2021-09-23,R,108
Coronavac,7,2021-09-24,D1,329
Coronavac,7,2021-09-24,D2,266
Coronavac,7,2021-09-24,DU,0
Coronavac,7,2021-09-24,R,97
Coronavac,7,2021-09-25,D1,132
Coronavac,7,2021-09-25,D2,123
Coronavac,7,2021-09-25,DU,0
Coronavac,7,2021-09-25,R,20
Coronavac,7,2021-09-26,D1,14
Coronavac,7,2021-09-26,D2,1
Coronavac,7,2021-09-26,DU,0
Coronavac,7,2021-09-26,R,1
Coronavac,7,2021-09-27,D1,367
Coronavac,7,2021-09-27,D2,221
Coronavac,7,2021-09-27,DU,0
Coronavac,7,2021-09-27,R,81
Coronavac,7,2021-09-28,D1,273
Coronavac,7,2021-09-28,D2,196
Coronavac,7,2021-09-28,DU,0
Coronavac,7,2021-09-28,R,105
Coronavac,7,2021-09-29,D1,218
Coronavac,7,2021-09-29,D2,175
Coronavac,7,2021-09-29,DU,0
Coronavac,7,2021-09-29,R,125
Coronavac,7,2021-09-30,D1,246
Coronavac,7,2021-09-30,D2,187
Coronavac,7,2021-09-30,DU,0
Coronavac,7,2021-09-30,R,122
Coronavac,7,2021-10-01,D1,228
Coronavac,7,2021-10-01,D2,119
Coronavac,7,2021-10-01,DU,0
Coronavac,7,2021-10-01,R,96
Coronavac,7,2021-10-02,D1,372
Coronavac,7,2021-10-02,D2,162
Coronavac,7,2021-10-02,DU,0
Coronavac,7,2021-10-02,R,103
Coronavac,7,2021-10-03,D1,9
Coronavac,7,2021-10-03,D2,5
Coronavac,7,2021-10-03,DU,0
Coronavac,7,2021-10-03,R,1
Coronavac,7,2021-10-04,D1,207
Coronavac,7,2021-10-04,D2,177
Coronavac,7,2021-10-04,DU,0
Coronavac,7,2021-10-04,R,123
Coronavac,7,2021-10-05,D1,230
Coronavac,7,2021-10-05,D2,128
Coronavac,7,2021-10-05,DU,0
Coronavac,7,2021-10-05,R,175
Coronavac,7,2021-10-06,D1,154
Coronavac,7,2021-10-06,D2,158
Coronavac,7,2021-10-06,DU,4
Coronavac,7,2021-10-06,R,126
Coronavac,7,2021-10-07,D1,134
Coronavac,7,2021-10-07,D2,176
Coronavac,7,2021-10-07,DU,0
Coronavac,7,2021-10-07,R,103
Coronavac,7,2021-10-08,D1,137
Coronavac,7,2021-10-08,D2,211
Coronavac,7,2021-10-08,DU,0
Coronavac,7,2021-10-08,R,108
Coronavac,7,2021-10-09,D1,19
Coronavac,7,2021-10-09,D2,52
Coronavac,7,2021-10-09,DU,0
Coronavac,7,2021-10-09,R,23
Coronavac,7,2021-10-10,D1,0
Coronavac,7,2021-10-10,D2,5
Coronavac,7,2021-10-10,DU,0
Coronavac,7,2021-10-10,R,3
Coronavac,7,2021-10-11,D1,9
Coronavac,7,2021-10-11,D2,33
Coronavac,7,2021-10-11,DU,0
Coronavac,7,2021-10-11,R,19
Coronavac,7,2021-10-12,D1,2
Coronavac,7,2021-10-12,D2,14
Coronavac,7,2021-10-12,DU,0
Coronavac,7,2021-10-12,R,1
Coronavac,7,2021-10-13,D1,132
Coronavac,7,2021-10-13,D2,280
Coronavac,7,2021-10-13,DU,0
Coronavac,7,2021-10-13,R,89
Coronavac,7,2021-10-14,D1,106
Coronavac,7,2021-10-14,D2,205
Coronavac,7,2021-10-14,DU,0
Coronavac,7,2021-10-14,R,96
Coronavac,7,2021-10-15,D1,120
Coronavac,7,2021-10-15,D2,167
Coronavac,7,2021-10-15,DU,0
Coronavac,7,2021-10-15,R,92
Coronavac,7,2021-10-16,D1,130
Coronavac,7,2021-10-16,D2,140
Coronavac,7,2021-10-16,DU,0
Coronavac,7,2021-10-16,R,49
Coronavac,7,2021-10-17,D1,1
Coronavac,7,2021-10-17,D2,1
Coronavac,7,2021-10-17,DU,0
Coronavac,7,2021-10-17,R,1
Coronavac,7,2021-10-18,D1,76
Coronavac,7,2021-10-18,D2,217
Coronavac,7,2021-10-18,DU,0
Coronavac,7,2021-10-18,R,66
Coronavac,7,2021-10-19,D1,110
Coronavac,7,2021-10-19,D2,159
Coronavac,7,2021-10-19,DU,0
Coronavac,7,2021-10-19,R,66
Coronavac,7,2021-10-20,D1,81
Coronavac,7,2021-10-20,D2,176
Coronavac,7,2021-10-20,DU,0
Coronavac,7,2021-10-20,R,65
Coronavac,7,2021-10-21,D1,83
Coronavac,7,2021-10-21,D2,174
Coronavac,7,2021-10-21,DU,0
Coronavac,7,2021-10-21,R,56
Coronavac,7,2021-10-22,D1,78
Coronavac,7,2021-10-22,D2,254
Coronavac,7,2021-10-22,DU,0
Coronavac,7,2021-10-22,R,72
Coronavac,7,2021-10-23,D1,62
Coronavac,7,2021-10-23,D2,74
Coronavac,7,2021-10-23,DU,0
Coronavac,7,2021-10-23,R,18
Coronavac,7,2021-10-24,D1,11
Coronavac,7,2021-10-24,D2,3
Coronavac,7,2021-10-24,DU,0
Coronavac,7,2021-10-24,R,0
Coronavac,7,2021-10-25,D1,75
Coronavac,7,2021-10-25,D2,277
Coronavac,7,2021-10-25,DU,0
Coronavac,7,2021-10-25,R,67
Coronavac,7,2021-10-26,D1,69
Coronavac,7,2021-10-26,D2,258
Coronavac,7,2021-10-26,DU,0
Coronavac,7,2021-10-26,R,61
Coronavac,7,2021-10-27,D1,97
Coronavac,7,2021-10-27,D2,258
Coronavac,7,2021-10-27,DU,0
Coronavac,7,2021-10-27,R,81
Coronavac,7,2021-10-28,D1,79
Coronavac,7,2021-10-28,D2,260
Coronavac,7,2021-10-28,DU,0
Coronavac,7,2021-10-28,R,60
Coronavac,7,2021-10-29,D1,38
Coronavac,7,2021-10-29,D2,139
Coronavac,7,2021-10-29,DU,0
Coronavac,7,2021-10-29,R,45
Coronavac,7,2021-10-30,D1,51
Coronavac,7,2021-10-30,D2,84
Coronavac,7,2021-10-30,DU,0
Coronavac,7,2021-10-30,R,7
Coronavac,7,2021-10-31,D1,2
Coronavac,7,2021-10-31,D2,2
Coronavac,7,2021-10-31,DU,0
Coronavac,7,2021-10-31,R,3
Coronavac,7,2021-11-01,D1,6
Coronavac,7,2021-11-01,D2,18
Coronavac,7,2021-11-01,DU,0
Coronavac,7,2021-11-01,R,12
Coronavac,7,2021-11-02,D1,25
Coronavac,7,2021-11-02,D2,11
Coronavac,7,2021-11-02,DU,0
Coronavac,7,2021-11-02,R,2
Coronavac,7,2021-11-03,D1,112
Coronavac,7,2021-11-03,D2,220
Coronavac,7,2021-11-03,DU,0
Coronavac,7,2021-11-03,R,59
Coronavac,7,2021-11-04,D1,96
Coronavac,7,2021-11-04,D2,172
Coronavac,7,2021-11-04,DU,0
Coronavac,7,2021-11-04,R,57
Coronavac,7,2021-11-05,D1,132
Coronavac,7,2021-11-05,D2,123
Coronavac,7,2021-11-05,DU,0
Coronavac,7,2021-11-05,R,66
Coronavac,7,2021-11-06,D1,90
Coronavac,7,2021-11-06,D2,59
Coronavac,7,2021-11-06,DU,0
Coronavac,7,2021-11-06,R,11
Coronavac,7,2021-11-07,D1,1
Coronavac,7,2021-11-07,D2,4
Coronavac,7,2021-11-07,DU,0
Coronavac,7,2021-11-07,R,1
Coronavac,7,2021-11-08,D1,55
Coronavac,7,2021-11-08,D2,106
Coronavac,7,2021-11-08,DU,0
Coronavac,7,2021-11-08,R,75
Coronavac,7,2021-11-09,D1,59
Coronavac,7,2021-11-09,D2,99
Coronavac,7,2021-11-09,DU,0
Coronavac,7,2021-11-09,R,52
Coronavac,7,2021-11-10,D1,41
Coronavac,7,2021-11-10,D2,82
Coronavac,7,2021-11-10,DU,0
Coronavac,7,2021-11-10,R,43
Coronavac,7,2021-11-11,D1,44
Coronavac,7,2021-11-11,D2,158
Coronavac,7,2021-11-11,DU,0
Coronavac,7,2021-11-11,R,83
Coronavac,7,2021-11-12,D1,45
Coronavac,7,2021-11-12,D2,120
Coronavac,7,2021-11-12,DU,0
Coronavac,7,2021-11-12,R,68
Coronavac,7,2021-11-13,D1,12
Coronavac,7,2021-11-13,D2,69
Coronavac,7,2021-11-13,DU,0
Coronavac,7,2021-11-13,R,22
Coronavac,7,2021-11-14,D1,0
Coronavac,7,2021-11-14,D2,3
Coronavac,7,2021-11-14,DU,0
Coronavac,7,2021-11-14,R,1
Coronavac,7,2021-11-15,D1,5
Coronavac,7,2021-11-15,D2,6
Coronavac,7,2021-11-15,DU,0
Coronavac,7,2021-11-15,R,9
Coronavac,7,2021-11-16,D1,31
Coronavac,7,2021-11-16,D2,108
Coronavac,7,2021-11-16,DU,0
Coronavac,7,2021-11-16,R,90
Coronavac,7,2021-11-17,D1,49
Coronavac,7,2021-11-17,D2,95
Coronavac,7,2021-11-17,DU,0
Coronavac,7,2021-11-17,R,187
Coronavac,7,2021-11-18,D1,46
Coronavac,7,2021-11-18,D2,3
Coronavac,7,2021-11-18,DU,0
Coronavac,7,2021-11-18,R,240
Coronavac,7,2021-11-19,D1,1
Coronavac,7,2021-11-19,D2,0
Coronavac,7,2021-11-19,DU,0
Coronavac,7,2021-11-19,R,2
Coronavac,7,2021-11-20,D1,24
Coronavac,7,2021-11-20,D2,1
Coronavac,7,2021-11-20,DU,0
Coronavac,7,2021-11-20,R,92
Coronavac,7,2021-11-21,D1,1
Coronavac,7,2021-11-21,D2,0
Coronavac,7,2021-11-21,DU,0
Coronavac,7,2021-11-21,R,1
Coronavac,7,2021-11-22,D1,3
Coronavac,7,2021-11-22,D2,1
Coronavac,7,2021-11-22,DU,0
Coronavac,7,2021-11-22,R,11
Coronavac,7,2021-11-23,D1,3
Coronavac,7,2021-11-23,D2,105
Coronavac,7,2021-11-23,DU,0
Coronavac,7,2021-11-23,R,64
Coronavac,7,2021-11-24,D1,1
Coronavac,7,2021-11-24,D2,2
Coronavac,7,2021-11-24,DU,0
Coronavac,7,2021-11-24,R,29
Coronavac,7,2021-11-25,D1,0
Coronavac,7,2021-11-25,D2,0
Coronavac,7,2021-11-25,DU,0
Coronavac,7,2021-11-25,R,7
Coronavac,7,2021-11-26,D1,1
Coronavac,7,2021-11-26,D2,72
Coronavac,7,2021-11-26,DU,0
Coronavac,7,2021-11-26,R,8
Coronavac,7,2021-11-27,D1,2
Coronavac,7,2021-11-27,D2,0
Coronavac,7,2021-11-27,DU,0
Coronavac,7,2021-11-27,R,40
Coronavac,7,2021-11-28,D1,0
Coronavac,7,2021-11-28,D2,0
Coronavac,7,2021-11-28,DU,0
Coronavac,7,2021-11-28,R,42
Coronavac,7,2021-11-29,D1,1
Coronavac,7,2021-11-29,D2,1
Coronavac,7,2021-11-29,DU,0
Coronavac,7,2021-11-29,R,0
Coronavac,7,2021-11-30,D1,0
Coronavac,7,2021-11-30,D2,0
Coronavac,7,2021-11-30,DU,0
Coronavac,7,2021-11-30,R,2
Coronavac,7,2021-12-02,D1,0
Coronavac,7,2021-12-02,D2,92
Coronavac,7,2021-12-02,DU,0
Coronavac,7,2021-12-02,R,2
Coronavac,7,2021-12-03,D1,0
Coronavac,7,2021-12-03,D2,2
Coronavac,7,2021-12-03,DU,0
Coronavac,7,2021-12-03,R,1
Coronavac,7,2021-12-04,D1,11
Coronavac,7,2021-12-04,D2,2
Coronavac,7,2021-12-04,DU,0
Coronavac,7,2021-12-04,R,224
Coronavac,7,2021-12-05,D1,1
Coronavac,7,2021-12-05,D2,0
Coronavac,7,2021-12-05,DU,0
Coronavac,7,2021-12-05,R,23
Coronavac,7,2021-12-06,D1,2
Coronavac,7,2021-12-06,D2,2
Coronavac,7,2021-12-06,DU,0
Coronavac,7,2021-12-06,R,1
Coronavac,7,2021-12-07,D1,45
Coronavac,7,2021-12-07,D2,8
Coronavac,7,2021-12-07,DU,0
Coronavac,7,2021-12-07,R,1591
Coronavac,7,2021-12-08,D1,0
Coronavac,7,2021-12-08,D2,0
Coronavac,7,2021-12-08,DU,0
Coronavac,7,2021-12-08,R,1
Coronavac,7,2021-12-09,D1,0
Coronavac,7,2021-12-09,D2,1
Coronavac,7,2021-12-09,DU,0
Coronavac,7,2021-12-09,R,2
Coronavac,7,2021-12-10,D1,0
Coronavac,7,2021-12-10,D2,0
Coronavac,7,2021-12-10,DU,0
Coronavac,7,2021-12-10,R,2
Coronavac,7,2021-12-11,D1,0
Coronavac,7,2021-12-11,D2,0
Coronavac,7,2021-12-11,DU,0
Coronavac,7,2021-12-11,R,1
Coronavac,7,2021-12-14,D1,42
Coronavac,7,2021-12-14,D2,3
Coronavac,7,2021-12-14,DU,0
Coronavac,7,2021-12-14,R,1232
Coronavac,7,2021-12-15,D1,0
Coronavac,7,2021-12-15,D2,0
Coronavac,7,2021-12-15,DU,0
Coronavac,7,2021-12-15,R,2
Coronavac,7,2021-12-16,D1,0
Coronavac,7,2021-12-16,D2,0
Coronavac,7,2021-12-16,DU,0
Coronavac,7,2021-12-16,R,1
Coronavac,7,2021-12-17,D1,18
Coronavac,7,2021-12-17,D2,28
Coronavac,7,2021-12-17,DU,0
Coronavac,7,2021-12-17,R,546
Coronavac,7,2021-12-19,D1,2
Coronavac,7,2021-12-19,D2,1
Coronavac,7,2021-12-19,DU,0
Coronavac,7,2021-12-19,R,28
Coronavac,7,2021-12-20,D1,14
Coronavac,7,2021-12-20,D2,8
Coronavac,7,2021-12-20,DU,0
Coronavac,7,2021-12-20,R,267
Coronavac,7,2021-12-21,D1,0
Coronavac,7,2021-12-21,D2,0
Coronavac,7,2021-12-21,DU,0
Coronavac,7,2021-12-21,R,1
Coronavac,7,2021-12-22,D1,0
Coronavac,7,2021-12-22,D2,0
Coronavac,7,2021-12-22,DU,0
Coronavac,7,2021-12-22,R,2
Coronavac,7,2021-12-23,D1,5
Coronavac,7,2021-12-23,D2,14
Coronavac,7,2021-12-23,DU,0
Coronavac,7,2021-12-23,R,166
Coronavac,7,2021-12-27,D1,12
Coronavac,7,2021-12-27,D2,30
Coronavac,7,2021-12-27,DU,0
Coronavac,7,2021-12-27,R,563
Coronavac,7,2021-12-28,D1,14
Coronavac,7,2021-12-28,D2,26
Coronavac,7,2021-12-28,DU,0
Coronavac,7,2021-12-28,R,557
Coronavac,7,2021-12-29,D1,0
Coronavac,7,2021-12-29,D2,0
Coronavac,7,2021-12-29,DU,0
Coronavac,7,2021-12-29,R,1
Coronavac,7,2022-01-03,D1,9
Coronavac,7,2022-01-03,D2,16
Coronavac,7,2022-01-03,DU,0
Coronavac,7,2022-01-03,R,474
Coronavac,7,2022-01-04,D1,29
Coronavac,7,2022-01-04,D2,39
Coronavac,7,2022-01-04,DU,0
Coronavac,7,2022-01-04,R,1156
Coronavac,7,2022-01-05,D1,0
Coronavac,7,2022-01-05,D2,1
Coronavac,7,2022-01-05,DU,0
Coronavac,7,2022-01-05,R,29
Coronavac,7,2022-01-06,D1,0
Coronavac,7,2022-01-06,D2,0
Coronavac,7,2022-01-06,DU,0
Coronavac,7,2022-01-06,R,2
Coronavac,7,2022-01-07,D1,0
Coronavac,7,2022-01-07,D2,0
Coronavac,7,2022-01-07,DU,0
Coronavac,7,2022-01-07,R,2
Coronavac,7,2022-01-08,D1,0
Coronavac,7,2022-01-08,D2,1
Coronavac,7,2022-01-08,DU,0
Coronavac,7,2022-01-08,R,80
Coronavac,7,2022-01-10,D1,38
Coronavac,7,2022-01-10,D2,44
Coronavac,7,2022-01-10,DU,0
Coronavac,7,2022-01-10,R,3811
Coronavac,7,2022-01-11,D1,24
Coronavac,7,2022-01-11,D2,31
Coronavac,7,2022-01-11,DU,0
Coronavac,7,2022-01-11,R,3615
Coronavac,7,2022-01-12,D1,2
Coronavac,7,2022-01-12,D2,0
Coronavac,7,2022-01-12,DU,0
Coronavac,7,2022-01-12,R,4
Coronavac,7,2022-01-13,D1,30
Coronavac,7,2022-01-13,D2,29
Coronavac,7,2022-01-13,DU,0
Coronavac,7,2022-01-13,R,1478
Coronavac,7,2022-01-14,D1,1
Coronavac,7,2022-01-14,D2,1
Coronavac,7,2022-01-14,DU,0
Coronavac,7,2022-01-14,R,78
Coronavac,8,2021-01-18,D1,16
Coronavac,8,2021-01-18,D2,0
Coronavac,8,2021-01-18,DU,0
Coronavac,8,2021-01-18,R,0
Coronavac,8,2021-01-19,D1,151
Coronavac,8,2021-01-19,D2,2
Coronavac,8,2021-01-19,DU,0
Coronavac,8,2021-01-19,R,0
Coronavac,8,2021-01-20,D1,452
Coronavac,8,2021-01-20,D2,1
Coronavac,8,2021-01-20,DU,0
Coronavac,8,2021-01-20,R,0
Coronavac,8,2021-01-21,D1,1162
Coronavac,8,2021-01-21,D2,1
Coronavac,8,2021-01-21,DU,0
Coronavac,8,2021-01-21,R,0
Coronavac,8,2021-01-22,D1,1802
Coronavac,8,2021-01-22,D2,7
Coronavac,8,2021-01-22,DU,0
Coronavac,8,2021-01-22,R,0
Coronavac,8,2021-01-23,D1,366
Coronavac,8,2021-01-23,D2,0
Coronavac,8,2021-01-23,DU,0
Coronavac,8,2021-01-23,R,0
Coronavac,8,2021-01-24,D1,114
Coronavac,8,2021-01-24,D2,0
Coronavac,8,2021-01-24,DU,0
Coronavac,8,2021-01-24,R,0
Coronavac,8,2021-01-25,D1,807
Coronavac,8,2021-01-25,D2,0
Coronavac,8,2021-01-25,DU,0
Coronavac,8,2021-01-25,R,0
Coronavac,8,2021-01-26,D1,819
Coronavac,8,2021-01-26,D2,1
Coronavac,8,2021-01-26,DU,0
Coronavac,8,2021-01-26,R,0
Coronavac,8,2021-01-27,D1,756
Coronavac,8,2021-01-27,D2,0
Coronavac,8,2021-01-27,DU,0
Coronavac,8,2021-01-27,R,0
Coronavac,8,2021-01-28,D1,647
Coronavac,8,2021-01-28,D2,2
Coronavac,8,2021-01-28,DU,0
Coronavac,8,2021-01-28,R,0
Coronavac,8,2021-01-29,D1,574
Coronavac,8,2021-01-29,D2,0
Coronavac,8,2021-01-29,DU,0
Coronavac,8,2021-01-29,R,0
Coronavac,8,2021-01-30,D1,113
Coronavac,8,2021-01-30,D2,0
Coronavac,8,2021-01-30,DU,0
Coronavac,8,2021-01-30,R,0
Coronavac,8,2021-01-31,D1,14
Coronavac,8,2021-01-31,D2,0
Coronavac,8,2021-01-31,DU,0
Coronavac,8,2021-01-31,R,0
Coronavac,8,2021-02-01,D1,343
Coronavac,8,2021-02-01,D2,1
Coronavac,8,2021-02-01,DU,0
Coronavac,8,2021-02-01,R,0
Coronavac,8,2021-02-02,D1,326
Coronavac,8,2021-02-02,D2,2
Coronavac,8,2021-02-02,DU,0
Coronavac,8,2021-02-02,R,0
Coronavac,8,2021-02-03,D1,528
Coronavac,8,2021-02-03,D2,5
Coronavac,8,2021-02-03,DU,0
Coronavac,8,2021-02-03,R,0
Coronavac,8,2021-02-04,D1,911
Coronavac,8,2021-02-04,D2,1
Coronavac,8,2021-02-04,DU,0
Coronavac,8,2021-02-04,R,0
Coronavac,8,2021-02-05,D1,757
Coronavac,8,2021-02-05,D2,1
Coronavac,8,2021-02-05,DU,0
Coronavac,8,2021-02-05,R,0
Coronavac,8,2021-02-06,D1,367
Coronavac,8,2021-02-06,D2,2
Coronavac,8,2021-02-06,DU,0
Coronavac,8,2021-02-06,R,0
Coronavac,8,2021-02-07,D1,93
Coronavac,8,2021-02-07,D2,0
Coronavac,8,2021-02-07,DU,0
Coronavac,8,2021-02-07,R,0
Coronavac,8,2021-02-08,D1,720
Coronavac,8,2021-02-08,D2,8
Coronavac,8,2021-02-08,DU,0
Coronavac,8,2021-02-08,R,0
Coronavac,8,2021-02-09,D1,2751
Coronavac,8,2021-02-09,D2,25
Coronavac,8,2021-02-09,DU,0
Coronavac,8,2021-02-09,R,0
Coronavac,8,2021-02-10,D1,1606
Coronavac,8,2021-02-10,D2,102
Coronavac,8,2021-02-10,DU,0
Coronavac,8,2021-02-10,R,0
Coronavac,8,2021-02-11,D1,990
Coronavac,8,2021-02-11,D2,753
Coronavac,8,2021-02-11,DU,0
Coronavac,8,2021-02-11,R,0
Coronavac,8,2021-02-12,D1,881
Coronavac,8,2021-02-12,D2,1123
Coronavac,8,2021-02-12,DU,0
Coronavac,8,2021-02-12,R,0
Coronavac,8,2021-02-13,D1,222
Coronavac,8,2021-02-13,D2,164
Coronavac,8,2021-02-13,DU,0
Coronavac,8,2021-02-13,R,0
Coronavac,8,2021-02-14,D1,23
Coronavac,8,2021-02-14,D2,154
Coronavac,8,2021-02-14,DU,0
Coronavac,8,2021-02-14,R,0
Coronavac,8,2021-02-15,D1,565
Coronavac,8,2021-02-15,D2,928
Coronavac,8,2021-02-15,DU,0
Coronavac,8,2021-02-15,R,0
Coronavac,8,2021-02-16,D1,471
Coronavac,8,2021-02-16,D2,997
Coronavac,8,2021-02-16,DU,0
Coronavac,8,2021-02-16,R,0
Coronavac,8,2021-02-17,D1,520
Coronavac,8,2021-02-17,D2,983
Coronavac,8,2021-02-17,DU,0
Coronavac,8,2021-02-17,R,0
Coronavac,8,2021-02-18,D1,544
Coronavac,8,2021-02-18,D2,980
Coronavac,8,2021-02-18,DU,0
Coronavac,8,2021-02-18,R,0
Coronavac,8,2021-02-19,D1,447
Coronavac,8,2021-02-19,D2,699
Coronavac,8,2021-02-19,DU,0
Coronavac,8,2021-02-19,R,0
Coronavac,8,2021-02-20,D1,105
Coronavac,8,2021-02-20,D2,91
Coronavac,8,2021-02-20,DU,0
Coronavac,8,2021-02-20,R,0
Coronavac,8,2021-02-21,D1,20
Coronavac,8,2021-02-21,D2,14
Coronavac,8,2021-02-21,DU,0
Coronavac,8,2021-02-21,R,0
Coronavac,8,2021-02-22,D1,348
Coronavac,8,2021-02-22,D2,437
Coronavac,8,2021-02-22,DU,0
Coronavac,8,2021-02-22,R,0
Coronavac,8,2021-02-23,D1,350
Coronavac,8,2021-02-23,D2,336
Coronavac,8,2021-02-23,DU,0
Coronavac,8,2021-02-23,R,1
Coronavac,8,2021-02-24,D1,334
Coronavac,8,2021-02-24,D2,308
Coronavac,8,2021-02-24,DU,0
Coronavac,8,2021-02-24,R,0
Coronavac,8,2021-02-25,D1,327
Coronavac,8,2021-02-25,D2,327
Coronavac,8,2021-02-25,DU,0
Coronavac,8,2021-02-25,R,0
Coronavac,8,2021-02-26,D1,307
Coronavac,8,2021-02-26,D2,310
Coronavac,8,2021-02-26,DU,0
Coronavac,8,2021-02-26,R,0
Coronavac,8,2021-02-27,D1,28
Coronavac,8,2021-02-27,D2,111
Coronavac,8,2021-02-27,DU,0
Coronavac,8,2021-02-27,R,0
Coronavac,8,2021-02-28,D1,6
Coronavac,8,2021-02-28,D2,46
Coronavac,8,2021-02-28,DU,0
Coronavac,8,2021-02-28,R,0
Coronavac,8,2021-03-01,D1,210
Coronavac,8,2021-03-01,D2,639
Coronavac,8,2021-03-01,DU,0
Coronavac,8,2021-03-01,R,0
Coronavac,8,2021-03-02,D1,288
Coronavac,8,2021-03-02,D2,2543
Coronavac,8,2021-03-02,DU,0
Coronavac,8,2021-03-02,R,0
Coronavac,8,2021-03-03,D1,443
Coronavac,8,2021-03-03,D2,1592
Coronavac,8,2021-03-03,DU,0
Coronavac,8,2021-03-03,R,0
Coronavac,8,2021-03-04,D1,470
Coronavac,8,2021-03-04,D2,1206
Coronavac,8,2021-03-04,DU,0
Coronavac,8,2021-03-04,R,0
Coronavac,8,2021-03-05,D1,553
Coronavac,8,2021-03-05,D2,957
Coronavac,8,2021-03-05,DU,0
Coronavac,8,2021-03-05,R,0
Coronavac,8,2021-03-06,D1,173
Coronavac,8,2021-03-06,D2,251
Coronavac,8,2021-03-06,DU,0
Coronavac,8,2021-03-06,R,0
Coronavac,8,2021-03-07,D1,13
Coronavac,8,2021-03-07,D2,26
Coronavac,8,2021-03-07,DU,0
Coronavac,8,2021-03-07,R,0
Coronavac,8,2021-03-08,D1,532
Coronavac,8,2021-03-08,D2,593
Coronavac,8,2021-03-08,DU,0
Coronavac,8,2021-03-08,R,0
Coronavac,8,2021-03-09,D1,487
Coronavac,8,2021-03-09,D2,569
Coronavac,8,2021-03-09,DU,0
Coronavac,8,2021-03-09,R,0
Coronavac,8,2021-03-10,D1,540
Coronavac,8,2021-03-10,D2,608
Coronavac,8,2021-03-10,DU,0
Coronavac,8,2021-03-10,R,0
Coronavac,8,2021-03-11,D1,573
Coronavac,8,2021-03-11,D2,623
Coronavac,8,2021-03-11,DU,0
Coronavac,8,2021-03-11,R,0
Coronavac,8,2021-03-12,D1,650
Coronavac,8,2021-03-12,D2,549
Coronavac,8,2021-03-12,DU,0
Coronavac,8,2021-03-12,R,0
Coronavac,8,2021-03-13,D1,183
Coronavac,8,2021-03-13,D2,107
Coronavac,8,2021-03-13,DU,0
Coronavac,8,2021-03-13,R,0
Coronavac,8,2021-03-14,D1,24
Coronavac,8,2021-03-14,D2,12
Coronavac,8,2021-03-14,DU,0
Coronavac,8,2021-03-14,R,0
Coronavac,8,2021-03-15,D1,614
Coronavac,8,2021-03-15,D2,432
Coronavac,8,2021-03-15,DU,0
Coronavac,8,2021-03-15,R,0
Coronavac,8,2021-03-16,D1,648
Coronavac,8,2021-03-16,D2,356
Coronavac,8,2021-03-16,DU,0
Coronavac,8,2021-03-16,R,0
Coronavac,8,2021-03-17,D1,744
Coronavac,8,2021-03-17,D2,372
Coronavac,8,2021-03-17,DU,0
Coronavac,8,2021-03-17,R,0
Coronavac,8,2021-03-18,D1,980
Coronavac,8,2021-03-18,D2,358
Coronavac,8,2021-03-18,DU,0
Coronavac,8,2021-03-18,R,0
Coronavac,8,2021-03-19,D1,875
Coronavac,8,2021-03-19,D2,308
Coronavac,8,2021-03-19,DU,0
Coronavac,8,2021-03-19,R,0
Coronavac,8,2021-03-20,D1,330
Coronavac,8,2021-03-20,D2,49
Coronavac,8,2021-03-20,DU,0
Coronavac,8,2021-03-20,R,0
Coronavac,8,2021-03-21,D1,23
Coronavac,8,2021-03-21,D2,19
Coronavac,8,2021-03-21,DU,0
Coronavac,8,2021-03-21,R,0
Coronavac,8,2021-03-22,D1,873
Coronavac,8,2021-03-22,D2,265
Coronavac,8,2021-03-22,DU,0
Coronavac,8,2021-03-22,R,0
Coronavac,8,2021-03-23,D1,1217
Coronavac,8,2021-03-23,D2,298
Coronavac,8,2021-03-23,DU,0
Coronavac,8,2021-03-23,R,0
Coronavac,8,2021-03-24,D1,3218
Coronavac,8,2021-03-24,D2,403
Coronavac,8,2021-03-24,DU,0
Coronavac,8,2021-03-24,R,0
Coronavac,8,2021-03-25,D1,12810
Coronavac,8,2021-03-25,D2,470
Coronavac,8,2021-03-25,DU,0
Coronavac,8,2021-03-25,R,0
Coronavac,8,2021-03-26,D1,26870
Coronavac,8,2021-03-26,D2,465
Coronavac,8,2021-03-26,DU,0
Coronavac,8,2021-03-26,R,0
Coronavac,8,2021-03-27,D1,9408
Coronavac,8,2021-03-27,D2,99
Coronavac,8,2021-03-27,DU,0
Coronavac,8,2021-03-27,R,0
Coronavac,8,2021-03-28,D1,803
Coronavac,8,2021-03-28,D2,8
Coronavac,8,2021-03-28,DU,0
Coronavac,8,2021-03-28,R,0
Coronavac,8,2021-03-29,D1,11687
Coronavac,8,2021-03-29,D2,478
Coronavac,8,2021-03-29,DU,0
Coronavac,8,2021-03-29,R,0
Coronavac,8,2021-03-30,D1,6885
Coronavac,8,2021-03-30,D2,373
Coronavac,8,2021-03-30,DU,0
Coronavac,8,2021-03-30,R,0
Coronavac,8,2021-03-31,D1,5806
Coronavac,8,2021-03-31,D2,471
Coronavac,8,2021-03-31,DU,0
Coronavac,8,2021-03-31,R,0
Coronavac,8,2021-04-01,D1,11559
Coronavac,8,2021-04-01,D2,526
Coronavac,8,2021-04-01,DU,0
Coronavac,8,2021-04-01,R,1
Coronavac,8,2021-04-02,D1,12984
Coronavac,8,2021-04-02,D2,99
Coronavac,8,2021-04-02,DU,0
Coronavac,8,2021-04-02,R,0
Coronavac,8,2021-04-03,D1,8314
Coronavac,8,2021-04-03,D2,114
Coronavac,8,2021-04-03,DU,0
Coronavac,8,2021-04-03,R,0
Coronavac,8,2021-04-04,D1,240
Coronavac,8,2021-04-04,D2,8
Coronavac,8,2021-04-04,DU,0
Coronavac,8,2021-04-04,R,0
Coronavac,8,2021-04-05,D1,24326
Coronavac,8,2021-04-05,D2,819
Coronavac,8,2021-04-05,DU,0
Coronavac,8,2021-04-05,R,1
Coronavac,8,2021-04-06,D1,9921
Coronavac,8,2021-04-06,D2,677
Coronavac,8,2021-04-06,DU,0
Coronavac,8,2021-04-06,R,0
Coronavac,8,2021-04-07,D1,6243
Coronavac,8,2021-04-07,D2,682
Coronavac,8,2021-04-07,DU,0
Coronavac,8,2021-04-07,R,0
Coronavac,8,2021-04-08,D1,4379
Coronavac,8,2021-04-08,D2,787
Coronavac,8,2021-04-08,DU,0
Coronavac,8,2021-04-08,R,0
Coronavac,8,2021-04-09,D1,3975
Coronavac,8,2021-04-09,D2,767
Coronavac,8,2021-04-09,DU,0
Coronavac,8,2021-04-09,R,0
Coronavac,8,2021-04-10,D1,4043
Coronavac,8,2021-04-10,D2,200
Coronavac,8,2021-04-10,DU,0
Coronavac,8,2021-04-10,R,0
Coronavac,8,2021-04-11,D1,286
Coronavac,8,2021-04-11,D2,13
Coronavac,8,2021-04-11,DU,0
Coronavac,8,2021-04-11,R,0
Coronavac,8,2021-04-12,D1,13998
Coronavac,8,2021-04-12,D2,812
Coronavac,8,2021-04-12,DU,0
Coronavac,8,2021-04-12,R,0
Coronavac,8,2021-04-13,D1,7036
Coronavac,8,2021-04-13,D2,759
Coronavac,8,2021-04-13,DU,0
Coronavac,8,2021-04-13,R,0
Coronavac,8,2021-04-14,D1,4760
Coronavac,8,2021-04-14,D2,1547
Coronavac,8,2021-04-14,DU,0
Coronavac,8,2021-04-14,R,0
Coronavac,8,2021-04-15,D1,4064
Coronavac,8,2021-04-15,D2,5938
Coronavac,8,2021-04-15,DU,0
Coronavac,8,2021-04-15,R,0
Coronavac,8,2021-04-16,D1,3487
Coronavac,8,2021-04-16,D2,16592
Coronavac,8,2021-04-16,DU,0
Coronavac,8,2021-04-16,R,0
Coronavac,8,2021-04-17,D1,1524
Coronavac,8,2021-04-17,D2,3808
Coronavac,8,2021-04-17,DU,0
Coronavac,8,2021-04-17,R,0
Coronavac,8,2021-04-18,D1,148
Coronavac,8,2021-04-18,D2,583
Coronavac,8,2021-04-18,DU,0
Coronavac,8,2021-04-18,R,0
Coronavac,8,2021-04-19,D1,3030
Coronavac,8,2021-04-19,D2,8599
Coronavac,8,2021-04-19,DU,0
Coronavac,8,2021-04-19,R,0
Coronavac,8,2021-04-20,D1,2396
Coronavac,8,2021-04-20,D2,7193
Coronavac,8,2021-04-20,DU,0
Coronavac,8,2021-04-20,R,0
Coronavac,8,2021-04-21,D1,1301
Coronavac,8,2021-04-21,D2,2256
Coronavac,8,2021-04-21,DU,0
Coronavac,8,2021-04-21,R,0
Coronavac,8,2021-04-22,D1,5056
Coronavac,8,2021-04-22,D2,9617
Coronavac,8,2021-04-22,DU,0
Coronavac,8,2021-04-22,R,0
Coronavac,8,2021-04-23,D1,14817
Coronavac,8,2021-04-23,D2,16818
Coronavac,8,2021-04-23,DU,0
Coronavac,8,2021-04-23,R,1
Coronavac,8,2021-04-24,D1,4780
Coronavac,8,2021-04-24,D2,5023
Coronavac,8,2021-04-24,DU,0
Coronavac,8,2021-04-24,R,0
Coronavac,8,2021-04-25,D1,583
Coronavac,8,2021-04-25,D2,304
Coronavac,8,2021-04-25,DU,0
Coronavac,8,2021-04-25,R,0
Coronavac,8,2021-04-26,D1,7297
Coronavac,8,2021-04-26,D2,15968
Coronavac,8,2021-04-26,DU,0
Coronavac,8,2021-04-26,R,0
Coronavac,8,2021-04-27,D1,4881
Coronavac,8,2021-04-27,D2,11804
Coronavac,8,2021-04-27,DU,0
Coronavac,8,2021-04-27,R,0
Coronavac,8,2021-04-28,D1,3429
Coronavac,8,2021-04-28,D2,12972
Coronavac,8,2021-04-28,DU,0
Coronavac,8,2021-04-28,R,0
Coronavac,8,2021-04-29,D1,3204
Coronavac,8,2021-04-29,D2,7471
Coronavac,8,2021-04-29,DU,0
Coronavac,8,2021-04-29,R,0
Coronavac,8,2021-04-30,D1,1614
Coronavac,8,2021-04-30,D2,6498
Coronavac,8,2021-04-30,DU,0
Coronavac,8,2021-04-30,R,0
Coronavac,8,2021-05-01,D1,247
Coronavac,8,2021-05-01,D2,2443
Coronavac,8,2021-05-01,DU,0
Coronavac,8,2021-05-01,R,0
Coronavac,8,2021-05-02,D1,39
Coronavac,8,2021-05-02,D2,221
Coronavac,8,2021-05-02,DU,0
Coronavac,8,2021-05-02,R,0
Coronavac,8,2021-05-03,D1,867
Coronavac,8,2021-05-03,D2,12420
Coronavac,8,2021-05-03,DU,0
Coronavac,8,2021-05-03,R,0
Coronavac,8,2021-05-04,D1,686
Coronavac,8,2021-05-04,D2,7816
Coronavac,8,2021-05-04,DU,0
Coronavac,8,2021-05-04,R,0
Coronavac,8,2021-05-05,D1,370
Coronavac,8,2021-05-05,D2,5619
Coronavac,8,2021-05-05,DU,0
Coronavac,8,2021-05-05,R,0
Coronavac,8,2021-05-06,D1,1328
Coronavac,8,2021-05-06,D2,3560
Coronavac,8,2021-05-06,DU,0
Coronavac,8,2021-05-06,R,0
Coronavac,8,2021-05-07,D1,1189
Coronavac,8,2021-05-07,D2,4115
Coronavac,8,2021-05-07,DU,0
Coronavac,8,2021-05-07,R,0
Coronavac,8,2021-05-08,D1,311
Coronavac,8,2021-05-08,D2,1924
Coronavac,8,2021-05-08,DU,0
Coronavac,8,2021-05-08,R,0
Coronavac,8,2021-05-09,D1,1
Coronavac,8,2021-05-09,D2,99
Coronavac,8,2021-05-09,DU,0
Coronavac,8,2021-05-09,R,0
Coronavac,8,2021-05-10,D1,204
Coronavac,8,2021-05-10,D2,4990
Coronavac,8,2021-05-10,DU,0
Coronavac,8,2021-05-10,R,1
Coronavac,8,2021-05-11,D1,174
Coronavac,8,2021-05-11,D2,3664
Coronavac,8,2021-05-11,DU,0
Coronavac,8,2021-05-11,R,0
Coronavac,8,2021-05-12,D1,118
Coronavac,8,2021-05-12,D2,1767
Coronavac,8,2021-05-12,DU,0
Coronavac,8,2021-05-12,R,0
Coronavac,8,2021-05-13,D1,79
Coronavac,8,2021-05-13,D2,1517
Coronavac,8,2021-05-13,DU,0
Coronavac,8,2021-05-13,R,0
Coronavac,8,2021-05-14,D1,76
Coronavac,8,2021-05-14,D2,2719
Coronavac,8,2021-05-14,DU,0
Coronavac,8,2021-05-14,R,2
Coronavac,8,2021-05-15,D1,35
Coronavac,8,2021-05-15,D2,1558
Coronavac,8,2021-05-15,DU,0
Coronavac,8,2021-05-15,R,0
Coronavac,8,2021-05-16,D1,5
Coronavac,8,2021-05-16,D2,116
Coronavac,8,2021-05-16,DU,0
Coronavac,8,2021-05-16,R,0
Coronavac,8,2021-05-17,D1,80
Coronavac,8,2021-05-17,D2,7546
Coronavac,8,2021-05-17,DU,0
Coronavac,8,2021-05-17,R,0
Coronavac,8,2021-05-18,D1,84
Coronavac,8,2021-05-18,D2,8879
Coronavac,8,2021-05-18,DU,0
Coronavac,8,2021-05-18,R,0
Coronavac,8,2021-05-19,D1,83
Coronavac,8,2021-05-19,D2,5485
Coronavac,8,2021-05-19,DU,0
Coronavac,8,2021-05-19,R,0
Coronavac,8,2021-05-20,D1,105
Coronavac,8,2021-05-20,D2,5990
Coronavac,8,2021-05-20,DU,0
Coronavac,8,2021-05-20,R,0
Coronavac,8,2021-05-21,D1,109
Coronavac,8,2021-05-21,D2,8099
Coronavac,8,2021-05-21,DU,0
Coronavac,8,2021-05-21,R,0
Coronavac,8,2021-05-22,D1,78
Coronavac,8,2021-05-22,D2,3709
Coronavac,8,2021-05-22,DU,0
Coronavac,8,2021-05-22,R,0
Coronavac,8,2021-05-23,D1,3
Coronavac,8,2021-05-23,D2,171
Coronavac,8,2021-05-23,DU,0
Coronavac,8,2021-05-23,R,0
Coronavac,8,2021-05-24,D1,171
Coronavac,8,2021-05-24,D2,4459
Coronavac,8,2021-05-24,DU,0
Coronavac,8,2021-05-24,R,0
Coronavac,8,2021-05-25,D1,201
Coronavac,8,2021-05-25,D2,3362
Coronavac,8,2021-05-25,DU,0
Coronavac,8,2021-05-25,R,1
Coronavac,8,2021-05-26,D1,94
Coronavac,8,2021-05-26,D2,2187
Coronavac,8,2021-05-26,DU,0
Coronavac,8,2021-05-26,R,0
Coronavac,8,2021-05-27,D1,218
Coronavac,8,2021-05-27,D2,2155
Coronavac,8,2021-05-27,DU,0
Coronavac,8,2021-05-27,R,0
Coronavac,8,2021-05-28,D1,269
Coronavac,8,2021-05-28,D2,1849
Coronavac,8,2021-05-28,DU,0
Coronavac,8,2021-05-28,R,0
Coronavac,8,2021-05-29,D1,221
Coronavac,8,2021-05-29,D2,357
Coronavac,8,2021-05-29,DU,0
Coronavac,8,2021-05-29,R,0
Coronavac,8,2021-05-30,D1,0
Coronavac,8,2021-05-30,D2,46
Coronavac,8,2021-05-30,DU,0
Coronavac,8,2021-05-30,R,0
Coronavac,8,2021-05-31,D1,69
Coronavac,8,2021-05-31,D2,1663
Coronavac,8,2021-05-31,DU,0
Coronavac,8,2021-05-31,R,0
Coronavac,8,2021-06-01,D1,93
Coronavac,8,2021-06-01,D2,1612
Coronavac,8,2021-06-01,DU,0
Coronavac,8,2021-06-01,R,0
Coronavac,8,2021-06-02,D1,117
Coronavac,8,2021-06-02,D2,714
Coronavac,8,2021-06-02,DU,0
Coronavac,8,2021-06-02,R,0
Coronavac,8,2021-06-03,D1,34
Coronavac,8,2021-06-03,D2,225
Coronavac,8,2021-06-03,DU,0
Coronavac,8,2021-06-03,R,0
Coronavac,8,2021-06-04,D1,15
Coronavac,8,2021-06-04,D2,269
Coronavac,8,2021-06-04,DU,0
Coronavac,8,2021-06-04,R,0
Coronavac,8,2021-06-05,D1,114
Coronavac,8,2021-06-05,D2,497
Coronavac,8,2021-06-05,DU,0
Coronavac,8,2021-06-05,R,0
Coronavac,8,2021-06-06,D1,0
Coronavac,8,2021-06-06,D2,18
Coronavac,8,2021-06-06,DU,0
Coronavac,8,2021-06-06,R,0
Coronavac,8,2021-06-07,D1,73
Coronavac,8,2021-06-07,D2,397
Coronavac,8,2021-06-07,DU,0
Coronavac,8,2021-06-07,R,0
Coronavac,8,2021-06-08,D1,188
Coronavac,8,2021-06-08,D2,318
Coronavac,8,2021-06-08,DU,0
Coronavac,8,2021-06-08,R,0
Coronavac,8,2021-06-09,D1,61
Coronavac,8,2021-06-09,D2,288
Coronavac,8,2021-06-09,DU,0
Coronavac,8,2021-06-09,R,0
Coronavac,8,2021-06-10,D1,74
Coronavac,8,2021-06-10,D2,304
Coronavac,8,2021-06-10,DU,0
Coronavac,8,2021-06-10,R,0
Coronavac,8,2021-06-11,D1,61
Coronavac,8,2021-06-11,D2,279
Coronavac,8,2021-06-11,DU,0
Coronavac,8,2021-06-11,R,0
Coronavac,8,2021-06-12,D1,91
Coronavac,8,2021-06-12,D2,49
Coronavac,8,2021-06-12,DU,0
Coronavac,8,2021-06-12,R,0
Coronavac,8,2021-06-13,D1,5
Coronavac,8,2021-06-13,D2,4
Coronavac,8,2021-06-13,DU,0
Coronavac,8,2021-06-13,R,0
Coronavac,8,2021-06-14,D1,49
Coronavac,8,2021-06-14,D2,232
Coronavac,8,2021-06-14,DU,0
Coronavac,8,2021-06-14,R,0
Coronavac,8,2021-06-15,D1,77
Coronavac,8,2021-06-15,D2,187
Coronavac,8,2021-06-15,DU,0
Coronavac,8,2021-06-15,R,0
Coronavac,8,2021-06-16,D1,70
Coronavac,8,2021-06-16,D2,173
Coronavac,8,2021-06-16,DU,0
Coronavac,8,2021-06-16,R,0
Coronavac,8,2021-06-17,D1,89
Coronavac,8,2021-06-17,D2,191
Coronavac,8,2021-06-17,DU,0
Coronavac,8,2021-06-17,R,0
Coronavac,8,2021-06-18,D1,254
Coronavac,8,2021-06-18,D2,340
Coronavac,8,2021-06-18,DU,0
Coronavac,8,2021-06-18,R,0
Coronavac,8,2021-06-19,D1,93
Coronavac,8,2021-06-19,D2,270
Coronavac,8,2021-06-19,DU,0
Coronavac,8,2021-06-19,R,0
Coronavac,8,2021-06-20,D1,2
Coronavac,8,2021-06-20,D2,12
Coronavac,8,2021-06-20,DU,0
Coronavac,8,2021-06-20,R,0
Coronavac,8,2021-06-21,D1,118
Coronavac,8,2021-06-21,D2,233
Coronavac,8,2021-06-21,DU,0
Coronavac,8,2021-06-21,R,0
Coronavac,8,2021-06-22,D1,74
Coronavac,8,2021-06-22,D2,142
Coronavac,8,2021-06-22,DU,0
Coronavac,8,2021-06-22,R,0
Coronavac,8,2021-06-23,D1,419
Coronavac,8,2021-06-23,D2,195
Coronavac,8,2021-06-23,DU,0
Coronavac,8,2021-06-23,R,0
Coronavac,8,2021-06-24,D1,287
Coronavac,8,2021-06-24,D2,133
Coronavac,8,2021-06-24,DU,0
Coronavac,8,2021-06-24,R,0
Coronavac,8,2021-06-25,D1,185
Coronavac,8,2021-06-25,D2,200
Coronavac,8,2021-06-25,DU,0
Coronavac,8,2021-06-25,R,0
Coronavac,8,2021-06-26,D1,110
Coronavac,8,2021-06-26,D2,74
Coronavac,8,2021-06-26,DU,0
Coronavac,8,2021-06-26,R,0
Coronavac,8,2021-06-27,D1,6
Coronavac,8,2021-06-27,D2,4
Coronavac,8,2021-06-27,DU,0
Coronavac,8,2021-06-27,R,0
Coronavac,8,2021-06-28,D1,137
Coronavac,8,2021-06-28,D2,159
Coronavac,8,2021-06-28,DU,0
Coronavac,8,2021-06-28,R,0
Coronavac,8,2021-06-29,D1,111
Coronavac,8,2021-06-29,D2,113
Coronavac,8,2021-06-29,DU,0
Coronavac,8,2021-06-29,R,0
Coronavac,8,2021-06-30,D1,67
Coronavac,8,2021-06-30,D2,105
Coronavac,8,2021-06-30,DU,0
Coronavac,8,2021-06-30,R,0
Coronavac,8,2021-07-01,D1,74
Coronavac,8,2021-07-01,D2,84
Coronavac,8,2021-07-01,DU,0
Coronavac,8,2021-07-01,R,0
Coronavac,8,2021-07-02,D1,60
Coronavac,8,2021-07-02,D2,85
Coronavac,8,2021-07-02,DU,0
Coronavac,8,2021-07-02,R,0
Coronavac,8,2021-07-03,D1,39
Coronavac,8,2021-07-03,D2,72
Coronavac,8,2021-07-03,DU,0
Coronavac,8,2021-07-03,R,0
Coronavac,8,2021-07-04,D1,0
Coronavac,8,2021-07-04,D2,2
Coronavac,8,2021-07-04,DU,0
Coronavac,8,2021-07-04,R,0
Coronavac,8,2021-07-05,D1,67
Coronavac,8,2021-07-05,D2,137
Coronavac,8,2021-07-05,DU,0
Coronavac,8,2021-07-05,R,0
Coronavac,8,2021-07-06,D1,49
Coronavac,8,2021-07-06,D2,172
Coronavac,8,2021-07-06,DU,0
Coronavac,8,2021-07-06,R,0
Coronavac,8,2021-07-07,D1,39
Coronavac,8,2021-07-07,D2,92
Coronavac,8,2021-07-07,DU,0
Coronavac,8,2021-07-07,R,0
Coronavac,8,2021-07-08,D1,32
Coronavac,8,2021-07-08,D2,124
Coronavac,8,2021-07-08,DU,0
Coronavac,8,2021-07-08,R,0
Coronavac,8,2021-07-09,D1,6
Coronavac,8,2021-07-09,D2,38
Coronavac,8,2021-07-09,DU,0
Coronavac,8,2021-07-09,R,0
Coronavac,8,2021-07-10,D1,4
Coronavac,8,2021-07-10,D2,37
Coronavac,8,2021-07-10,DU,0
Coronavac,8,2021-07-10,R,0
Coronavac,8,2021-07-11,D1,1
Coronavac,8,2021-07-11,D2,6
Coronavac,8,2021-07-11,DU,0
Coronavac,8,2021-07-11,R,0
Coronavac,8,2021-07-12,D1,32
Coronavac,8,2021-07-12,D2,106
Coronavac,8,2021-07-12,DU,0
Coronavac,8,2021-07-12,R,0
Coronavac,8,2021-07-13,D1,57
Coronavac,8,2021-07-13,D2,119
Coronavac,8,2021-07-13,DU,0
Coronavac,8,2021-07-13,R,0
Coronavac,8,2021-07-14,D1,44
Coronavac,8,2021-07-14,D2,102
Coronavac,8,2021-07-14,DU,0
Coronavac,8,2021-07-14,R,0
Coronavac,8,2021-07-15,D1,66
Coronavac,8,2021-07-15,D2,113
Coronavac,8,2021-07-15,DU,0
Coronavac,8,2021-07-15,R,0
Coronavac,8,2021-07-16,D1,172
Coronavac,8,2021-07-16,D2,221
Coronavac,8,2021-07-16,DU,0
Coronavac,8,2021-07-16,R,0
Coronavac,8,2021-07-17,D1,170
Coronavac,8,2021-07-17,D2,122
Coronavac,8,2021-07-17,DU,0
Coronavac,8,2021-07-17,R,0
Coronavac,8,2021-07-18,D1,11
Coronavac,8,2021-07-18,D2,2
Coronavac,8,2021-07-18,DU,0
Coronavac,8,2021-07-18,R,0
Coronavac,8,2021-07-19,D1,274
Coronavac,8,2021-07-19,D2,158
Coronavac,8,2021-07-19,DU,0
Coronavac,8,2021-07-19,R,0
Coronavac,8,2021-07-20,D1,232
Coronavac,8,2021-07-20,D2,169
Coronavac,8,2021-07-20,DU,0
Coronavac,8,2021-07-20,R,0
Coronavac,8,2021-07-21,D1,245
Coronavac,8,2021-07-21,D2,312
Coronavac,8,2021-07-21,DU,0
Coronavac,8,2021-07-21,R,0
Coronavac,8,2021-07-22,D1,220
Coronavac,8,2021-07-22,D2,248
Coronavac,8,2021-07-22,DU,0
Coronavac,8,2021-07-22,R,0
Coronavac,8,2021-07-23,D1,170
Coronavac,8,2021-07-23,D2,177
Coronavac,8,2021-07-23,DU,0
Coronavac,8,2021-07-23,R,0
Coronavac,8,2021-07-24,D1,99
Coronavac,8,2021-07-24,D2,81
Coronavac,8,2021-07-24,DU,0
Coronavac,8,2021-07-24,R,0
Coronavac,8,2021-07-25,D1,8
Coronavac,8,2021-07-25,D2,3
Coronavac,8,2021-07-25,DU,0
Coronavac,8,2021-07-25,R,0
Coronavac,8,2021-07-26,D1,150
Coronavac,8,2021-07-26,D2,127
Coronavac,8,2021-07-26,DU,0
Coronavac,8,2021-07-26,R,0
Coronavac,8,2021-07-27,D1,122
Coronavac,8,2021-07-27,D2,120
Coronavac,8,2021-07-27,DU,0
Coronavac,8,2021-07-27,R,0
Coronavac,8,2021-07-28,D1,98
Coronavac,8,2021-07-28,D2,94
Coronavac,8,2021-07-28,DU,0
Coronavac,8,2021-07-28,R,0
Coronavac,8,2021-07-29,D1,137
Coronavac,8,2021-07-29,D2,112
Coronavac,8,2021-07-29,DU,0
Coronavac,8,2021-07-29,R,0
Coronavac,8,2021-07-30,D1,153
Coronavac,8,2021-07-30,D2,56
Coronavac,8,2021-07-30,DU,0
Coronavac,8,2021-07-30,R,0
Coronavac,8,2021-07-31,D1,63
Coronavac,8,2021-07-31,D2,64
Coronavac,8,2021-07-31,DU,0
Coronavac,8,2021-07-31,R,0
Coronavac,8,2021-08-01,D1,9
Coronavac,8,2021-08-01,D2,0
Coronavac,8,2021-08-01,DU,0
Coronavac,8,2021-08-01,R,0
Coronavac,8,2021-08-02,D1,184
Coronavac,8,2021-08-02,D2,70
Coronavac,8,2021-08-02,DU,0
Coronavac,8,2021-08-02,R,0
Coronavac,8,2021-08-03,D1,140
Coronavac,8,2021-08-03,D2,69
Coronavac,8,2021-08-03,DU,0
Coronavac,8,2021-08-03,R,0
Coronavac,8,2021-08-04,D1,137
Coronavac,8,2021-08-04,D2,58
Coronavac,8,2021-08-04,DU,0
Coronavac,8,2021-08-04,R,0
Coronavac,8,2021-08-05,D1,149
Coronavac,8,2021-08-05,D2,56
Coronavac,8,2021-08-05,DU,0
Coronavac,8,2021-08-05,R,0
Coronavac,8,2021-08-06,D1,108
Coronavac,8,2021-08-06,D2,37
Coronavac,8,2021-08-06,DU,0
Coronavac,8,2021-08-06,R,0
Coronavac,8,2021-08-07,D1,58
Coronavac,8,2021-08-07,D2,20
Coronavac,8,2021-08-07,DU,0
Coronavac,8,2021-08-07,R,0
Coronavac,8,2021-08-08,D1,2
Coronavac,8,2021-08-08,D2,1
Coronavac,8,2021-08-08,DU,0
Coronavac,8,2021-08-08,R,0
Coronavac,8,2021-08-09,D1,119
Coronavac,8,2021-08-09,D2,55
Coronavac,8,2021-08-09,DU,0
Coronavac,8,2021-08-09,R,0
Coronavac,8,2021-08-10,D1,157
Coronavac,8,2021-08-10,D2,93
Coronavac,8,2021-08-10,DU,0
Coronavac,8,2021-08-10,R,0
Coronavac,8,2021-08-11,D1,149
Coronavac,8,2021-08-11,D2,67
Coronavac,8,2021-08-11,DU,0
Coronavac,8,2021-08-11,R,0
Coronavac,8,2021-08-12,D1,86
Coronavac,8,2021-08-12,D2,69
Coronavac,8,2021-08-12,DU,0
Coronavac,8,2021-08-12,R,0
Coronavac,8,2021-08-13,D1,58
Coronavac,8,2021-08-13,D2,96
Coronavac,8,2021-08-13,DU,0
Coronavac,8,2021-08-13,R,0
Coronavac,8,2021-08-14,D1,25
Coronavac,8,2021-08-14,D2,86
Coronavac,8,2021-08-14,DU,0
Coronavac,8,2021-08-14,R,0
Coronavac,8,2021-08-15,D1,5
Coronavac,8,2021-08-15,D2,9
Coronavac,8,2021-08-15,DU,0
Coronavac,8,2021-08-15,R,0
Coronavac,8,2021-08-16,D1,80
Coronavac,8,2021-08-16,D2,221
Coronavac,8,2021-08-16,DU,0
Coronavac,8,2021-08-16,R,0
Coronavac,8,2021-08-17,D1,81
Coronavac,8,2021-08-17,D2,176
Coronavac,8,2021-08-17,DU,0
Coronavac,8,2021-08-17,R,0
Coronavac,8,2021-08-18,D1,57
Coronavac,8,2021-08-18,D2,188
Coronavac,8,2021-08-18,DU,0
Coronavac,8,2021-08-18,R,0
Coronavac,8,2021-08-19,D1,64
Coronavac,8,2021-08-19,D2,165
Coronavac,8,2021-08-19,DU,0
Coronavac,8,2021-08-19,R,1
Coronavac,8,2021-08-20,D1,97
Coronavac,8,2021-08-20,D2,193
Coronavac,8,2021-08-20,DU,0
Coronavac,8,2021-08-20,R,0
Coronavac,8,2021-08-21,D1,46
Coronavac,8,2021-08-21,D2,59
Coronavac,8,2021-08-21,DU,0
Coronavac,8,2021-08-21,R,0
Coronavac,8,2021-08-22,D1,2
Coronavac,8,2021-08-22,D2,2
Coronavac,8,2021-08-22,DU,0
Coronavac,8,2021-08-22,R,1
Coronavac,8,2021-08-23,D1,119
Coronavac,8,2021-08-23,D2,160
Coronavac,8,2021-08-23,DU,0
Coronavac,8,2021-08-23,R,0
Coronavac,8,2021-08-24,D1,125
Coronavac,8,2021-08-24,D2,123
Coronavac,8,2021-08-24,DU,0
Coronavac,8,2021-08-24,R,0
Coronavac,8,2021-08-25,D1,64
Coronavac,8,2021-08-25,D2,115
Coronavac,8,2021-08-25,DU,0
Coronavac,8,2021-08-25,R,0
Coronavac,8,2021-08-26,D1,59
Coronavac,8,2021-08-26,D2,126
Coronavac,8,2021-08-26,DU,0
Coronavac,8,2021-08-26,R,0
Coronavac,8,2021-08-27,D1,71
Coronavac,8,2021-08-27,D2,148
Coronavac,8,2021-08-27,DU,0
Coronavac,8,2021-08-27,R,0
Coronavac,8,2021-08-28,D1,36
Coronavac,8,2021-08-28,D2,64
Coronavac,8,2021-08-28,DU,0
Coronavac,8,2021-08-28,R,1
Coronavac,8,2021-08-29,D1,3
Coronavac,8,2021-08-29,D2,4
Coronavac,8,2021-08-29,DU,0
Coronavac,8,2021-08-29,R,0
Coronavac,8,2021-08-30,D1,57
Coronavac,8,2021-08-30,D2,156
Coronavac,8,2021-08-30,DU,0
Coronavac,8,2021-08-30,R,0
Coronavac,8,2021-08-31,D1,46
Coronavac,8,2021-08-31,D2,129
Coronavac,8,2021-08-31,DU,0
Coronavac,8,2021-08-31,R,7
Coronavac,8,2021-09-01,D1,45
Coronavac,8,2021-09-01,D2,94
Coronavac,8,2021-09-01,DU,0
Coronavac,8,2021-09-01,R,3
Coronavac,8,2021-09-02,D1,51
Coronavac,8,2021-09-02,D2,119
Coronavac,8,2021-09-02,DU,0
Coronavac,8,2021-09-02,R,0
Coronavac,8,2021-09-03,D1,55
Coronavac,8,2021-09-03,D2,106
Coronavac,8,2021-09-03,DU,0
Coronavac,8,2021-09-03,R,2
Coronavac,8,2021-09-04,D1,27
Coronavac,8,2021-09-04,D2,46
Coronavac,8,2021-09-04,DU,0
Coronavac,8,2021-09-04,R,0
Coronavac,8,2021-09-05,D1,1
Coronavac,8,2021-09-05,D2,1
Coronavac,8,2021-09-05,DU,0
Coronavac,8,2021-09-05,R,0
Coronavac,8,2021-09-06,D1,43
Coronavac,8,2021-09-06,D2,32
Coronavac,8,2021-09-06,DU,0
Coronavac,8,2021-09-06,R,289
Coronavac,8,2021-09-07,D1,4
Coronavac,8,2021-09-07,D2,8
Coronavac,8,2021-09-07,DU,0
Coronavac,8,2021-09-07,R,0
Coronavac,8,2021-09-08,D1,38
Coronavac,8,2021-09-08,D2,145
Coronavac,8,2021-09-08,DU,0
Coronavac,8,2021-09-08,R,93
Coronavac,8,2021-09-09,D1,67
Coronavac,8,2021-09-09,D2,136
Coronavac,8,2021-09-09,DU,0
Coronavac,8,2021-09-09,R,113
Coronavac,8,2021-09-10,D1,68
Coronavac,8,2021-09-10,D2,94
Coronavac,8,2021-09-10,DU,0
Coronavac,8,2021-09-10,R,146
Coronavac,8,2021-09-11,D1,24
Coronavac,8,2021-09-11,D2,47
Coronavac,8,2021-09-11,DU,0
Coronavac,8,2021-09-11,R,73
Coronavac,8,2021-09-12,D1,2
Coronavac,8,2021-09-12,D2,2
Coronavac,8,2021-09-12,DU,0
Coronavac,8,2021-09-12,R,17
Coronavac,8,2021-09-13,D1,75
Coronavac,8,2021-09-13,D2,92
Coronavac,8,2021-09-13,DU,0
Coronavac,8,2021-09-13,R,48
Coronavac,8,2021-09-14,D1,67
Coronavac,8,2021-09-14,D2,79
Coronavac,8,2021-09-14,DU,0
Coronavac,8,2021-09-14,R,75
Coronavac,8,2021-09-15,D1,67
Coronavac,8,2021-09-15,D2,70
Coronavac,8,2021-09-15,DU,0
Coronavac,8,2021-09-15,R,49
Coronavac,8,2021-09-16,D1,67
Coronavac,8,2021-09-16,D2,95
Coronavac,8,2021-09-16,DU,0
Coronavac,8,2021-09-16,R,50
Coronavac,8,2021-09-17,D1,63
Coronavac,8,2021-09-17,D2,77
Coronavac,8,2021-09-17,DU,0
Coronavac,8,2021-09-17,R,46
Coronavac,8,2021-09-18,D1,32
Coronavac,8,2021-09-18,D2,31
Coronavac,8,2021-09-18,DU,0
Coronavac,8,2021-09-18,R,66
Coronavac,8,2021-09-19,D1,2
Coronavac,8,2021-09-19,D2,3
Coronavac,8,2021-09-19,DU,0
Coronavac,8,2021-09-19,R,1
Coronavac,8,2021-09-20,D1,44
Coronavac,8,2021-09-20,D2,121
Coronavac,8,2021-09-20,DU,0
Coronavac,8,2021-09-20,R,58
Coronavac,8,2021-09-21,D1,47
Coronavac,8,2021-09-21,D2,87
Coronavac,8,2021-09-21,DU,0
Coronavac,8,2021-09-21,R,65
Coronavac,8,2021-09-22,D1,47
Coronavac,8,2021-09-22,D2,78
Coronavac,8,2021-09-22,DU,0
Coronavac,8,2021-09-22,R,96
Coronavac,8,2021-09-23,D1,53
Coronavac,8,2021-09-23,D2,78
Coronavac,8,2021-09-23,DU,0
Coronavac,8,2021-09-23,R,131
Coronavac,8,2021-09-24,D1,100
Coronavac,8,2021-09-24,D2,71
Coronavac,8,2021-09-24,DU,0
Coronavac,8,2021-09-24,R,133
Coronavac,8,2021-09-25,D1,44
Coronavac,8,2021-09-25,D2,34
Coronavac,8,2021-09-25,DU,0
Coronavac,8,2021-09-25,R,30
Coronavac,8,2021-09-26,D1,2
Coronavac,8,2021-09-26,D2,2
Coronavac,8,2021-09-26,DU,0
Coronavac,8,2021-09-26,R,3
Coronavac,8,2021-09-27,D1,117
Coronavac,8,2021-09-27,D2,61
Coronavac,8,2021-09-27,DU,0
Coronavac,8,2021-09-27,R,133
Coronavac,8,2021-09-28,D1,84
Coronavac,8,2021-09-28,D2,56
Coronavac,8,2021-09-28,DU,0
Coronavac,8,2021-09-28,R,181
Coronavac,8,2021-09-29,D1,80
Coronavac,8,2021-09-29,D2,55
Coronavac,8,2021-09-29,DU,0
Coronavac,8,2021-09-29,R,182
Coronavac,8,2021-09-30,D1,80
Coronavac,8,2021-09-30,D2,64
Coronavac,8,2021-09-30,DU,0
Coronavac,8,2021-09-30,R,183
Coronavac,8,2021-10-01,D1,80
Coronavac,8,2021-10-01,D2,50
Coronavac,8,2021-10-01,DU,0
Coronavac,8,2021-10-01,R,196
Coronavac,8,2021-10-02,D1,96
Coronavac,8,2021-10-02,D2,35
Coronavac,8,2021-10-02,DU,0
Coronavac,8,2021-10-02,R,165
Coronavac,8,2021-10-03,D1,1
Coronavac,8,2021-10-03,D2,0
Coronavac,8,2021-10-03,DU,0
Coronavac,8,2021-10-03,R,2
Coronavac,8,2021-10-04,D1,69
Coronavac,8,2021-10-04,D2,57
Coronavac,8,2021-10-04,DU,0
Coronavac,8,2021-10-04,R,273
Coronavac,8,2021-10-05,D1,82
Coronavac,8,2021-10-05,D2,30
Coronavac,8,2021-10-05,DU,0
Coronavac,8,2021-10-05,R,270
Coronavac,8,2021-10-06,D1,56
Coronavac,8,2021-10-06,D2,43
Coronavac,8,2021-10-06,DU,0
Coronavac,8,2021-10-06,R,275
Coronavac,8,2021-10-07,D1,46
Coronavac,8,2021-10-07,D2,57
Coronavac,8,2021-10-07,DU,0
Coronavac,8,2021-10-07,R,240
Coronavac,8,2021-10-08,D1,55
Coronavac,8,2021-10-08,D2,73
Coronavac,8,2021-10-08,DU,0
Coronavac,8,2021-10-08,R,346
Coronavac,8,2021-10-09,D1,8
Coronavac,8,2021-10-09,D2,17
Coronavac,8,2021-10-09,DU,0
Coronavac,8,2021-10-09,R,54
Coronavac,8,2021-10-10,D1,1
Coronavac,8,2021-10-10,D2,1
Coronavac,8,2021-10-10,DU,0
Coronavac,8,2021-10-10,R,1
Coronavac,8,2021-10-11,D1,6
Coronavac,8,2021-10-11,D2,6
Coronavac,8,2021-10-11,DU,0
Coronavac,8,2021-10-11,R,20
Coronavac,8,2021-10-12,D1,1
Coronavac,8,2021-10-12,D2,3
Coronavac,8,2021-10-12,DU,0
Coronavac,8,2021-10-12,R,59
Coronavac,8,2021-10-13,D1,39
Coronavac,8,2021-10-13,D2,99
Coronavac,8,2021-10-13,DU,0
Coronavac,8,2021-10-13,R,370
Coronavac,8,2021-10-14,D1,43
Coronavac,8,2021-10-14,D2,69
Coronavac,8,2021-10-14,DU,0
Coronavac,8,2021-10-14,R,463
Coronavac,8,2021-10-15,D1,43
Coronavac,8,2021-10-15,D2,57
Coronavac,8,2021-10-15,DU,0
Coronavac,8,2021-10-15,R,610
Coronavac,8,2021-10-16,D1,50
Coronavac,8,2021-10-16,D2,25
Coronavac,8,2021-10-16,DU,0
Coronavac,8,2021-10-16,R,414
Coronavac,8,2021-10-17,D1,2
Coronavac,8,2021-10-17,D2,3
Coronavac,8,2021-10-17,DU,0
Coronavac,8,2021-10-17,R,2
Coronavac,8,2021-10-18,D1,29
Coronavac,8,2021-10-18,D2,61
Coronavac,8,2021-10-18,DU,0
Coronavac,8,2021-10-18,R,615
Coronavac,8,2021-10-19,D1,41
Coronavac,8,2021-10-19,D2,45
Coronavac,8,2021-10-19,DU,1
Coronavac,8,2021-10-19,R,666
Coronavac,8,2021-10-20,D1,19
Coronavac,8,2021-10-20,D2,62
Coronavac,8,2021-10-20,DU,2
Coronavac,8,2021-10-20,R,643
Coronavac,8,2021-10-21,D1,28
Coronavac,8,2021-10-21,D2,48
Coronavac,8,2021-10-21,DU,0
Coronavac,8,2021-10-21,R,619
Coronavac,8,2021-10-22,D1,29
Coronavac,8,2021-10-22,D2,83
Coronavac,8,2021-10-22,DU,0
Coronavac,8,2021-10-22,R,818
Coronavac,8,2021-10-23,D1,9
Coronavac,8,2021-10-23,D2,16
Coronavac,8,2021-10-23,DU,0
Coronavac,8,2021-10-23,R,230
Coronavac,8,2021-10-24,D1,5
Coronavac,8,2021-10-24,D2,1
Coronavac,8,2021-10-24,DU,0
Coronavac,8,2021-10-24,R,3
Coronavac,8,2021-10-25,D1,24
Coronavac,8,2021-10-25,D2,115
Coronavac,8,2021-10-25,DU,2
Coronavac,8,2021-10-25,R,943
Coronavac,8,2021-10-26,D1,28
Coronavac,8,2021-10-26,D2,85
Coronavac,8,2021-10-26,DU,0
Coronavac,8,2021-10-26,R,1237
Coronavac,8,2021-10-27,D1,36
Coronavac,8,2021-10-27,D2,109
Coronavac,8,2021-10-27,DU,0
Coronavac,8,2021-10-27,R,1108
Coronavac,8,2021-10-28,D1,30
Coronavac,8,2021-10-28,D2,97
Coronavac,8,2021-10-28,DU,0
Coronavac,8,2021-10-28,R,1049
Coronavac,8,2021-10-29,D1,16
Coronavac,8,2021-10-29,D2,44
Coronavac,8,2021-10-29,DU,0
Coronavac,8,2021-10-29,R,366
Coronavac,8,2021-10-30,D1,11
Coronavac,8,2021-10-30,D2,13
Coronavac,8,2021-10-30,DU,0
Coronavac,8,2021-10-30,R,169
Coronavac,8,2021-10-31,D1,0
Coronavac,8,2021-10-31,D2,1
Coronavac,8,2021-10-31,DU,0
Coronavac,8,2021-10-31,R,2
Coronavac,8,2021-11-01,D1,4
Coronavac,8,2021-11-01,D2,6
Coronavac,8,2021-11-01,DU,0
Coronavac,8,2021-11-01,R,63
Coronavac,8,2021-11-02,D1,5
Coronavac,8,2021-11-02,D2,2
Coronavac,8,2021-11-02,DU,0
Coronavac,8,2021-11-02,R,15
Coronavac,8,2021-11-03,D1,43
Coronavac,8,2021-11-03,D2,96
Coronavac,8,2021-11-03,DU,0
Coronavac,8,2021-11-03,R,1301
Coronavac,8,2021-11-04,D1,42
Coronavac,8,2021-11-04,D2,87
Coronavac,8,2021-11-04,DU,0
Coronavac,8,2021-11-04,R,1116
Coronavac,8,2021-11-05,D1,31
Coronavac,8,2021-11-05,D2,62
Coronavac,8,2021-11-05,DU,0
Coronavac,8,2021-11-05,R,881
Coronavac,8,2021-11-06,D1,18
Coronavac,8,2021-11-06,D2,14
Coronavac,8,2021-11-06,DU,0
Coronavac,8,2021-11-06,R,174
Coronavac,8,2021-11-07,D1,1
Coronavac,8,2021-11-07,D2,0
Coronavac,8,2021-11-07,DU,0
Coronavac,8,2021-11-07,R,3
Coronavac,8,2021-11-08,D1,25
Coronavac,8,2021-11-08,D2,49
Coronavac,8,2021-11-08,DU,0
Coronavac,8,2021-11-08,R,932
Coronavac,8,2021-11-09,D1,29
Coronavac,8,2021-11-09,D2,28
Coronavac,8,2021-11-09,DU,2
Coronavac,8,2021-11-09,R,730
Coronavac,8,2021-11-10,D1,18
Coronavac,8,2021-11-10,D2,18
Coronavac,8,2021-11-10,DU,0
Coronavac,8,2021-11-10,R,542
Coronavac,8,2021-11-11,D1,18
Coronavac,8,2021-11-11,D2,55
Coronavac,8,2021-11-11,DU,0
Coronavac,8,2021-11-11,R,1020
Coronavac,8,2021-11-12,D1,10
Coronavac,8,2021-11-12,D2,55
Coronavac,8,2021-11-12,DU,0
Coronavac,8,2021-11-12,R,617
Coronavac,8,2021-11-13,D1,6
Coronavac,8,2021-11-13,D2,18
Coronavac,8,2021-11-13,DU,0
Coronavac,8,2021-11-13,R,124
Coronavac,8,2021-11-14,D1,1
Coronavac,8,2021-11-14,D2,1
Coronavac,8,2021-11-14,DU,0
Coronavac,8,2021-11-14,R,9
Coronavac,8,2021-11-15,D1,1
Coronavac,8,2021-11-15,D2,2
Coronavac,8,2021-11-15,DU,0
Coronavac,8,2021-11-15,R,16
Coronavac,8,2021-11-16,D1,20
Coronavac,8,2021-11-16,D2,38
Coronavac,8,2021-11-16,DU,0
Coronavac,8,2021-11-16,R,640
Coronavac,8,2021-11-17,D1,20
Coronavac,8,2021-11-17,D2,44
Coronavac,8,2021-11-17,DU,0
Coronavac,8,2021-11-17,R,852
Coronavac,8,2021-11-18,D1,13
Coronavac,8,2021-11-18,D2,7
Coronavac,8,2021-11-18,DU,0
Coronavac,8,2021-11-18,R,858
Coronavac,8,2021-11-19,D1,0
Coronavac,8,2021-11-19,D2,0
Coronavac,8,2021-11-19,DU,0
Coronavac,8,2021-11-19,R,29
Coronavac,8,2021-11-20,D1,8
Coronavac,8,2021-11-20,D2,4
Coronavac,8,2021-11-20,DU,0
Coronavac,8,2021-11-20,R,203
Coronavac,8,2021-11-21,D1,0
Coronavac,8,2021-11-21,D2,0
Coronavac,8,2021-11-21,DU,0
Coronavac,8,2021-11-21,R,14
Coronavac,8,2021-11-22,D1,0
Coronavac,8,2021-11-22,D2,1
Coronavac,8,2021-11-22,DU,0
Coronavac,8,2021-11-22,R,13
Coronavac,8,2021-11-23,D1,2
Coronavac,8,2021-11-23,D2,41
Coronavac,8,2021-11-23,DU,0
Coronavac,8,2021-11-23,R,113
Coronavac,8,2021-11-24,D1,0
Coronavac,8,2021-11-24,D2,1
Coronavac,8,2021-11-24,DU,0
Coronavac,8,2021-11-24,R,55
Coronavac,8,2021-11-25,D1,0
Coronavac,8,2021-11-25,D2,0
Coronavac,8,2021-11-25,DU,0
Coronavac,8,2021-11-25,R,9
Coronavac,8,2021-11-26,D1,0
Coronavac,8,2021-11-26,D2,32
Coronavac,8,2021-11-26,DU,0
Coronavac,8,2021-11-26,R,9
Coronavac,8,2021-11-27,D1,0
Coronavac,8,2021-11-27,D2,1
Coronavac,8,2021-11-27,DU,0
Coronavac,8,2021-11-27,R,2
Coronavac,8,2021-11-28,D1,0
Coronavac,8,2021-11-28,D2,0
Coronavac,8,2021-11-28,DU,0
Coronavac,8,2021-11-28,R,1
Coronavac,8,2021-11-29,D1,1
Coronavac,8,2021-11-29,D2,1
Coronavac,8,2021-11-29,DU,0
Coronavac,8,2021-11-29,R,5
Coronavac,8,2021-12-01,D1,0
Coronavac,8,2021-12-01,D2,0
Coronavac,8,2021-12-01,DU,0
Coronavac,8,2021-12-01,R,2
Coronavac,8,2021-12-02,D1,2
Coronavac,8,2021-12-02,D2,43
Coronavac,8,2021-12-02,DU,0
Coronavac,8,2021-12-02,R,1
Coronavac,8,2021-12-03,D1,0
Coronavac,8,2021-12-03,D2,0
Coronavac,8,2021-12-03,DU,0
Coronavac,8,2021-12-03,R,5
Coronavac,8,2021-12-04,D1,3
Coronavac,8,2021-12-04,D2,0
Coronavac,8,2021-12-04,DU,0
Coronavac,8,2021-12-04,R,1006
Coronavac,8,2021-12-05,D1,0
Coronavac,8,2021-12-05,D2,0
Coronavac,8,2021-12-05,DU,0
Coronavac,8,2021-12-05,R,39
Coronavac,8,2021-12-06,D1,1
Coronavac,8,2021-12-06,D2,0
Coronavac,8,2021-12-06,DU,0
Coronavac,8,2021-12-06,R,33
Coronavac,8,2021-12-07,D1,28
Coronavac,8,2021-12-07,D2,4
Coronavac,8,2021-12-07,DU,0
Coronavac,8,2021-12-07,R,6943
Coronavac,8,2021-12-08,D1,0
Coronavac,8,2021-12-08,D2,0
Coronavac,8,2021-12-08,DU,0
Coronavac,8,2021-12-08,R,1
Coronavac,8,2021-12-10,D1,0
Coronavac,8,2021-12-10,D2,0
Coronavac,8,2021-12-10,DU,0
Coronavac,8,2021-12-10,R,1
Coronavac,8,2021-12-14,D1,12
Coronavac,8,2021-12-14,D2,6
Coronavac,8,2021-12-14,DU,0
Coronavac,8,2021-12-14,R,2777
Coronavac,8,2021-12-15,D1,0
Coronavac,8,2021-12-15,D2,0
Coronavac,8,2021-12-15,DU,0
Coronavac,8,2021-12-15,R,1
Coronavac,8,2021-12-16,D1,0
Coronavac,8,2021-12-16,D2,0
Coronavac,8,2021-12-16,DU,0
Coronavac,8,2021-12-16,R,1
Coronavac,8,2021-12-17,D1,5
Coronavac,8,2021-12-17,D2,13
Coronavac,8,2021-12-17,DU,0
Coronavac,8,2021-12-17,R,914
Coronavac,8,2021-12-19,D1,0
Coronavac,8,2021-12-19,D2,2
Coronavac,8,2021-12-19,DU,0
Coronavac,8,2021-12-19,R,25
Coronavac,8,2021-12-20,D1,3
Coronavac,8,2021-12-20,D2,6
Coronavac,8,2021-12-20,DU,0
Coronavac,8,2021-12-20,R,308
Coronavac,8,2021-12-21,D1,0
Coronavac,8,2021-12-21,D2,1
Coronavac,8,2021-12-21,DU,0
Coronavac,8,2021-12-21,R,1
Coronavac,8,2021-12-23,D1,1
Coronavac,8,2021-12-23,D2,1
Coronavac,8,2021-12-23,DU,0
Coronavac,8,2021-12-23,R,188
Coronavac,8,2021-12-26,D1,0
Coronavac,8,2021-12-26,D2,0
Coronavac,8,2021-12-26,DU,0
Coronavac,8,2021-12-26,R,1
Coronavac,8,2021-12-27,D1,10
Coronavac,8,2021-12-27,D2,8
Coronavac,8,2021-12-27,DU,0
Coronavac,8,2021-12-27,R,561
Coronavac,8,2021-12-28,D1,12
Coronavac,8,2021-12-28,D2,14
Coronavac,8,2021-12-28,DU,0
Coronavac,8,2021-12-28,R,582
Coronavac,8,2021-12-29,D1,0
Coronavac,8,2021-12-29,D2,0
Coronavac,8,2021-12-29,DU,0
Coronavac,8,2021-12-29,R,2
Coronavac,8,2022-01-01,D1,0
Coronavac,8,2022-01-01,D2,0
Coronavac,8,2022-01-01,DU,0
Coronavac,8,2022-01-01,R,1
Coronavac,8,2022-01-03,D1,3
Coronavac,8,2022-01-03,D2,4
Coronavac,8,2022-01-03,DU,0
Coronavac,8,2022-01-03,R,342
Coronavac,8,2022-01-04,D1,10
Coronavac,8,2022-01-04,D2,12
Coronavac,8,2022-01-04,DU,0
Coronavac,8,2022-01-04,R,899
Coronavac,8,2022-01-05,D1,0
Coronavac,8,2022-01-05,D2,0
Coronavac,8,2022-01-05,DU,0
Coronavac,8,2022-01-05,R,15
Coronavac,8,2022-01-07,D1,1
Coronavac,8,2022-01-07,D2,0
Coronavac,8,2022-01-07,DU,0
Coronavac,8,2022-01-07,R,0
Coronavac,8,2022-01-08,D1,0
Coronavac,8,2022-01-08,D2,1
Coronavac,8,2022-01-08,DU,0
Coronavac,8,2022-01-08,R,58
Coronavac,8,2022-01-10,D1,13
Coronavac,8,2022-01-10,D2,10
Coronavac,8,2022-01-10,DU,0
Coronavac,8,2022-01-10,R,1074
Coronavac,8,2022-01-11,D1,11
Coronavac,8,2022-01-11,D2,11
Coronavac,8,2022-01-11,DU,0
Coronavac,8,2022-01-11,R,1143
Coronavac,8,2022-01-12,D1,0
Coronavac,8,2022-01-12,D2,0
Coronavac,8,2022-01-12,DU,0
Coronavac,8,2022-01-12,R,1
Coronavac,8,2022-01-13,D1,6
Coronavac,8,2022-01-13,D2,6
Coronavac,8,2022-01-13,DU,0
Coronavac,8,2022-01-13,R,533
Coronavac,8,2022-01-14,D1,1
Coronavac,8,2022-01-14,D2,0
Coronavac,8,2022-01-14,DU,0
Coronavac,8,2022-01-14,R,20
Coronavac,9,2021-01-18,D1,6
Coronavac,9,2021-01-18,D2,0
Coronavac,9,2021-01-18,DU,0
Coronavac,9,2021-01-18,R,0
Coronavac,9,2021-01-19,D1,30
Coronavac,9,2021-01-19,D2,0
Coronavac,9,2021-01-19,DU,0
Coronavac,9,2021-01-19,R,0
Coronavac,9,2021-01-20,D1,129
Coronavac,9,2021-01-20,D2,1
Coronavac,9,2021-01-20,DU,0
Coronavac,9,2021-01-20,R,0
Coronavac,9,2021-01-21,D1,353
Coronavac,9,2021-01-21,D2,3
Coronavac,9,2021-01-21,DU,0
Coronavac,9,2021-01-21,R,0
Coronavac,9,2021-01-22,D1,917
Coronavac,9,2021-01-22,D2,4
Coronavac,9,2021-01-22,DU,0
Coronavac,9,2021-01-22,R,0
Coronavac,9,2021-01-23,D1,227
Coronavac,9,2021-01-23,D2,2
Coronavac,9,2021-01-23,DU,0
Coronavac,9,2021-01-23,R,0
Coronavac,9,2021-01-24,D1,83
Coronavac,9,2021-01-24,D2,0
Coronavac,9,2021-01-24,DU,0
Coronavac,9,2021-01-24,R,0
Coronavac,9,2021-01-25,D1,294
Coronavac,9,2021-01-25,D2,0
Coronavac,9,2021-01-25,DU,0
Coronavac,9,2021-01-25,R,0
Coronavac,9,2021-01-26,D1,323
Coronavac,9,2021-01-26,D2,1
Coronavac,9,2021-01-26,DU,0
Coronavac,9,2021-01-26,R,0
Coronavac,9,2021-01-27,D1,344
Coronavac,9,2021-01-27,D2,0
Coronavac,9,2021-01-27,DU,0
Coronavac,9,2021-01-27,R,0
Coronavac,9,2021-01-28,D1,273
Coronavac,9,2021-01-28,D2,2
Coronavac,9,2021-01-28,DU,0
Coronavac,9,2021-01-28,R,0
Coronavac,9,2021-01-29,D1,270
Coronavac,9,2021-01-29,D2,0
Coronavac,9,2021-01-29,DU,0
Coronavac,9,2021-01-29,R,0
Coronavac,9,2021-01-30,D1,71
Coronavac,9,2021-01-30,D2,1
Coronavac,9,2021-01-30,DU,0
Coronavac,9,2021-01-30,R,0
Coronavac,9,2021-01-31,D1,9
Coronavac,9,2021-01-31,D2,1
Coronavac,9,2021-01-31,DU,0
Coronavac,9,2021-01-31,R,0
Coronavac,9,2021-02-01,D1,163
Coronavac,9,2021-02-01,D2,0
Coronavac,9,2021-02-01,DU,0
Coronavac,9,2021-02-01,R,0
Coronavac,9,2021-02-02,D1,167
Coronavac,9,2021-02-02,D2,1
Coronavac,9,2021-02-02,DU,0
Coronavac,9,2021-02-02,R,0
Coronavac,9,2021-02-03,D1,233
Coronavac,9,2021-02-03,D2,0
Coronavac,9,2021-02-03,DU,0
Coronavac,9,2021-02-03,R,0
Coronavac,9,2021-02-04,D1,381
Coronavac,9,2021-02-04,D2,2
Coronavac,9,2021-02-04,DU,0
Coronavac,9,2021-02-04,R,0
Coronavac,9,2021-02-05,D1,242
Coronavac,9,2021-02-05,D2,0
Coronavac,9,2021-02-05,DU,0
Coronavac,9,2021-02-05,R,0
Coronavac,9,2021-02-06,D1,168
Coronavac,9,2021-02-06,D2,1
Coronavac,9,2021-02-06,DU,0
Coronavac,9,2021-02-06,R,0
Coronavac,9,2021-02-07,D1,44
Coronavac,9,2021-02-07,D2,0
Coronavac,9,2021-02-07,DU,0
Coronavac,9,2021-02-07,R,0
Coronavac,9,2021-02-08,D1,565
Coronavac,9,2021-02-08,D2,4
Coronavac,9,2021-02-08,DU,0
Coronavac,9,2021-02-08,R,0
Coronavac,9,2021-02-09,D1,1244
Coronavac,9,2021-02-09,D2,16
Coronavac,9,2021-02-09,DU,0
Coronavac,9,2021-02-09,R,0
Coronavac,9,2021-02-10,D1,640
Coronavac,9,2021-02-10,D2,33
Coronavac,9,2021-02-10,DU,0
Coronavac,9,2021-02-10,R,0
Coronavac,9,2021-02-11,D1,527
Coronavac,9,2021-02-11,D2,254
Coronavac,9,2021-02-11,DU,0
Coronavac,9,2021-02-11,R,1
Coronavac,9,2021-02-12,D1,526
Coronavac,9,2021-02-12,D2,390
Coronavac,9,2021-02-12,DU,0
Coronavac,9,2021-02-12,R,0
Coronavac,9,2021-02-13,D1,120
Coronavac,9,2021-02-13,D2,88
Coronavac,9,2021-02-13,DU,0
Coronavac,9,2021-02-13,R,0
Coronavac,9,2021-02-14,D1,20
Coronavac,9,2021-02-14,D2,38
Coronavac,9,2021-02-14,DU,0
Coronavac,9,2021-02-14,R,1
Coronavac,9,2021-02-15,D1,427
Coronavac,9,2021-02-15,D2,351
Coronavac,9,2021-02-15,DU,0
Coronavac,9,2021-02-15,R,0
Coronavac,9,2021-02-16,D1,415
Coronavac,9,2021-02-16,D2,420
Coronavac,9,2021-02-16,DU,0
Coronavac,9,2021-02-16,R,0
Coronavac,9,2021-02-17,D1,402
Coronavac,9,2021-02-17,D2,411
Coronavac,9,2021-02-17,DU,0
Coronavac,9,2021-02-17,R,0
Coronavac,9,2021-02-18,D1,477
Coronavac,9,2021-02-18,D2,443
Coronavac,9,2021-02-18,DU,0
Coronavac,9,2021-02-18,R,0
Coronavac,9,2021-02-19,D1,378
Coronavac,9,2021-02-19,D2,349
Coronavac,9,2021-02-19,DU,0
Coronavac,9,2021-02-19,R,0
Coronavac,9,2021-02-20,D1,110
Coronavac,9,2021-02-20,D2,65
Coronavac,9,2021-02-20,DU,0
Coronavac,9,2021-02-20,R,0
Coronavac,9,2021-02-21,D1,36
Coronavac,9,2021-02-21,D2,5
Coronavac,9,2021-02-21,DU,0
Coronavac,9,2021-02-21,R,0
Coronavac,9,2021-02-22,D1,347
Coronavac,9,2021-02-22,D2,197
Coronavac,9,2021-02-22,DU,0
Coronavac,9,2021-02-22,R,0
Coronavac,9,2021-02-23,D1,357
Coronavac,9,2021-02-23,D2,182
Coronavac,9,2021-02-23,DU,0
Coronavac,9,2021-02-23,R,0
Coronavac,9,2021-02-24,D1,334
Coronavac,9,2021-02-24,D2,142
Coronavac,9,2021-02-24,DU,0
Coronavac,9,2021-02-24,R,0
Coronavac,9,2021-02-25,D1,346
Coronavac,9,2021-02-25,D2,175
Coronavac,9,2021-02-25,DU,0
Coronavac,9,2021-02-25,R,0
Coronavac,9,2021-02-26,D1,271
Coronavac,9,2021-02-26,D2,163
Coronavac,9,2021-02-26,DU,0
Coronavac,9,2021-02-26,R,1
Coronavac,9,2021-02-27,D1,39
Coronavac,9,2021-02-27,D2,82
Coronavac,9,2021-02-27,DU,0
Coronavac,9,2021-02-27,R,0
Coronavac,9,2021-02-28,D1,5
Coronavac,9,2021-02-28,D2,20
Coronavac,9,2021-02-28,DU,0
Coronavac,9,2021-02-28,R,0
Coronavac,9,2021-03-01,D1,719
Coronavac,9,2021-03-01,D2,323
Coronavac,9,2021-03-01,DU,0
Coronavac,9,2021-03-01,R,0
Coronavac,9,2021-03-02,D1,2394
Coronavac,9,2021-03-02,D2,952
Coronavac,9,2021-03-02,DU,0
Coronavac,9,2021-03-02,R,0
Coronavac,9,2021-03-03,D1,22674
Coronavac,9,2021-03-03,D2,776
Coronavac,9,2021-03-03,DU,0
Coronavac,9,2021-03-03,R,0
Coronavac,9,2021-03-04,D1,7796
Coronavac,9,2021-03-04,D2,437
Coronavac,9,2021-03-04,DU,0
Coronavac,9,2021-03-04,R,0
Coronavac,9,2021-03-05,D1,7952
Coronavac,9,2021-03-05,D2,529
Coronavac,9,2021-03-05,DU,0
Coronavac,9,2021-03-05,R,0
Coronavac,9,2021-03-06,D1,8236
Coronavac,9,2021-03-06,D2,103
Coronavac,9,2021-03-06,DU,0
Coronavac,9,2021-03-06,R,0
Coronavac,9,2021-03-07,D1,1460
Coronavac,9,2021-03-07,D2,18
Coronavac,9,2021-03-07,DU,0
Coronavac,9,2021-03-07,R,0
Coronavac,9,2021-03-08,D1,10258
Coronavac,9,2021-03-08,D2,425
Coronavac,9,2021-03-08,DU,0
Coronavac,9,2021-03-08,R,0
Coronavac,9,2021-03-09,D1,7432
Coronavac,9,2021-03-09,D2,441
Coronavac,9,2021-03-09,DU,0
Coronavac,9,2021-03-09,R,0
Coronavac,9,2021-03-10,D1,6248
Coronavac,9,2021-03-10,D2,418
Coronavac,9,2021-03-10,DU,0
Coronavac,9,2021-03-10,R,0
Coronavac,9,2021-03-11,D1,5365
Coronavac,9,2021-03-11,D2,419
Coronavac,9,2021-03-11,DU,0
Coronavac,9,2021-03-11,R,0
Coronavac,9,2021-03-12,D1,7355
Coronavac,9,2021-03-12,D2,405
Coronavac,9,2021-03-12,DU,0
Coronavac,9,2021-03-12,R,0
Coronavac,9,2021-03-13,D1,7082
Coronavac,9,2021-03-13,D2,120
Coronavac,9,2021-03-13,DU,0
Coronavac,9,2021-03-13,R,0
Coronavac,9,2021-03-14,D1,1226
Coronavac,9,2021-03-14,D2,18
Coronavac,9,2021-03-14,DU,0
Coronavac,9,2021-03-14,R,0
Coronavac,9,2021-03-15,D1,40520
Coronavac,9,2021-03-15,D2,508
Coronavac,9,2021-03-15,DU,0
Coronavac,9,2021-03-15,R,0
Coronavac,9,2021-03-16,D1,16849
Coronavac,9,2021-03-16,D2,385
Coronavac,9,2021-03-16,DU,0
Coronavac,9,2021-03-16,R,0
Coronavac,9,2021-03-17,D1,9989
Coronavac,9,2021-03-17,D2,383
Coronavac,9,2021-03-17,DU,0
Coronavac,9,2021-03-17,R,0
Coronavac,9,2021-03-18,D1,14405
Coronavac,9,2021-03-18,D2,396
Coronavac,9,2021-03-18,DU,0
Coronavac,9,2021-03-18,R,0
Coronavac,9,2021-03-19,D1,73086
Coronavac,9,2021-03-19,D2,476
Coronavac,9,2021-03-19,DU,0
Coronavac,9,2021-03-19,R,0
Coronavac,9,2021-03-20,D1,23158
Coronavac,9,2021-03-20,D2,84
Coronavac,9,2021-03-20,DU,0
Coronavac,9,2021-03-20,R,0
Coronavac,9,2021-03-21,D1,2610
Coronavac,9,2021-03-21,D2,23
Coronavac,9,2021-03-21,DU,0
Coronavac,9,2021-03-21,R,0
Coronavac,9,2021-03-22,D1,28260
Coronavac,9,2021-03-22,D2,500
Coronavac,9,2021-03-22,DU,0
Coronavac,9,2021-03-22,R,0
Coronavac,9,2021-03-23,D1,16235
Coronavac,9,2021-03-23,D2,1417
Coronavac,9,2021-03-23,DU,0
Coronavac,9,2021-03-23,R,0
Coronavac,9,2021-03-24,D1,17379
Coronavac,9,2021-03-24,D2,13074
Coronavac,9,2021-03-24,DU,0
Coronavac,9,2021-03-24,R,0
Coronavac,9,2021-03-25,D1,26810
Coronavac,9,2021-03-25,D2,7088
Coronavac,9,2021-03-25,DU,0
Coronavac,9,2021-03-25,R,1
Coronavac,9,2021-03-26,D1,47147
Coronavac,9,2021-03-26,D2,5197
Coronavac,9,2021-03-26,DU,0
Coronavac,9,2021-03-26,R,1
Coronavac,9,2021-03-27,D1,16834
Coronavac,9,2021-03-27,D2,2531
Coronavac,9,2021-03-27,DU,0
Coronavac,9,2021-03-27,R,0
Coronavac,9,2021-03-28,D1,1174
Coronavac,9,2021-03-28,D2,708
Coronavac,9,2021-03-28,DU,0
Coronavac,9,2021-03-28,R,0
Coronavac,9,2021-03-29,D1,15802
Coronavac,9,2021-03-29,D2,8333
Coronavac,9,2021-03-29,DU,0
Coronavac,9,2021-03-29,R,0
Coronavac,9,2021-03-30,D1,7276
Coronavac,9,2021-03-30,D2,7064
Coronavac,9,2021-03-30,DU,0
Coronavac,9,2021-03-30,R,0
Coronavac,9,2021-03-31,D1,4614
Coronavac,9,2021-03-31,D2,10535
Coronavac,9,2021-03-31,DU,0
Coronavac,9,2021-03-31,R,0
Coronavac,9,2021-04-01,D1,3111
Coronavac,9,2021-04-01,D2,6105
Coronavac,9,2021-04-01,DU,0
Coronavac,9,2021-04-01,R,0
Coronavac,9,2021-04-02,D1,499
Coronavac,9,2021-04-02,D2,943
Coronavac,9,2021-04-02,DU,0
Coronavac,9,2021-04-02,R,0
Coronavac,9,2021-04-03,D1,853
Coronavac,9,2021-04-03,D2,2600
Coronavac,9,2021-04-03,DU,0
Coronavac,9,2021-04-03,R,0
Coronavac,9,2021-04-04,D1,87
Coronavac,9,2021-04-04,D2,475
Coronavac,9,2021-04-04,DU,0
Coronavac,9,2021-04-04,R,0
Coronavac,9,2021-04-05,D1,2882
Coronavac,9,2021-04-05,D2,28990
Coronavac,9,2021-04-05,DU,0
Coronavac,9,2021-04-05,R,0
Coronavac,9,2021-04-06,D1,1974
Coronavac,9,2021-04-06,D2,17035
Coronavac,9,2021-04-06,DU,0
Coronavac,9,2021-04-06,R,0
Coronavac,9,2021-04-07,D1,1505
Coronavac,9,2021-04-07,D2,11078
Coronavac,9,2021-04-07,DU,0
Coronavac,9,2021-04-07,R,0
Coronavac,9,2021-04-08,D1,1009
Coronavac,9,2021-04-08,D2,11119
Coronavac,9,2021-04-08,DU,0
Coronavac,9,2021-04-08,R,0
Coronavac,9,2021-04-09,D1,1276
Coronavac,9,2021-04-09,D2,47706
Coronavac,9,2021-04-09,DU,0
Coronavac,9,2021-04-09,R,1
Coronavac,9,2021-04-10,D1,444
Coronavac,9,2021-04-10,D2,12376
Coronavac,9,2021-04-10,DU,0
Coronavac,9,2021-04-10,R,0
Coronavac,9,2021-04-11,D1,44
Coronavac,9,2021-04-11,D2,2274
Coronavac,9,2021-04-11,DU,0
Coronavac,9,2021-04-11,R,0
Coronavac,9,2021-04-12,D1,637
Coronavac,9,2021-04-12,D2,30426
Coronavac,9,2021-04-12,DU,0
Coronavac,9,2021-04-12,R,0
Coronavac,9,2021-04-13,D1,565
Coronavac,9,2021-04-13,D2,18296
Coronavac,9,2021-04-13,DU,0
Coronavac,9,2021-04-13,R,0
Coronavac,9,2021-04-14,D1,428
Coronavac,9,2021-04-14,D2,14694
Coronavac,9,2021-04-14,DU,0
Coronavac,9,2021-04-14,R,0
Coronavac,9,2021-04-15,D1,453
Coronavac,9,2021-04-15,D2,23106
Coronavac,9,2021-04-15,DU,0
Coronavac,9,2021-04-15,R,0
Coronavac,9,2021-04-16,D1,621
Coronavac,9,2021-04-16,D2,49909
Coronavac,9,2021-04-16,DU,0
Coronavac,9,2021-04-16,R,0
Coronavac,9,2021-04-17,D1,284
Coronavac,9,2021-04-17,D2,11954
Coronavac,9,2021-04-17,DU,0
Coronavac,9,2021-04-17,R,0
Coronavac,9,2021-04-18,D1,34
Coronavac,9,2021-04-18,D2,1563
Coronavac,9,2021-04-18,DU,0
Coronavac,9,2021-04-18,R,0
Coronavac,9,2021-04-19,D1,329
Coronavac,9,2021-04-19,D2,22881
Coronavac,9,2021-04-19,DU,0
Coronavac,9,2021-04-19,R,0
Coronavac,9,2021-04-20,D1,382
Coronavac,9,2021-04-20,D2,19530
Coronavac,9,2021-04-20,DU,0
Coronavac,9,2021-04-20,R,0
Coronavac,9,2021-04-21,D1,102
Coronavac,9,2021-04-21,D2,4207
Coronavac,9,2021-04-21,DU,0
Coronavac,9,2021-04-21,R,0
Coronavac,9,2021-04-22,D1,140
Coronavac,9,2021-04-22,D2,15521
Coronavac,9,2021-04-22,DU,0
Coronavac,9,2021-04-22,R,0
Coronavac,9,2021-04-23,D1,226
Coronavac,9,2021-04-23,D2,14243
Coronavac,9,2021-04-23,DU,0
Coronavac,9,2021-04-23,R,0
Coronavac,9,2021-04-24,D1,91
Coronavac,9,2021-04-24,D2,6025
Coronavac,9,2021-04-24,DU,0
Coronavac,9,2021-04-24,R,0
Coronavac,9,2021-04-25,D1,16
Coronavac,9,2021-04-25,D2,384
Coronavac,9,2021-04-25,DU,0
Coronavac,9,2021-04-25,R,0
Coronavac,9,2021-04-26,D1,184
Coronavac,9,2021-04-26,D2,6318
Coronavac,9,2021-04-26,DU,0
Coronavac,9,2021-04-26,R,0
Coronavac,9,2021-04-27,D1,197
Coronavac,9,2021-04-27,D2,4306
Coronavac,9,2021-04-27,DU,0
Coronavac,9,2021-04-27,R,0
Coronavac,9,2021-04-28,D1,101
Coronavac,9,2021-04-28,D2,3317
Coronavac,9,2021-04-28,DU,0
Coronavac,9,2021-04-28,R,0
Coronavac,9,2021-04-29,D1,103
Coronavac,9,2021-04-29,D2,1966
Coronavac,9,2021-04-29,DU,0
Coronavac,9,2021-04-29,R,1
Coronavac,9,2021-04-30,D1,70
Coronavac,9,2021-04-30,D2,1777
Coronavac,9,2021-04-30,DU,0
Coronavac,9,2021-04-30,R,0
Coronavac,9,2021-05-01,D1,1
Coronavac,9,2021-05-01,D2,330
Coronavac,9,2021-05-01,DU,0
Coronavac,9,2021-05-01,R,0
Coronavac,9,2021-05-02,D1,7
Coronavac,9,2021-05-02,D2,57
Coronavac,9,2021-05-02,DU,0
Coronavac,9,2021-05-02,R,0
Coronavac,9,2021-05-03,D1,46
Coronavac,9,2021-05-03,D2,1173
Coronavac,9,2021-05-03,DU,0
Coronavac,9,2021-05-03,R,0
Coronavac,9,2021-05-04,D1,31
Coronavac,9,2021-05-04,D2,931
Coronavac,9,2021-05-04,DU,0
Coronavac,9,2021-05-04,R,0
Coronavac,9,2021-05-05,D1,23
Coronavac,9,2021-05-05,D2,724
Coronavac,9,2021-05-05,DU,0
Coronavac,9,2021-05-05,R,0
Coronavac,9,2021-05-06,D1,21
Coronavac,9,2021-05-06,D2,487
Coronavac,9,2021-05-06,DU,0
Coronavac,9,2021-05-06,R,0
Coronavac,9,2021-05-07,D1,31
Coronavac,9,2021-05-07,D2,773
Coronavac,9,2021-05-07,DU,0
Coronavac,9,2021-05-07,R,0
Coronavac,9,2021-05-08,D1,26
Coronavac,9,2021-05-08,D2,311
Coronavac,9,2021-05-08,DU,0
Coronavac,9,2021-05-08,R,0
Coronavac,9,2021-05-09,D1,1
Coronavac,9,2021-05-09,D2,44
Coronavac,9,2021-05-09,DU,0
Coronavac,9,2021-05-09,R,0
Coronavac,9,2021-05-10,D1,23
Coronavac,9,2021-05-10,D2,584
Coronavac,9,2021-05-10,DU,0
Coronavac,9,2021-05-10,R,0
Coronavac,9,2021-05-11,D1,23
Coronavac,9,2021-05-11,D2,458
Coronavac,9,2021-05-11,DU,0
Coronavac,9,2021-05-11,R,0
Coronavac,9,2021-05-12,D1,9
Coronavac,9,2021-05-12,D2,290
Coronavac,9,2021-05-12,DU,0
Coronavac,9,2021-05-12,R,0
Coronavac,9,2021-05-13,D1,7
Coronavac,9,2021-05-13,D2,308
Coronavac,9,2021-05-13,DU,0
Coronavac,9,2021-05-13,R,0
Coronavac,9,2021-05-14,D1,12
Coronavac,9,2021-05-14,D2,449
Coronavac,9,2021-05-14,DU,0
Coronavac,9,2021-05-14,R,0
Coronavac,9,2021-05-15,D1,11
Coronavac,9,2021-05-15,D2,195
Coronavac,9,2021-05-15,DU,0
Coronavac,9,2021-05-15,R,0
Coronavac,9,2021-05-16,D1,3
Coronavac,9,2021-05-16,D2,85
Coronavac,9,2021-05-16,DU,0
Coronavac,9,2021-05-16,R,0
Coronavac,9,2021-05-17,D1,8
Coronavac,9,2021-05-17,D2,620
Coronavac,9,2021-05-17,DU,0
Coronavac,9,2021-05-17,R,0
Coronavac,9,2021-05-18,D1,8
Coronavac,9,2021-05-18,D2,685
Coronavac,9,2021-05-18,DU,0
Coronavac,9,2021-05-18,R,0
Coronavac,9,2021-05-19,D1,10
Coronavac,9,2021-05-19,D2,437
Coronavac,9,2021-05-19,DU,0
Coronavac,9,2021-05-19,R,0
Coronavac,9,2021-05-20,D1,15
Coronavac,9,2021-05-20,D2,485
Coronavac,9,2021-05-20,DU,0
Coronavac,9,2021-05-20,R,1
Coronavac,9,2021-05-21,D1,19
Coronavac,9,2021-05-21,D2,477
Coronavac,9,2021-05-21,DU,0
Coronavac,9,2021-05-21,R,0
Coronavac,9,2021-05-22,D1,35
Coronavac,9,2021-05-22,D2,422
Coronavac,9,2021-05-22,DU,0
Coronavac,9,2021-05-22,R,0
Coronavac,9,2021-05-23,D1,0
Coronavac,9,2021-05-23,D2,15
Coronavac,9,2021-05-23,DU,0
Coronavac,9,2021-05-23,R,0
Coronavac,9,2021-05-24,D1,35
Coronavac,9,2021-05-24,D2,359
Coronavac,9,2021-05-24,DU,0
Coronavac,9,2021-05-24,R,0
Coronavac,9,2021-05-25,D1,33
Coronavac,9,2021-05-25,D2,268
Coronavac,9,2021-05-25,DU,0
Coronavac,9,2021-05-25,R,0
Coronavac,9,2021-05-26,D1,83
Coronavac,9,2021-05-26,D2,232
Coronavac,9,2021-05-26,DU,0
Coronavac,9,2021-05-26,R,0
Coronavac,9,2021-05-27,D1,39
Coronavac,9,2021-05-27,D2,207
Coronavac,9,2021-05-27,DU,0
Coronavac,9,2021-05-27,R,0
Coronavac,9,2021-05-28,D1,70
Coronavac,9,2021-05-28,D2,238
Coronavac,9,2021-05-28,DU,0
Coronavac,9,2021-05-28,R,0
Coronavac,9,2021-05-29,D1,28
Coronavac,9,2021-05-29,D2,38
Coronavac,9,2021-05-29,DU,0
Coronavac,9,2021-05-29,R,0
Coronavac,9,2021-05-30,D1,0
Coronavac,9,2021-05-30,D2,5
Coronavac,9,2021-05-30,DU,0
Coronavac,9,2021-05-30,R,0
Coronavac,9,2021-05-31,D1,6
Coronavac,9,2021-05-31,D2,127
Coronavac,9,2021-05-31,DU,0
Coronavac,9,2021-05-31,R,0
Coronavac,9,2021-06-01,D1,22
Coronavac,9,2021-06-01,D2,121
Coronavac,9,2021-06-01,DU,0
Coronavac,9,2021-06-01,R,0
Coronavac,9,2021-06-02,D1,39
Coronavac,9,2021-06-02,D2,120
Coronavac,9,2021-06-02,DU,0
Coronavac,9,2021-06-02,R,0
Coronavac,9,2021-06-03,D1,15
Coronavac,9,2021-06-03,D2,51
Coronavac,9,2021-06-03,DU,0
Coronavac,9,2021-06-03,R,0
Coronavac,9,2021-06-04,D1,2
Coronavac,9,2021-06-04,D2,55
Coronavac,9,2021-06-04,DU,0
Coronavac,9,2021-06-04,R,0
Coronavac,9,2021-06-05,D1,18
Coronavac,9,2021-06-05,D2,227
Coronavac,9,2021-06-05,DU,0
Coronavac,9,2021-06-05,R,0
Coronavac,9,2021-06-06,D1,0
Coronavac,9,2021-06-06,D2,5
Coronavac,9,2021-06-06,DU,0
Coronavac,9,2021-06-06,R,0
Coronavac,9,2021-06-07,D1,17
Coronavac,9,2021-06-07,D2,101
Coronavac,9,2021-06-07,DU,0
Coronavac,9,2021-06-07,R,0
Coronavac,9,2021-06-08,D1,15
Coronavac,9,2021-06-08,D2,64
Coronavac,9,2021-06-08,DU,0
Coronavac,9,2021-06-08,R,0
Coronavac,9,2021-06-09,D1,17
Coronavac,9,2021-06-09,D2,83
Coronavac,9,2021-06-09,DU,0
Coronavac,9,2021-06-09,R,0
Coronavac,9,2021-06-10,D1,31
Coronavac,9,2021-06-10,D2,87
Coronavac,9,2021-06-10,DU,0
Coronavac,9,2021-06-10,R,0
Coronavac,9,2021-06-11,D1,9
Coronavac,9,2021-06-11,D2,72
Coronavac,9,2021-06-11,DU,0
Coronavac,9,2021-06-11,R,0
Coronavac,9,2021-06-12,D1,5
Coronavac,9,2021-06-12,D2,19
Coronavac,9,2021-06-12,DU,0
Coronavac,9,2021-06-12,R,0
Coronavac,9,2021-06-13,D1,1
Coronavac,9,2021-06-13,D2,1
Coronavac,9,2021-06-13,DU,0
Coronavac,9,2021-06-13,R,0
Coronavac,9,2021-06-14,D1,11
Coronavac,9,2021-06-14,D2,60
Coronavac,9,2021-06-14,DU,0
Coronavac,9,2021-06-14,R,0
Coronavac,9,2021-06-15,D1,10
Coronavac,9,2021-06-15,D2,58
Coronavac,9,2021-06-15,DU,0
Coronavac,9,2021-06-15,R,0
Coronavac,9,2021-06-16,D1,11
Coronavac,9,2021-06-16,D2,93
Coronavac,9,2021-06-16,DU,0
Coronavac,9,2021-06-16,R,1
Coronavac,9,2021-06-17,D1,11
Coronavac,9,2021-06-17,D2,59
Coronavac,9,2021-06-17,DU,0
Coronavac,9,2021-06-17,R,0
Coronavac,9,2021-06-18,D1,22
Coronavac,9,2021-06-18,D2,97
Coronavac,9,2021-06-18,DU,2
Coronavac,9,2021-06-18,R,0
Coronavac,9,2021-06-19,D1,16
Coronavac,9,2021-06-19,D2,65
Coronavac,9,2021-06-19,DU,0
Coronavac,9,2021-06-19,R,0
Coronavac,9,2021-06-20,D1,0
Coronavac,9,2021-06-20,D2,3
Coronavac,9,2021-06-20,DU,0
Coronavac,9,2021-06-20,R,0
Coronavac,9,2021-06-21,D1,19
Coronavac,9,2021-06-21,D2,57
Coronavac,9,2021-06-21,DU,0
Coronavac,9,2021-06-21,R,0
Coronavac,9,2021-06-22,D1,11
Coronavac,9,2021-06-22,D2,35
Coronavac,9,2021-06-22,DU,0
Coronavac,9,2021-06-22,R,0
Coronavac,9,2021-06-23,D1,50
Coronavac,9,2021-06-23,D2,71
Coronavac,9,2021-06-23,DU,0
Coronavac,9,2021-06-23,R,0
Coronavac,9,2021-06-24,D1,53
Coronavac,9,2021-06-24,D2,47
Coronavac,9,2021-06-24,DU,0
Coronavac,9,2021-06-24,R,0
Coronavac,9,2021-06-25,D1,29
Coronavac,9,2021-06-25,D2,52
Coronavac,9,2021-06-25,DU,0
Coronavac,9,2021-06-25,R,1
Coronavac,9,2021-06-26,D1,16
Coronavac,9,2021-06-26,D2,34
Coronavac,9,2021-06-26,DU,0
Coronavac,9,2021-06-26,R,0
Coronavac,9,2021-06-27,D1,2
Coronavac,9,2021-06-27,D2,0
Coronavac,9,2021-06-27,DU,0
Coronavac,9,2021-06-27,R,0
Coronavac,9,2021-06-28,D1,36
Coronavac,9,2021-06-28,D2,46
Coronavac,9,2021-06-28,DU,0
Coronavac,9,2021-06-28,R,0
Coronavac,9,2021-06-29,D1,19
Coronavac,9,2021-06-29,D2,57
Coronavac,9,2021-06-29,DU,0
Coronavac,9,2021-06-29,R,0
Coronavac,9,2021-06-30,D1,14
Coronavac,9,2021-06-30,D2,42
Coronavac,9,2021-06-30,DU,0
Coronavac,9,2021-06-30,R,0
Coronavac,9,2021-07-01,D1,19
Coronavac,9,2021-07-01,D2,24
Coronavac,9,2021-07-01,DU,0
Coronavac,9,2021-07-01,R,0
Coronavac,9,2021-07-02,D1,11
Coronavac,9,2021-07-02,D2,26
Coronavac,9,2021-07-02,DU,0
Coronavac,9,2021-07-02,R,0
Coronavac,9,2021-07-03,D1,4
Coronavac,9,2021-07-03,D2,14
Coronavac,9,2021-07-03,DU,0
Coronavac,9,2021-07-03,R,0
Coronavac,9,2021-07-04,D1,0
Coronavac,9,2021-07-04,D2,1
Coronavac,9,2021-07-04,DU,0
Coronavac,9,2021-07-04,R,0
Coronavac,9,2021-07-05,D1,12
Coronavac,9,2021-07-05,D2,32
Coronavac,9,2021-07-05,DU,0
Coronavac,9,2021-07-05,R,0
Coronavac,9,2021-07-06,D1,6
Coronavac,9,2021-07-06,D2,32
Coronavac,9,2021-07-06,DU,0
Coronavac,9,2021-07-06,R,0
Coronavac,9,2021-07-07,D1,5
Coronavac,9,2021-07-07,D2,28
Coronavac,9,2021-07-07,DU,0
Coronavac,9,2021-07-07,R,0
Coronavac,9,2021-07-08,D1,13
Coronavac,9,2021-07-08,D2,57
Coronavac,9,2021-07-08,DU,0
Coronavac,9,2021-07-08,R,0
Coronavac,9,2021-07-09,D1,3
Coronavac,9,2021-07-09,D2,8
Coronavac,9,2021-07-09,DU,0
Coronavac,9,2021-07-09,R,0
Coronavac,9,2021-07-10,D1,1
Coronavac,9,2021-07-10,D2,6
Coronavac,9,2021-07-10,DU,0
Coronavac,9,2021-07-10,R,0
Coronavac,9,2021-07-12,D1,6
Coronavac,9,2021-07-12,D2,28
Coronavac,9,2021-07-12,DU,0
Coronavac,9,2021-07-12,R,0
Coronavac,9,2021-07-13,D1,12
Coronavac,9,2021-07-13,D2,22
Coronavac,9,2021-07-13,DU,0
Coronavac,9,2021-07-13,R,0
Coronavac,9,2021-07-14,D1,8
Coronavac,9,2021-07-14,D2,27
Coronavac,9,2021-07-14,DU,0
Coronavac,9,2021-07-14,R,0
Coronavac,9,2021-07-15,D1,8
Coronavac,9,2021-07-15,D2,29
Coronavac,9,2021-07-15,DU,0
Coronavac,9,2021-07-15,R,0
Coronavac,9,2021-07-16,D1,42
Coronavac,9,2021-07-16,D2,34
Coronavac,9,2021-07-16,DU,0
Coronavac,9,2021-07-16,R,0
Coronavac,9,2021-07-17,D1,43
Coronavac,9,2021-07-17,D2,28
Coronavac,9,2021-07-17,DU,0
Coronavac,9,2021-07-17,R,0
Coronavac,9,2021-07-18,D1,2
Coronavac,9,2021-07-18,D2,1
Coronavac,9,2021-07-18,DU,0
Coronavac,9,2021-07-18,R,0
Coronavac,9,2021-07-19,D1,64
Coronavac,9,2021-07-19,D2,31
Coronavac,9,2021-07-19,DU,0
Coronavac,9,2021-07-19,R,0
Coronavac,9,2021-07-20,D1,42
Coronavac,9,2021-07-20,D2,39
Coronavac,9,2021-07-20,DU,0
Coronavac,9,2021-07-20,R,0
Coronavac,9,2021-07-21,D1,49
Coronavac,9,2021-07-21,D2,52
Coronavac,9,2021-07-21,DU,0
Coronavac,9,2021-07-21,R,0
Coronavac,9,2021-07-22,D1,46
Coronavac,9,2021-07-22,D2,44
Coronavac,9,2021-07-22,DU,0
Coronavac,9,2021-07-22,R,0
Coronavac,9,2021-07-23,D1,42
Coronavac,9,2021-07-23,D2,35
Coronavac,9,2021-07-23,DU,0
Coronavac,9,2021-07-23,R,1
Coronavac,9,2021-07-24,D1,16
Coronavac,9,2021-07-24,D2,13
Coronavac,9,2021-07-24,DU,0
Coronavac,9,2021-07-24,R,0
Coronavac,9,2021-07-25,D1,1
Coronavac,9,2021-07-25,D2,0
Coronavac,9,2021-07-25,DU,0
Coronavac,9,2021-07-25,R,0
Coronavac,9,2021-07-26,D1,42
Coronavac,9,2021-07-26,D2,53
Coronavac,9,2021-07-26,DU,0
Coronavac,9,2021-07-26,R,0
Coronavac,9,2021-07-27,D1,21
Coronavac,9,2021-07-27,D2,25
Coronavac,9,2021-07-27,DU,0
Coronavac,9,2021-07-27,R,0
Coronavac,9,2021-07-28,D1,23
Coronavac,9,2021-07-28,D2,28
Coronavac,9,2021-07-28,DU,0
Coronavac,9,2021-07-28,R,0
Coronavac,9,2021-07-29,D1,28
Coronavac,9,2021-07-29,D2,26
Coronavac,9,2021-07-29,DU,0
Coronavac,9,2021-07-29,R,0
Coronavac,9,2021-07-30,D1,28
Coronavac,9,2021-07-30,D2,16
Coronavac,9,2021-07-30,DU,0
Coronavac,9,2021-07-30,R,0
Coronavac,9,2021-07-31,D1,17
Coronavac,9,2021-07-31,D2,14
Coronavac,9,2021-07-31,DU,0
Coronavac,9,2021-07-31,R,0
Coronavac,9,2021-08-01,D1,1
Coronavac,9,2021-08-01,D2,0
Coronavac,9,2021-08-01,DU,0
Coronavac,9,2021-08-01,R,0
Coronavac,9,2021-08-02,D1,31
Coronavac,9,2021-08-02,D2,16
Coronavac,9,2021-08-02,DU,0
Coronavac,9,2021-08-02,R,0
Coronavac,9,2021-08-03,D1,47
Coronavac,9,2021-08-03,D2,21
Coronavac,9,2021-08-03,DU,0
Coronavac,9,2021-08-03,R,0
Coronavac,9,2021-08-04,D1,37
Coronavac,9,2021-08-04,D2,13
Coronavac,9,2021-08-04,DU,0
Coronavac,9,2021-08-04,R,0
Coronavac,9,2021-08-05,D1,34
Coronavac,9,2021-08-05,D2,17
Coronavac,9,2021-08-05,DU,0
Coronavac,9,2021-08-05,R,0
Coronavac,9,2021-08-06,D1,34
Coronavac,9,2021-08-06,D2,16
Coronavac,9,2021-08-06,DU,0
Coronavac,9,2021-08-06,R,0
Coronavac,9,2021-08-07,D1,12
Coronavac,9,2021-08-07,D2,11
Coronavac,9,2021-08-07,DU,0
Coronavac,9,2021-08-07,R,0
Coronavac,9,2021-08-09,D1,20
Coronavac,9,2021-08-09,D2,18
Coronavac,9,2021-08-09,DU,0
Coronavac,9,2021-08-09,R,0
Coronavac,9,2021-08-10,D1,49
Coronavac,9,2021-08-10,D2,22
Coronavac,9,2021-08-10,DU,0
Coronavac,9,2021-08-10,R,0
Coronavac,9,2021-08-11,D1,36
Coronavac,9,2021-08-11,D2,31
Coronavac,9,2021-08-11,DU,0
Coronavac,9,2021-08-11,R,0
Coronavac,9,2021-08-12,D1,17
Coronavac,9,2021-08-12,D2,18
Coronavac,9,2021-08-12,DU,0
Coronavac,9,2021-08-12,R,0
Coronavac,9,2021-08-13,D1,13
Coronavac,9,2021-08-13,D2,28
Coronavac,9,2021-08-13,DU,0
Coronavac,9,2021-08-13,R,0
Coronavac,9,2021-08-14,D1,2
Coronavac,9,2021-08-14,D2,35
Coronavac,9,2021-08-14,DU,0
Coronavac,9,2021-08-14,R,0
Coronavac,9,2021-08-15,D1,0
Coronavac,9,2021-08-15,D2,3
Coronavac,9,2021-08-15,DU,0
Coronavac,9,2021-08-15,R,0
Coronavac,9,2021-08-16,D1,21
Coronavac,9,2021-08-16,D2,56
Coronavac,9,2021-08-16,DU,0
Coronavac,9,2021-08-16,R,0
Coronavac,9,2021-08-17,D1,12
Coronavac,9,2021-08-17,D2,46
Coronavac,9,2021-08-17,DU,0
Coronavac,9,2021-08-17,R,1
Coronavac,9,2021-08-18,D1,20
Coronavac,9,2021-08-18,D2,53
Coronavac,9,2021-08-18,DU,0
Coronavac,9,2021-08-18,R,0
Coronavac,9,2021-08-19,D1,16
Coronavac,9,2021-08-19,D2,38
Coronavac,9,2021-08-19,DU,0
Coronavac,9,2021-08-19,R,1
Coronavac,9,2021-08-20,D1,18
Coronavac,9,2021-08-20,D2,55
Coronavac,9,2021-08-20,DU,0
Coronavac,9,2021-08-20,R,0
Coronavac,9,2021-08-21,D1,10
Coronavac,9,2021-08-21,D2,6
Coronavac,9,2021-08-21,DU,0
Coronavac,9,2021-08-21,R,0
Coronavac,9,2021-08-22,D1,0
Coronavac,9,2021-08-22,D2,2
Coronavac,9,2021-08-22,DU,0
Coronavac,9,2021-08-22,R,0
Coronavac,9,2021-08-23,D1,21
Coronavac,9,2021-08-23,D2,40
Coronavac,9,2021-08-23,DU,0
Coronavac,9,2021-08-23,R,0
Coronavac,9,2021-08-24,D1,23
Coronavac,9,2021-08-24,D2,24
Coronavac,9,2021-08-24,DU,0
Coronavac,9,2021-08-24,R,1
Coronavac,9,2021-08-25,D1,20
Coronavac,9,2021-08-25,D2,30
Coronavac,9,2021-08-25,DU,0
Coronavac,9,2021-08-25,R,0
Coronavac,9,2021-08-26,D1,18
Coronavac,9,2021-08-26,D2,33
Coronavac,9,2021-08-26,DU,0
Coronavac,9,2021-08-26,R,0
Coronavac,9,2021-08-27,D1,23
Coronavac,9,2021-08-27,D2,38
Coronavac,9,2021-08-27,DU,0
Coronavac,9,2021-08-27,R,0
Coronavac,9,2021-08-28,D1,10
Coronavac,9,2021-08-28,D2,16
Coronavac,9,2021-08-28,DU,0
Coronavac,9,2021-08-28,R,1
Coronavac,9,2021-08-29,D1,1
Coronavac,9,2021-08-29,D2,1
Coronavac,9,2021-08-29,DU,0
Coronavac,9,2021-08-29,R,0
Coronavac,9,2021-08-30,D1,12
Coronavac,9,2021-08-30,D2,33
Coronavac,9,2021-08-30,DU,0
Coronavac,9,2021-08-30,R,0
Coronavac,9,2021-08-31,D1,12
Coronavac,9,2021-08-31,D2,43
Coronavac,9,2021-08-31,DU,0
Coronavac,9,2021-08-31,R,0
Coronavac,9,2021-09-01,D1,14
Coronavac,9,2021-09-01,D2,27
Coronavac,9,2021-09-01,DU,0
Coronavac,9,2021-09-01,R,0
Coronavac,9,2021-09-02,D1,12
Coronavac,9,2021-09-02,D2,41
Coronavac,9,2021-09-02,DU,0
Coronavac,9,2021-09-02,R,0
Coronavac,9,2021-09-03,D1,12
Coronavac,9,2021-09-03,D2,39
Coronavac,9,2021-09-03,DU,0
Coronavac,9,2021-09-03,R,3
Coronavac,9,2021-09-04,D1,4
Coronavac,9,2021-09-04,D2,10
Coronavac,9,2021-09-04,DU,0
Coronavac,9,2021-09-04,R,0
Coronavac,9,2021-09-05,D1,3
Coronavac,9,2021-09-05,D2,0
Coronavac,9,2021-09-05,DU,0
Coronavac,9,2021-09-05,R,0
Coronavac,9,2021-09-06,D1,21
Coronavac,9,2021-09-06,D2,8
Coronavac,9,2021-09-06,DU,0
Coronavac,9,2021-09-06,R,332
Coronavac,9,2021-09-07,D1,4
Coronavac,9,2021-09-07,D2,3
Coronavac,9,2021-09-07,DU,0
Coronavac,9,2021-09-07,R,0
Coronavac,9,2021-09-08,D1,22
Coronavac,9,2021-09-08,D2,29
Coronavac,9,2021-09-08,DU,0
Coronavac,9,2021-09-08,R,85
Coronavac,9,2021-09-09,D1,18
Coronavac,9,2021-09-09,D2,37
Coronavac,9,2021-09-09,DU,0
Coronavac,9,2021-09-09,R,154
Coronavac,9,2021-09-10,D1,25
Coronavac,9,2021-09-10,D2,28
Coronavac,9,2021-09-10,DU,0
Coronavac,9,2021-09-10,R,204
Coronavac,9,2021-09-11,D1,9
Coronavac,9,2021-09-11,D2,7
Coronavac,9,2021-09-11,DU,0
Coronavac,9,2021-09-11,R,68
Coronavac,9,2021-09-12,D1,0
Coronavac,9,2021-09-12,D2,0
Coronavac,9,2021-09-12,DU,0
Coronavac,9,2021-09-12,R,5
Coronavac,9,2021-09-13,D1,22
Coronavac,9,2021-09-13,D2,23
Coronavac,9,2021-09-13,DU,0
Coronavac,9,2021-09-13,R,100
Coronavac,9,2021-09-14,D1,23
Coronavac,9,2021-09-14,D2,21
Coronavac,9,2021-09-14,DU,0
Coronavac,9,2021-09-14,R,135
Coronavac,9,2021-09-15,D1,24
Coronavac,9,2021-09-15,D2,22
Coronavac,9,2021-09-15,DU,0
Coronavac,9,2021-09-15,R,56
Coronavac,9,2021-09-16,D1,30
Coronavac,9,2021-09-16,D2,26
Coronavac,9,2021-09-16,DU,0
Coronavac,9,2021-09-16,R,110
Coronavac,9,2021-09-17,D1,20
Coronavac,9,2021-09-17,D2,21
Coronavac,9,2021-09-17,DU,0
Coronavac,9,2021-09-17,R,92
Coronavac,9,2021-09-18,D1,10
Coronavac,9,2021-09-18,D2,14
Coronavac,9,2021-09-18,DU,0
Coronavac,9,2021-09-18,R,111
Coronavac,9,2021-09-19,D1,0
Coronavac,9,2021-09-19,D2,2
Coronavac,9,2021-09-19,DU,0
Coronavac,9,2021-09-19,R,5
Coronavac,9,2021-09-20,D1,22
Coronavac,9,2021-09-20,D2,25
Coronavac,9,2021-09-20,DU,0
Coronavac,9,2021-09-20,R,191
Coronavac,9,2021-09-21,D1,15
Coronavac,9,2021-09-21,D2,20
Coronavac,9,2021-09-21,DU,0
Coronavac,9,2021-09-21,R,286
Coronavac,9,2021-09-22,D1,17
Coronavac,9,2021-09-22,D2,22
Coronavac,9,2021-09-22,DU,0
Coronavac,9,2021-09-22,R,255
Coronavac,9,2021-09-23,D1,31
Coronavac,9,2021-09-23,D2,22
Coronavac,9,2021-09-23,DU,0
Coronavac,9,2021-09-23,R,373
Coronavac,9,2021-09-24,D1,28
Coronavac,9,2021-09-24,D2,28
Coronavac,9,2021-09-24,DU,0
Coronavac,9,2021-09-24,R,461
Coronavac,9,2021-09-25,D1,18
Coronavac,9,2021-09-25,D2,10
Coronavac,9,2021-09-25,DU,0
Coronavac,9,2021-09-25,R,203
Coronavac,9,2021-09-26,D1,1
Coronavac,9,2021-09-26,D2,0
Coronavac,9,2021-09-26,DU,0
Coronavac,9,2021-09-26,R,12
Coronavac,9,2021-09-27,D1,38
Coronavac,9,2021-09-27,D2,29
Coronavac,9,2021-09-27,DU,0
Coronavac,9,2021-09-27,R,1203
Coronavac,9,2021-09-28,D1,38
Coronavac,9,2021-09-28,D2,29
Coronavac,9,2021-09-28,DU,0
Coronavac,9,2021-09-28,R,1342
Coronavac,9,2021-09-29,D1,22
Coronavac,9,2021-09-29,D2,26
Coronavac,9,2021-09-29,DU,2
Coronavac,9,2021-09-29,R,1983
Coronavac,9,2021-09-30,D1,31
Coronavac,9,2021-09-30,D2,29
Coronavac,9,2021-09-30,DU,0
Coronavac,9,2021-09-30,R,1627
Coronavac,9,2021-10-01,D1,27
Coronavac,9,2021-10-01,D2,13
Coronavac,9,2021-10-01,DU,0
Coronavac,9,2021-10-01,R,1612
Coronavac,9,2021-10-02,D1,24
Coronavac,9,2021-10-02,D2,24
Coronavac,9,2021-10-02,DU,0
Coronavac,9,2021-10-02,R,2068
Coronavac,9,2021-10-03,D1,0
Coronavac,9,2021-10-03,D2,0
Coronavac,9,2021-10-03,DU,0
Coronavac,9,2021-10-03,R,9
Coronavac,9,2021-10-04,D1,22
Coronavac,9,2021-10-04,D2,30
Coronavac,9,2021-10-04,DU,0
Coronavac,9,2021-10-04,R,2020
Coronavac,9,2021-10-05,D1,24
Coronavac,9,2021-10-05,D2,21
Coronavac,9,2021-10-05,DU,0
Coronavac,9,2021-10-05,R,2559
Coronavac,9,2021-10-06,D1,25
Coronavac,9,2021-10-06,D2,44
Coronavac,9,2021-10-06,DU,6
Coronavac,9,2021-10-06,R,3224
Coronavac,9,2021-10-07,D1,11
Coronavac,9,2021-10-07,D2,42
Coronavac,9,2021-10-07,DU,0
Coronavac,9,2021-10-07,R,2826
Coronavac,9,2021-10-08,D1,23
Coronavac,9,2021-10-08,D2,56
Coronavac,9,2021-10-08,DU,0
Coronavac,9,2021-10-08,R,3937
Coronavac,9,2021-10-09,D1,1
Coronavac,9,2021-10-09,D2,11
Coronavac,9,2021-10-09,DU,0
Coronavac,9,2021-10-09,R,486
Coronavac,9,2021-10-10,D1,0
Coronavac,9,2021-10-10,D2,3
Coronavac,9,2021-10-10,DU,0
Coronavac,9,2021-10-10,R,194
Coronavac,9,2021-10-11,D1,1
Coronavac,9,2021-10-11,D2,6
Coronavac,9,2021-10-11,DU,6
Coronavac,9,2021-10-11,R,400
Coronavac,9,2021-10-12,D1,0
Coronavac,9,2021-10-12,D2,6
Coronavac,9,2021-10-12,DU,0
Coronavac,9,2021-10-12,R,235
Coronavac,9,2021-10-13,D1,16
Coronavac,9,2021-10-13,D2,61
Coronavac,9,2021-10-13,DU,2
Coronavac,9,2021-10-13,R,5627
Coronavac,9,2021-10-14,D1,13
Coronavac,9,2021-10-14,D2,55
Coronavac,9,2021-10-14,DU,0
Coronavac,9,2021-10-14,R,5340
Coronavac,9,2021-10-15,D1,12
Coronavac,9,2021-10-15,D2,41
Coronavac,9,2021-10-15,DU,0
Coronavac,9,2021-10-15,R,5269
Coronavac,9,2021-10-16,D1,18
Coronavac,9,2021-10-16,D2,33
Coronavac,9,2021-10-16,DU,0
Coronavac,9,2021-10-16,R,2694
Coronavac,9,2021-10-17,D1,0
Coronavac,9,2021-10-17,D2,1
Coronavac,9,2021-10-17,DU,0
Coronavac,9,2021-10-17,R,10
Coronavac,9,2021-10-18,D1,17
Coronavac,9,2021-10-18,D2,49
Coronavac,9,2021-10-18,DU,0
Coronavac,9,2021-10-18,R,4840
Coronavac,9,2021-10-19,D1,19
Coronavac,9,2021-10-19,D2,35
Coronavac,9,2021-10-19,DU,7
Coronavac,9,2021-10-19,R,2834
Coronavac,9,2021-10-20,D1,12
Coronavac,9,2021-10-20,D2,43
Coronavac,9,2021-10-20,DU,12
Coronavac,9,2021-10-20,R,2682
Coronavac,9,2021-10-21,D1,7
Coronavac,9,2021-10-21,D2,38
Coronavac,9,2021-10-21,DU,6
Coronavac,9,2021-10-21,R,2258
Coronavac,9,2021-10-22,D1,12
Coronavac,9,2021-10-22,D2,48
Coronavac,9,2021-10-22,DU,9
Coronavac,9,2021-10-22,R,2278
Coronavac,9,2021-10-23,D1,4
Coronavac,9,2021-10-23,D2,10
Coronavac,9,2021-10-23,DU,0
Coronavac,9,2021-10-23,R,1126
Coronavac,9,2021-10-24,D1,0
Coronavac,9,2021-10-24,D2,0
Coronavac,9,2021-10-24,DU,0
Coronavac,9,2021-10-24,R,4
Coronavac,9,2021-10-25,D1,8
Coronavac,9,2021-10-25,D2,47
Coronavac,9,2021-10-25,DU,12
Coronavac,9,2021-10-25,R,1618
Coronavac,9,2021-10-26,D1,17
Coronavac,9,2021-10-26,D2,49
Coronavac,9,2021-10-26,DU,0
Coronavac,9,2021-10-26,R,1505
Coronavac,9,2021-10-27,D1,16
Coronavac,9,2021-10-27,D2,41
Coronavac,9,2021-10-27,DU,0
Coronavac,9,2021-10-27,R,1371
Coronavac,9,2021-10-28,D1,8
Coronavac,9,2021-10-28,D2,43
Coronavac,9,2021-10-28,DU,2
Coronavac,9,2021-10-28,R,961
Coronavac,9,2021-10-29,D1,6
Coronavac,9,2021-10-29,D2,18
Coronavac,9,2021-10-29,DU,0
Coronavac,9,2021-10-29,R,393
Coronavac,9,2021-10-30,D1,3
Coronavac,9,2021-10-30,D2,8
Coronavac,9,2021-10-30,DU,0
Coronavac,9,2021-10-30,R,168
Coronavac,9,2021-10-31,D1,0
Coronavac,9,2021-10-31,D2,0
Coronavac,9,2021-10-31,DU,0
Coronavac,9,2021-10-31,R,3
Coronavac,9,2021-11-01,D1,1
Coronavac,9,2021-11-01,D2,4
Coronavac,9,2021-11-01,DU,0
Coronavac,9,2021-11-01,R,51
Coronavac,9,2021-11-02,D1,1
Coronavac,9,2021-11-02,D2,3
Coronavac,9,2021-11-02,DU,0
Coronavac,9,2021-11-02,R,23
Coronavac,9,2021-11-03,D1,12
Coronavac,9,2021-11-03,D2,38
Coronavac,9,2021-11-03,DU,0
Coronavac,9,2021-11-03,R,991
Coronavac,9,2021-11-04,D1,12
Coronavac,9,2021-11-04,D2,28
Coronavac,9,2021-11-04,DU,0
Coronavac,9,2021-11-04,R,873
Coronavac,9,2021-11-05,D1,21
Coronavac,9,2021-11-05,D2,31
Coronavac,9,2021-11-05,DU,0
Coronavac,9,2021-11-05,R,751
Coronavac,9,2021-11-06,D1,8
Coronavac,9,2021-11-06,D2,9
Coronavac,9,2021-11-06,DU,0
Coronavac,9,2021-11-06,R,203
Coronavac,9,2021-11-07,D1,0
Coronavac,9,2021-11-07,D2,1
Coronavac,9,2021-11-07,DU,0
Coronavac,9,2021-11-07,R,3
Coronavac,9,2021-11-08,D1,4
Coronavac,9,2021-11-08,D2,16
Coronavac,9,2021-11-08,DU,0
Coronavac,9,2021-11-08,R,729
Coronavac,9,2021-11-09,D1,9
Coronavac,9,2021-11-09,D2,13
Coronavac,9,2021-11-09,DU,0
Coronavac,9,2021-11-09,R,658
Coronavac,9,2021-11-10,D1,5
Coronavac,9,2021-11-10,D2,16
Coronavac,9,2021-11-10,DU,0
Coronavac,9,2021-11-10,R,484
Coronavac,9,2021-11-11,D1,7
Coronavac,9,2021-11-11,D2,14
Coronavac,9,2021-11-11,DU,2
Coronavac,9,2021-11-11,R,640
Coronavac,9,2021-11-12,D1,8
Coronavac,9,2021-11-12,D2,16
Coronavac,9,2021-11-12,DU,0
Coronavac,9,2021-11-12,R,465
Coronavac,9,2021-11-13,D1,1
Coronavac,9,2021-11-13,D2,6
Coronavac,9,2021-11-13,DU,0
Coronavac,9,2021-11-13,R,84
Coronavac,9,2021-11-14,D1,0
Coronavac,9,2021-11-14,D2,1
Coronavac,9,2021-11-14,DU,0
Coronavac,9,2021-11-14,R,6
Coronavac,9,2021-11-15,D1,1
Coronavac,9,2021-11-15,D2,0
Coronavac,9,2021-11-15,DU,0
Coronavac,9,2021-11-15,R,10
Coronavac,9,2021-11-16,D1,10
Coronavac,9,2021-11-16,D2,16
Coronavac,9,2021-11-16,DU,0
Coronavac,9,2021-11-16,R,394
Coronavac,9,2021-11-17,D1,5
Coronavac,9,2021-11-17,D2,9
Coronavac,9,2021-11-17,DU,0
Coronavac,9,2021-11-17,R,427
Coronavac,9,2021-11-18,D1,9
Coronavac,9,2021-11-18,D2,2
Coronavac,9,2021-11-18,DU,0
Coronavac,9,2021-11-18,R,390
Coronavac,9,2021-11-20,D1,3
Coronavac,9,2021-11-20,D2,0
Coronavac,9,2021-11-20,DU,0
Coronavac,9,2021-11-20,R,120
Coronavac,9,2021-11-21,D1,1
Coronavac,9,2021-11-21,D2,0
Coronavac,9,2021-11-21,DU,0
Coronavac,9,2021-11-21,R,16
Coronavac,9,2021-11-23,D1,1
Coronavac,9,2021-11-23,D2,18
Coronavac,9,2021-11-23,DU,4
Coronavac,9,2021-11-23,R,52
Coronavac,9,2021-11-24,D1,0
Coronavac,9,2021-11-24,D2,0
Coronavac,9,2021-11-24,DU,0
Coronavac,9,2021-11-24,R,11
Coronavac,9,2021-11-25,D1,0
Coronavac,9,2021-11-25,D2,1
Coronavac,9,2021-11-25,DU,0
Coronavac,9,2021-11-25,R,0
Coronavac,9,2021-11-26,D1,1
Coronavac,9,2021-11-26,D2,11
Coronavac,9,2021-11-26,DU,0
Coronavac,9,2021-11-26,R,1
Coronavac,9,2021-11-27,D1,0
Coronavac,9,2021-11-27,D2,0
Coronavac,9,2021-11-27,DU,0
Coronavac,9,2021-11-27,R,3
Coronavac,9,2021-11-29,D1,1
Coronavac,9,2021-11-29,D2,0
Coronavac,9,2021-11-29,DU,0
Coronavac,9,2021-11-29,R,0
Coronavac,9,2021-11-30,D1,0
Coronavac,9,2021-11-30,D2,0
Coronavac,9,2021-11-30,DU,2
Coronavac,9,2021-11-30,R,1
Coronavac,9,2021-12-02,D1,0
Coronavac,9,2021-12-02,D2,16
Coronavac,9,2021-12-02,DU,0
Coronavac,9,2021-12-02,R,0
Coronavac,9,2021-12-04,D1,2
Coronavac,9,2021-12-04,D2,0
Coronavac,9,2021-12-04,DU,0
Coronavac,9,2021-12-04,R,114
Coronavac,9,2021-12-05,D1,0
Coronavac,9,2021-12-05,D2,0
Coronavac,9,2021-12-05,DU,0
Coronavac,9,2021-12-05,R,1
Coronavac,9,2021-12-06,D1,0
Coronavac,9,2021-12-06,D2,0
Coronavac,9,2021-12-06,DU,0
Coronavac,9,2021-12-06,R,1
Coronavac,9,2021-12-07,D1,11
Coronavac,9,2021-12-07,D2,1
Coronavac,9,2021-12-07,DU,0
Coronavac,9,2021-12-07,R,571
Coronavac,9,2021-12-10,D1,0
Coronavac,9,2021-12-10,D2,0
Coronavac,9,2021-12-10,DU,0
Coronavac,9,2021-12-10,R,1
Coronavac,9,2021-12-14,D1,6
Coronavac,9,2021-12-14,D2,2
Coronavac,9,2021-12-14,DU,0
Coronavac,9,2021-12-14,R,258
Coronavac,9,2021-12-17,D1,6
Coronavac,9,2021-12-17,D2,10
Coronavac,9,2021-12-17,DU,0
Coronavac,9,2021-12-17,R,113
Coronavac,9,2021-12-19,D1,0
Coronavac,9,2021-12-19,D2,0
Coronavac,9,2021-12-19,DU,0
Coronavac,9,2021-12-19,R,2
Coronavac,9,2021-12-20,D1,0
Coronavac,9,2021-12-20,D2,1
Coronavac,9,2021-12-20,DU,0
Coronavac,9,2021-12-20,R,49
Coronavac,9,2021-12-22,D1,0
Coronavac,9,2021-12-22,D2,0
Coronavac,9,2021-12-22,DU,0
Coronavac,9,2021-12-22,R,1
Coronavac,9,2021-12-23,D1,2
Coronavac,9,2021-12-23,D2,1
Coronavac,9,2021-12-23,DU,0
Coronavac,9,2021-12-23,R,23
Coronavac,9,2021-12-27,D1,4
Coronavac,9,2021-12-27,D2,3
Coronavac,9,2021-12-27,DU,0
Coronavac,9,2021-12-27,R,69
Coronavac,9,2021-12-28,D1,1
Coronavac,9,2021-12-28,D2,5
Coronavac,9,2021-12-28,DU,0
Coronavac,9,2021-12-28,R,61
Coronavac,9,2022-01-03,D1,2
Coronavac,9,2022-01-03,D2,0
Coronavac,9,2022-01-03,DU,0
Coronavac,9,2022-01-03,R,43
Coronavac,9,2022-01-04,D1,0
Coronavac,9,2022-01-04,D2,1
Coronavac,9,2022-01-04,DU,0
Coronavac,9,2022-01-04,R,90
Coronavac,9,2022-01-05,D1,0
Coronavac,9,2022-01-05,D2,0
Coronavac,9,2022-01-05,DU,0
Coronavac,9,2022-01-05,R,3
Coronavac,9,2022-01-08,D1,0
Coronavac,9,2022-01-08,D2,0
Coronavac,9,2022-01-08,DU,0
Coronavac,9,2022-01-08,R,7
Coronavac,9,2022-01-10,D1,5
Coronavac,9,2022-01-10,D2,2
Coronavac,9,2022-01-10,DU,0
Coronavac,9,2022-01-10,R,115
Coronavac,9,2022-01-11,D1,0
Coronavac,9,2022-01-11,D2,1
Coronavac,9,2022-01-11,DU,0
Coronavac,9,2022-01-11,R,160
Coronavac,9,2022-01-13,D1,4
Coronavac,9,2022-01-13,D2,4
Coronavac,9,2022-01-13,DU,0
Coronavac,9,2022-01-13,R,98
Coronavac,9,2022-01-14,D1,0
Coronavac,9,2022-01-14,D2,0
Coronavac,9,2022-01-14,DU,0
Coronavac,9,2022-01-14,R,10
Coronavac,10,2021-01-18,D1,4
Coronavac,10,2021-01-18,D2,0
Coronavac,10,2021-01-18,DU,0
Coronavac,10,2021-01-18,R,0
Coronavac,10,2021-01-19,D1,3
Coronavac,10,2021-01-19,D2,0
Coronavac,10,2021-01-19,DU,0
Coronavac,10,2021-01-19,R,0
Coronavac,10,2021-01-20,D1,83
Coronavac,10,2021-01-20,D2,0
Coronavac,10,2021-01-20,DU,0
Coronavac,10,2021-01-20,R,0
Coronavac,10,2021-01-21,D1,237
Coronavac,10,2021-01-21,D2,1
Coronavac,10,2021-01-21,DU,0
Coronavac,10,2021-01-21,R,0
Coronavac,10,2021-01-22,D1,1155
Coronavac,10,2021-01-22,D2,3
Coronavac,10,2021-01-22,DU,0
Coronavac,10,2021-01-22,R,0
Coronavac,10,2021-01-23,D1,284
Coronavac,10,2021-01-23,D2,0
Coronavac,10,2021-01-23,DU,0
Coronavac,10,2021-01-23,R,0
Coronavac,10,2021-01-24,D1,102
Coronavac,10,2021-01-24,D2,0
Coronavac,10,2021-01-24,DU,0
Coronavac,10,2021-01-24,R,0
Coronavac,10,2021-01-25,D1,216
Coronavac,10,2021-01-25,D2,0
Coronavac,10,2021-01-25,DU,0
Coronavac,10,2021-01-25,R,0
Coronavac,10,2021-01-26,D1,291
Coronavac,10,2021-01-26,D2,0
Coronavac,10,2021-01-26,DU,0
Coronavac,10,2021-01-26,R,0
Coronavac,10,2021-01-27,D1,287
Coronavac,10,2021-01-27,D2,0
Coronavac,10,2021-01-27,DU,0
Coronavac,10,2021-01-27,R,0
Coronavac,10,2021-01-28,D1,198
Coronavac,10,2021-01-28,D2,1
Coronavac,10,2021-01-28,DU,0
Coronavac,10,2021-01-28,R,0
Coronavac,10,2021-01-29,D1,250
Coronavac,10,2021-01-29,D2,0
Coronavac,10,2021-01-29,DU,0
Coronavac,10,2021-01-29,R,0
Coronavac,10,2021-01-30,D1,135
Coronavac,10,2021-01-30,D2,0
Coronavac,10,2021-01-30,DU,0
Coronavac,10,2021-01-30,R,0
Coronavac,10,2021-01-31,D1,4
Coronavac,10,2021-01-31,D2,0
Coronavac,10,2021-01-31,DU,0
Coronavac,10,2021-01-31,R,0
Coronavac,10,2021-02-01,D1,129
Coronavac,10,2021-02-01,D2,1
Coronavac,10,2021-02-01,DU,0
Coronavac,10,2021-02-01,R,0
Coronavac,10,2021-02-02,D1,149
Coronavac,10,2021-02-02,D2,2
Coronavac,10,2021-02-02,DU,0
Coronavac,10,2021-02-02,R,0
Coronavac,10,2021-02-03,D1,238
Coronavac,10,2021-02-03,D2,2
Coronavac,10,2021-02-03,DU,0
Coronavac,10,2021-02-03,R,0
Coronavac,10,2021-02-04,D1,521
Coronavac,10,2021-02-04,D2,2
Coronavac,10,2021-02-04,DU,0
Coronavac,10,2021-02-04,R,0
Coronavac,10,2021-02-05,D1,449
Coronavac,10,2021-02-05,D2,1
Coronavac,10,2021-02-05,DU,0
Coronavac,10,2021-02-05,R,0
Coronavac,10,2021-02-06,D1,383
Coronavac,10,2021-02-06,D2,0
Coronavac,10,2021-02-06,DU,0
Coronavac,10,2021-02-06,R,0
Coronavac,10,2021-02-07,D1,63
Coronavac,10,2021-02-07,D2,0
Coronavac,10,2021-02-07,DU,0
Coronavac,10,2021-02-07,R,0
Coronavac,10,2021-02-08,D1,1377
Coronavac,10,2021-02-08,D2,1
Coronavac,10,2021-02-08,DU,0
Coronavac,10,2021-02-08,R,0
Coronavac,10,2021-02-09,D1,1590
Coronavac,10,2021-02-09,D2,12
Coronavac,10,2021-02-09,DU,0
Coronavac,10,2021-02-09,R,0
Coronavac,10,2021-02-10,D1,2710
Coronavac,10,2021-02-10,D2,16
Coronavac,10,2021-02-10,DU,0
Coronavac,10,2021-02-10,R,0
Coronavac,10,2021-02-11,D1,10941
Coronavac,10,2021-02-11,D2,194
Coronavac,10,2021-02-11,DU,0
Coronavac,10,2021-02-11,R,0
Coronavac,10,2021-02-12,D1,18719
Coronavac,10,2021-02-12,D2,440
Coronavac,10,2021-02-12,DU,0
Coronavac,10,2021-02-12,R,0
Coronavac,10,2021-02-13,D1,3580
Coronavac,10,2021-02-13,D2,103
Coronavac,10,2021-02-13,DU,0
Coronavac,10,2021-02-13,R,0
Coronavac,10,2021-02-14,D1,773
Coronavac,10,2021-02-14,D2,11
Coronavac,10,2021-02-14,DU,0
Coronavac,10,2021-02-14,R,0
Coronavac,10,2021-02-15,D1,10256
Coronavac,10,2021-02-15,D2,295
Coronavac,10,2021-02-15,DU,0
Coronavac,10,2021-02-15,R,0
Coronavac,10,2021-02-16,D1,5030
Coronavac,10,2021-02-16,D2,448
Coronavac,10,2021-02-16,DU,0
Coronavac,10,2021-02-16,R,0
Coronavac,10,2021-02-17,D1,4305
Coronavac,10,2021-02-17,D2,396
Coronavac,10,2021-02-17,DU,0
Coronavac,10,2021-02-17,R,0
Coronavac,10,2021-02-18,D1,3532
Coronavac,10,2021-02-18,D2,399
Coronavac,10,2021-02-18,DU,0
Coronavac,10,2021-02-18,R,0
Coronavac,10,2021-02-19,D1,2624
Coronavac,10,2021-02-19,D2,379
Coronavac,10,2021-02-19,DU,0
Coronavac,10,2021-02-19,R,0
Coronavac,10,2021-02-20,D1,682
Coronavac,10,2021-02-20,D2,140
Coronavac,10,2021-02-20,DU,0
Coronavac,10,2021-02-20,R,0
Coronavac,10,2021-02-21,D1,21
Coronavac,10,2021-02-21,D2,9
Coronavac,10,2021-02-21,DU,0
Coronavac,10,2021-02-21,R,0
Coronavac,10,2021-02-22,D1,1837
Coronavac,10,2021-02-22,D2,165
Coronavac,10,2021-02-22,DU,0
Coronavac,10,2021-02-22,R,0
Coronavac,10,2021-02-23,D1,1504
Coronavac,10,2021-02-23,D2,137
Coronavac,10,2021-02-23,DU,0
Coronavac,10,2021-02-23,R,0
Coronavac,10,2021-02-24,D1,1193
Coronavac,10,2021-02-24,D2,153
Coronavac,10,2021-02-24,DU,0
Coronavac,10,2021-02-24,R,0
Coronavac,10,2021-02-25,D1,941
Coronavac,10,2021-02-25,D2,156
Coronavac,10,2021-02-25,DU,0
Coronavac,10,2021-02-25,R,0
Coronavac,10,2021-02-26,D1,747
Coronavac,10,2021-02-26,D2,182
Coronavac,10,2021-02-26,DU,0
Coronavac,10,2021-02-26,R,0
Coronavac,10,2021-02-27,D1,267
Coronavac,10,2021-02-27,D2,86
Coronavac,10,2021-02-27,DU,0
Coronavac,10,2021-02-27,R,0
Coronavac,10,2021-02-28,D1,68
Coronavac,10,2021-02-28,D2,24
Coronavac,10,2021-02-28,DU,0
Coronavac,10,2021-02-28,R,0
Coronavac,10,2021-03-01,D1,3291
Coronavac,10,2021-03-01,D2,645
Coronavac,10,2021-03-01,DU,0
Coronavac,10,2021-03-01,R,0
Coronavac,10,2021-03-02,D1,3105
Coronavac,10,2021-03-02,D2,1411
Coronavac,10,2021-03-02,DU,0
Coronavac,10,2021-03-02,R,0
Coronavac,10,2021-03-03,D1,2734
Coronavac,10,2021-03-03,D2,2053
Coronavac,10,2021-03-03,DU,0
Coronavac,10,2021-03-03,R,0
Coronavac,10,2021-03-04,D1,1887
Coronavac,10,2021-03-04,D2,3691
Coronavac,10,2021-03-04,DU,0
Coronavac,10,2021-03-04,R,0
Coronavac,10,2021-03-05,D1,2156
Coronavac,10,2021-03-05,D2,7942
Coronavac,10,2021-03-05,DU,0
Coronavac,10,2021-03-05,R,0
Coronavac,10,2021-03-06,D1,1642
Coronavac,10,2021-03-06,D2,1736
Coronavac,10,2021-03-06,DU,0
Coronavac,10,2021-03-06,R,0
Coronavac,10,2021-03-07,D1,424
Coronavac,10,2021-03-07,D2,431
Coronavac,10,2021-03-07,DU,0
Coronavac,10,2021-03-07,R,0
Coronavac,10,2021-03-08,D1,2541
Coronavac,10,2021-03-08,D2,7013
Coronavac,10,2021-03-08,DU,0
Coronavac,10,2021-03-08,R,0
Coronavac,10,2021-03-09,D1,1662
Coronavac,10,2021-03-09,D2,7450
Coronavac,10,2021-03-09,DU,0
Coronavac,10,2021-03-09,R,0
Coronavac,10,2021-03-10,D1,1591
Coronavac,10,2021-03-10,D2,6554
Coronavac,10,2021-03-10,DU,0
Coronavac,10,2021-03-10,R,0
Coronavac,10,2021-03-11,D1,1255
Coronavac,10,2021-03-11,D2,6724
Coronavac,10,2021-03-11,DU,0
Coronavac,10,2021-03-11,R,0
Coronavac,10,2021-03-12,D1,1225
Coronavac,10,2021-03-12,D2,7090
Coronavac,10,2021-03-12,DU,0
Coronavac,10,2021-03-12,R,0
Coronavac,10,2021-03-13,D1,405
Coronavac,10,2021-03-13,D2,1944
Coronavac,10,2021-03-13,DU,0
Coronavac,10,2021-03-13,R,0
Coronavac,10,2021-03-14,D1,52
Coronavac,10,2021-03-14,D2,477
Coronavac,10,2021-03-14,DU,0
Coronavac,10,2021-03-14,R,0
Coronavac,10,2021-03-15,D1,1074
Coronavac,10,2021-03-15,D2,3740
Coronavac,10,2021-03-15,DU,0
Coronavac,10,2021-03-15,R,0
Coronavac,10,2021-03-16,D1,957
Coronavac,10,2021-03-16,D2,2582
Coronavac,10,2021-03-16,DU,0
Coronavac,10,2021-03-16,R,0
Coronavac,10,2021-03-17,D1,773
Coronavac,10,2021-03-17,D2,2192
Coronavac,10,2021-03-17,DU,0
Coronavac,10,2021-03-17,R,0
Coronavac,10,2021-03-18,D1,656
Coronavac,10,2021-03-18,D2,1549
Coronavac,10,2021-03-18,DU,0
Coronavac,10,2021-03-18,R,0
Coronavac,10,2021-03-19,D1,676
Coronavac,10,2021-03-19,D2,1110
Coronavac,10,2021-03-19,DU,0
Coronavac,10,2021-03-19,R,0
Coronavac,10,2021-03-20,D1,344
Coronavac,10,2021-03-20,D2,631
Coronavac,10,2021-03-20,DU,0
Coronavac,10,2021-03-20,R,0
Coronavac,10,2021-03-21,D1,28
Coronavac,10,2021-03-21,D2,124
Coronavac,10,2021-03-21,DU,0
Coronavac,10,2021-03-21,R,0
Coronavac,10,2021-03-22,D1,549
Coronavac,10,2021-03-22,D2,2694
Coronavac,10,2021-03-22,DU,0
Coronavac,10,2021-03-22,R,0
Coronavac,10,2021-03-23,D1,541
Coronavac,10,2021-03-23,D2,2364
Coronavac,10,2021-03-23,DU,0
Coronavac,10,2021-03-23,R,0
Coronavac,10,2021-03-24,D1,505
Coronavac,10,2021-03-24,D2,2240
Coronavac,10,2021-03-24,DU,0
Coronavac,10,2021-03-24,R,0
Coronavac,10,2021-03-25,D1,529
Coronavac,10,2021-03-25,D2,1970
Coronavac,10,2021-03-25,DU,0
Coronavac,10,2021-03-25,R,1
Coronavac,10,2021-03-26,D1,494
Coronavac,10,2021-03-26,D2,1879
Coronavac,10,2021-03-26,DU,0
Coronavac,10,2021-03-26,R,0
Coronavac,10,2021-03-27,D1,212
Coronavac,10,2021-03-27,D2,705
Coronavac,10,2021-03-27,DU,0
Coronavac,10,2021-03-27,R,0
Coronavac,10,2021-03-28,D1,6
Coronavac,10,2021-03-28,D2,115
Coronavac,10,2021-03-28,DU,0
Coronavac,10,2021-03-28,R,0
Coronavac,10,2021-03-29,D1,308
Coronavac,10,2021-03-29,D2,2227
Coronavac,10,2021-03-29,DU,0
Coronavac,10,2021-03-29,R,0
Coronavac,10,2021-03-30,D1,258
Coronavac,10,2021-03-30,D2,1896
Coronavac,10,2021-03-30,DU,0
Coronavac,10,2021-03-30,R,0
Coronavac,10,2021-03-31,D1,227
Coronavac,10,2021-03-31,D2,1931
Coronavac,10,2021-03-31,DU,0
Coronavac,10,2021-03-31,R,0
Coronavac,10,2021-04-01,D1,213
Coronavac,10,2021-04-01,D2,1422
Coronavac,10,2021-04-01,DU,0
Coronavac,10,2021-04-01,R,0
Coronavac,10,2021-04-02,D1,35
Coronavac,10,2021-04-02,D2,181
Coronavac,10,2021-04-02,DU,0
Coronavac,10,2021-04-02,R,0
Coronavac,10,2021-04-03,D1,66
Coronavac,10,2021-04-03,D2,378
Coronavac,10,2021-04-03,DU,0
Coronavac,10,2021-04-03,R,0
Coronavac,10,2021-04-04,D1,3
Coronavac,10,2021-04-04,D2,113
Coronavac,10,2021-04-04,DU,0
Coronavac,10,2021-04-04,R,0
Coronavac,10,2021-04-05,D1,229
Coronavac,10,2021-04-05,D2,1927
Coronavac,10,2021-04-05,DU,0
Coronavac,10,2021-04-05,R,0
Coronavac,10,2021-04-06,D1,163
Coronavac,10,2021-04-06,D2,1515
Coronavac,10,2021-04-06,DU,0
Coronavac,10,2021-04-06,R,0
Coronavac,10,2021-04-07,D1,157
Coronavac,10,2021-04-07,D2,1164
Coronavac,10,2021-04-07,DU,0
Coronavac,10,2021-04-07,R,0
Coronavac,10,2021-04-08,D1,133
Coronavac,10,2021-04-08,D2,836
Coronavac,10,2021-04-08,DU,0
Coronavac,10,2021-04-08,R,0
Coronavac,10,2021-04-09,D1,167
Coronavac,10,2021-04-09,D2,889
Coronavac,10,2021-04-09,DU,0
Coronavac,10,2021-04-09,R,0
Coronavac,10,2021-04-10,D1,54
Coronavac,10,2021-04-10,D2,344
Coronavac,10,2021-04-10,DU,0
Coronavac,10,2021-04-10,R,0
Coronavac,10,2021-04-11,D1,11
Coronavac,10,2021-04-11,D2,31
Coronavac,10,2021-04-11,DU,0
Coronavac,10,2021-04-11,R,0
Coronavac,10,2021-04-12,D1,78
Coronavac,10,2021-04-12,D2,720
Coronavac,10,2021-04-12,DU,0
Coronavac,10,2021-04-12,R,0
Coronavac,10,2021-04-13,D1,98
Coronavac,10,2021-04-13,D2,672
Coronavac,10,2021-04-13,DU,0
Coronavac,10,2021-04-13,R,0
Coronavac,10,2021-04-14,D1,51
Coronavac,10,2021-04-14,D2,593
Coronavac,10,2021-04-14,DU,0
Coronavac,10,2021-04-14,R,1
Coronavac,10,2021-04-15,D1,54
Coronavac,10,2021-04-15,D2,576
Coronavac,10,2021-04-15,DU,0
Coronavac,10,2021-04-15,R,0
Coronavac,10,2021-04-16,D1,39
Coronavac,10,2021-04-16,D2,626
Coronavac,10,2021-04-16,DU,0
Coronavac,10,2021-04-16,R,0
Coronavac,10,2021-04-17,D1,38
Coronavac,10,2021-04-17,D2,247
Coronavac,10,2021-04-17,DU,0
Coronavac,10,2021-04-17,R,0
Coronavac,10,2021-04-18,D1,3
Coronavac,10,2021-04-18,D2,22
Coronavac,10,2021-04-18,DU,0
Coronavac,10,2021-04-18,R,0
Coronavac,10,2021-04-19,D1,37
Coronavac,10,2021-04-19,D2,419
Coronavac,10,2021-04-19,DU,0
Coronavac,10,2021-04-19,R,0
Coronavac,10,2021-04-20,D1,38
Coronavac,10,2021-04-20,D2,440
Coronavac,10,2021-04-20,DU,0
Coronavac,10,2021-04-20,R,0
Coronavac,10,2021-04-21,D1,6
Coronavac,10,2021-04-21,D2,93
Coronavac,10,2021-04-21,DU,0
Coronavac,10,2021-04-21,R,0
Coronavac,10,2021-04-22,D1,26
Coronavac,10,2021-04-22,D2,408
Coronavac,10,2021-04-22,DU,0
Coronavac,10,2021-04-22,R,0
Coronavac,10,2021-04-23,D1,32
Coronavac,10,2021-04-23,D2,351
Coronavac,10,2021-04-23,DU,0
Coronavac,10,2021-04-23,R,0
Coronavac,10,2021-04-24,D1,17
Coronavac,10,2021-04-24,D2,133
Coronavac,10,2021-04-24,DU,0
Coronavac,10,2021-04-24,R,0
Coronavac,10,2021-04-25,D1,4
Coronavac,10,2021-04-25,D2,3
Coronavac,10,2021-04-25,DU,0
Coronavac,10,2021-04-25,R,0
Coronavac,10,2021-04-26,D1,24
Coronavac,10,2021-04-26,D2,245
Coronavac,10,2021-04-26,DU,0
Coronavac,10,2021-04-26,R,0
Coronavac,10,2021-04-27,D1,37
Coronavac,10,2021-04-27,D2,290
Coronavac,10,2021-04-27,DU,0
Coronavac,10,2021-04-27,R,0
Coronavac,10,2021-04-28,D1,23
Coronavac,10,2021-04-28,D2,227
Coronavac,10,2021-04-28,DU,0
Coronavac,10,2021-04-28,R,0
Coronavac,10,2021-04-29,D1,17
Coronavac,10,2021-04-29,D2,173
Coronavac,10,2021-04-29,DU,0
Coronavac,10,2021-04-29,R,0
Coronavac,10,2021-04-30,D1,14
Coronavac,10,2021-04-30,D2,146
Coronavac,10,2021-04-30,DU,0
Coronavac,10,2021-04-30,R,0
Coronavac,10,2021-05-01,D1,4
Coronavac,10,2021-05-01,D2,34
Coronavac,10,2021-05-01,DU,0
Coronavac,10,2021-05-01,R,0
Coronavac,10,2021-05-02,D1,2
Coronavac,10,2021-05-02,D2,5
Coronavac,10,2021-05-02,DU,0
Coronavac,10,2021-05-02,R,0
Coronavac,10,2021-05-03,D1,8
Coronavac,10,2021-05-03,D2,140
Coronavac,10,2021-05-03,DU,0
Coronavac,10,2021-05-03,R,0
Coronavac,10,2021-05-04,D1,5
Coronavac,10,2021-05-04,D2,117
Coronavac,10,2021-05-04,DU,0
Coronavac,10,2021-05-04,R,0
Coronavac,10,2021-05-05,D1,6
Coronavac,10,2021-05-05,D2,99
Coronavac,10,2021-05-05,DU,0
Coronavac,10,2021-05-05,R,0
Coronavac,10,2021-05-06,D1,6
Coronavac,10,2021-05-06,D2,63
Coronavac,10,2021-05-06,DU,0
Coronavac,10,2021-05-06,R,0
Coronavac,10,2021-05-07,D1,7
Coronavac,10,2021-05-07,D2,82
Coronavac,10,2021-05-07,DU,0
Coronavac,10,2021-05-07,R,0
Coronavac,10,2021-05-08,D1,4
Coronavac,10,2021-05-08,D2,53
Coronavac,10,2021-05-08,DU,0
Coronavac,10,2021-05-08,R,0
Coronavac,10,2021-05-09,D1,0
Coronavac,10,2021-05-09,D2,2
Coronavac,10,2021-05-09,DU,0
Coronavac,10,2021-05-09,R,0
Coronavac,10,2021-05-10,D1,5
Coronavac,10,2021-05-10,D2,61
Coronavac,10,2021-05-10,DU,0
Coronavac,10,2021-05-10,R,0
Coronavac,10,2021-05-11,D1,6
Coronavac,10,2021-05-11,D2,69
Coronavac,10,2021-05-11,DU,0
Coronavac,10,2021-05-11,R,0
Coronavac,10,2021-05-12,D1,4
Coronavac,10,2021-05-12,D2,31
Coronavac,10,2021-05-12,DU,0
Coronavac,10,2021-05-12,R,0
Coronavac,10,2021-05-13,D1,5
Coronavac,10,2021-05-13,D2,31
Coronavac,10,2021-05-13,DU,0
Coronavac,10,2021-05-13,R,0
Coronavac,10,2021-05-14,D1,2
Coronavac,10,2021-05-14,D2,36
Coronavac,10,2021-05-14,DU,0
Coronavac,10,2021-05-14,R,0
Coronavac,10,2021-05-15,D1,1
Coronavac,10,2021-05-15,D2,34
Coronavac,10,2021-05-15,DU,0
Coronavac,10,2021-05-15,R,0
Coronavac,10,2021-05-16,D1,0
Coronavac,10,2021-05-16,D2,9
Coronavac,10,2021-05-16,DU,0
Coronavac,10,2021-05-16,R,0
Coronavac,10,2021-05-17,D1,2
Coronavac,10,2021-05-17,D2,64
Coronavac,10,2021-05-17,DU,0
Coronavac,10,2021-05-17,R,0
Coronavac,10,2021-05-18,D1,3
Coronavac,10,2021-05-18,D2,86
Coronavac,10,2021-05-18,DU,0
Coronavac,10,2021-05-18,R,0
Coronavac,10,2021-05-19,D1,4
Coronavac,10,2021-05-19,D2,48
Coronavac,10,2021-05-19,DU,0
Coronavac,10,2021-05-19,R,0
Coronavac,10,2021-05-20,D1,6
Coronavac,10,2021-05-20,D2,61
Coronavac,10,2021-05-20,DU,0
Coronavac,10,2021-05-20,R,0
Coronavac,10,2021-05-21,D1,3
Coronavac,10,2021-05-21,D2,62
Coronavac,10,2021-05-21,DU,0
Coronavac,10,2021-05-21,R,0
Coronavac,10,2021-05-22,D1,7
Coronavac,10,2021-05-22,D2,23
Coronavac,10,2021-05-22,DU,0
Coronavac,10,2021-05-22,R,0
Coronavac,10,2021-05-23,D1,0
Coronavac,10,2021-05-23,D2,4
Coronavac,10,2021-05-23,DU,0
Coronavac,10,2021-05-23,R,0
Coronavac,10,2021-05-24,D1,4
Coronavac,10,2021-05-24,D2,67
Coronavac,10,2021-05-24,DU,0
Coronavac,10,2021-05-24,R,0
Coronavac,10,2021-05-25,D1,4
Coronavac,10,2021-05-25,D2,36
Coronavac,10,2021-05-25,DU,0
Coronavac,10,2021-05-25,R,0
Coronavac,10,2021-05-26,D1,22
Coronavac,10,2021-05-26,D2,38
Coronavac,10,2021-05-26,DU,0
Coronavac,10,2021-05-26,R,0
Coronavac,10,2021-05-27,D1,8
Coronavac,10,2021-05-27,D2,35
Coronavac,10,2021-05-27,DU,0
Coronavac,10,2021-05-27,R,0
Coronavac,10,2021-05-28,D1,6
Coronavac,10,2021-05-28,D2,39
Coronavac,10,2021-05-28,DU,0
Coronavac,10,2021-05-28,R,0
Coronavac,10,2021-05-29,D1,6
Coronavac,10,2021-05-29,D2,12
Coronavac,10,2021-05-29,DU,0
Coronavac,10,2021-05-29,R,0
Coronavac,10,2021-05-30,D1,0
Coronavac,10,2021-05-30,D2,1
Coronavac,10,2021-05-30,DU,0
Coronavac,10,2021-05-30,R,0
Coronavac,10,2021-05-31,D1,4
Coronavac,10,2021-05-31,D2,24
Coronavac,10,2021-05-31,DU,0
Coronavac,10,2021-05-31,R,0
Coronavac,10,2021-06-01,D1,4
Coronavac,10,2021-06-01,D2,33
Coronavac,10,2021-06-01,DU,0
Coronavac,10,2021-06-01,R,0
Coronavac,10,2021-06-02,D1,8
Coronavac,10,2021-06-02,D2,25
Coronavac,10,2021-06-02,DU,0
Coronavac,10,2021-06-02,R,0
Coronavac,10,2021-06-03,D1,2
Coronavac,10,2021-06-03,D2,6
Coronavac,10,2021-06-03,DU,0
Coronavac,10,2021-06-03,R,0
Coronavac,10,2021-06-04,D1,2
Coronavac,10,2021-06-04,D2,15
Coronavac,10,2021-06-04,DU,0
Coronavac,10,2021-06-04,R,0
Coronavac,10,2021-06-05,D1,6
Coronavac,10,2021-06-05,D2,37
Coronavac,10,2021-06-05,DU,0
Coronavac,10,2021-06-05,R,0
Coronavac,10,2021-06-06,D1,0
Coronavac,10,2021-06-06,D2,1
Coronavac,10,2021-06-06,DU,0
Coronavac,10,2021-06-06,R,0
Coronavac,10,2021-06-07,D1,3
Coronavac,10,2021-06-07,D2,21
Coronavac,10,2021-06-07,DU,0
Coronavac,10,2021-06-07,R,0
Coronavac,10,2021-06-08,D1,5
Coronavac,10,2021-06-08,D2,10
Coronavac,10,2021-06-08,DU,0
Coronavac,10,2021-06-08,R,0
Coronavac,10,2021-06-09,D1,3
Coronavac,10,2021-06-09,D2,12
Coronavac,10,2021-06-09,DU,0
Coronavac,10,2021-06-09,R,0
Coronavac,10,2021-06-10,D1,3
Coronavac,10,2021-06-10,D2,12
Coronavac,10,2021-06-10,DU,0
Coronavac,10,2021-06-10,R,0
Coronavac,10,2021-06-11,D1,6
Coronavac,10,2021-06-11,D2,14
Coronavac,10,2021-06-11,DU,0
Coronavac,10,2021-06-11,R,0
Coronavac,10,2021-06-12,D1,1
Coronavac,10,2021-06-12,D2,3
Coronavac,10,2021-06-12,DU,0
Coronavac,10,2021-06-12,R,0
Coronavac,10,2021-06-13,D1,0
Coronavac,10,2021-06-13,D2,1
Coronavac,10,2021-06-13,DU,0
Coronavac,10,2021-06-13,R,0
Coronavac,10,2021-06-14,D1,0
Coronavac,10,2021-06-14,D2,13
Coronavac,10,2021-06-14,DU,0
Coronavac,10,2021-06-14,R,0
Coronavac,10,2021-06-15,D1,5
Coronavac,10,2021-06-15,D2,13
Coronavac,10,2021-06-15,DU,0
Coronavac,10,2021-06-15,R,0
Coronavac,10,2021-06-16,D1,2
Coronavac,10,2021-06-16,D2,16
Coronavac,10,2021-06-16,DU,0
Coronavac,10,2021-06-16,R,0
Coronavac,10,2021-06-17,D1,2
Coronavac,10,2021-06-17,D2,9
Coronavac,10,2021-06-17,DU,0
Coronavac,10,2021-06-17,R,0
Coronavac,10,2021-06-18,D1,18
Coronavac,10,2021-06-18,D2,11
Coronavac,10,2021-06-18,DU,0
Coronavac,10,2021-06-18,R,0
Coronavac,10,2021-06-19,D1,4
Coronavac,10,2021-06-19,D2,13
Coronavac,10,2021-06-19,DU,0
Coronavac,10,2021-06-19,R,0
Coronavac,10,2021-06-20,D1,2
Coronavac,10,2021-06-20,D2,1
Coronavac,10,2021-06-20,DU,0
Coronavac,10,2021-06-20,R,0
Coronavac,10,2021-06-21,D1,2
Coronavac,10,2021-06-21,D2,16
Coronavac,10,2021-06-21,DU,0
Coronavac,10,2021-06-21,R,0
Coronavac,10,2021-06-22,D1,4
Coronavac,10,2021-06-22,D2,9
Coronavac,10,2021-06-22,DU,0
Coronavac,10,2021-06-22,R,0
Coronavac,10,2021-06-23,D1,22
Coronavac,10,2021-06-23,D2,9
Coronavac,10,2021-06-23,DU,0
Coronavac,10,2021-06-23,R,0
Coronavac,10,2021-06-24,D1,10
Coronavac,10,2021-06-24,D2,4
Coronavac,10,2021-06-24,DU,0
Coronavac,10,2021-06-24,R,0
Coronavac,10,2021-06-25,D1,10
Coronavac,10,2021-06-25,D2,10
Coronavac,10,2021-06-25,DU,0
Coronavac,10,2021-06-25,R,0
Coronavac,10,2021-06-26,D1,10
Coronavac,10,2021-06-26,D2,10
Coronavac,10,2021-06-26,DU,0
Coronavac,10,2021-06-26,R,0
Coronavac,10,2021-06-27,D1,2
Coronavac,10,2021-06-27,D2,0
Coronavac,10,2021-06-27,DU,0
Coronavac,10,2021-06-27,R,0
Coronavac,10,2021-06-28,D1,3
Coronavac,10,2021-06-28,D2,10
Coronavac,10,2021-06-28,DU,0
Coronavac,10,2021-06-28,R,0
Coronavac,10,2021-06-29,D1,5
Coronavac,10,2021-06-29,D2,10
Coronavac,10,2021-06-29,DU,0
Coronavac,10,2021-06-29,R,0
Coronavac,10,2021-06-30,D1,3
Coronavac,10,2021-06-30,D2,7
Coronavac,10,2021-06-30,DU,0
Coronavac,10,2021-06-30,R,0
Coronavac,10,2021-07-01,D1,8
Coronavac,10,2021-07-01,D2,3
Coronavac,10,2021-07-01,DU,0
Coronavac,10,2021-07-01,R,0
Coronavac,10,2021-07-02,D1,5
Coronavac,10,2021-07-02,D2,8
Coronavac,10,2021-07-02,DU,0
Coronavac,10,2021-07-02,R,0
Coronavac,10,2021-07-03,D1,4
Coronavac,10,2021-07-03,D2,4
Coronavac,10,2021-07-03,DU,0
Coronavac,10,2021-07-03,R,1
Coronavac,10,2021-07-05,D1,5
Coronavac,10,2021-07-05,D2,8
Coronavac,10,2021-07-05,DU,0
Coronavac,10,2021-07-05,R,0
Coronavac,10,2021-07-06,D1,3
Coronavac,10,2021-07-06,D2,5
Coronavac,10,2021-07-06,DU,0
Coronavac,10,2021-07-06,R,0
Coronavac,10,2021-07-07,D1,1
Coronavac,10,2021-07-07,D2,8
Coronavac,10,2021-07-07,DU,0
Coronavac,10,2021-07-07,R,0
Coronavac,10,2021-07-08,D1,3
Coronavac,10,2021-07-08,D2,15
Coronavac,10,2021-07-08,DU,0
Coronavac,10,2021-07-08,R,0
Coronavac,10,2021-07-09,D1,0
Coronavac,10,2021-07-09,D2,4
Coronavac,10,2021-07-09,DU,0
Coronavac,10,2021-07-09,R,0
Coronavac,10,2021-07-10,D1,0
Coronavac,10,2021-07-10,D2,2
Coronavac,10,2021-07-10,DU,0
Coronavac,10,2021-07-10,R,0
Coronavac,10,2021-07-12,D1,0
Coronavac,10,2021-07-12,D2,5
Coronavac,10,2021-07-12,DU,0
Coronavac,10,2021-07-12,R,1
Coronavac,10,2021-07-13,D1,6
Coronavac,10,2021-07-13,D2,4
Coronavac,10,2021-07-13,DU,0
Coronavac,10,2021-07-13,R,0
Coronavac,10,2021-07-14,D1,4
Coronavac,10,2021-07-14,D2,11
Coronavac,10,2021-07-14,DU,0
Coronavac,10,2021-07-14,R,0
Coronavac,10,2021-07-15,D1,5
Coronavac,10,2021-07-15,D2,4
Coronavac,10,2021-07-15,DU,0
Coronavac,10,2021-07-15,R,0
Coronavac,10,2021-07-16,D1,9
Coronavac,10,2021-07-16,D2,13
Coronavac,10,2021-07-16,DU,0
Coronavac,10,2021-07-16,R,0
Coronavac,10,2021-07-17,D1,10
Coronavac,10,2021-07-17,D2,13
Coronavac,10,2021-07-17,DU,0
Coronavac,10,2021-07-17,R,0
Coronavac,10,2021-07-18,D1,2
Coronavac,10,2021-07-18,D2,1
Coronavac,10,2021-07-18,DU,0
Coronavac,10,2021-07-18,R,0
Coronavac,10,2021-07-19,D1,22
Coronavac,10,2021-07-19,D2,8
Coronavac,10,2021-07-19,DU,0
Coronavac,10,2021-07-19,R,0
Coronavac,10,2021-07-20,D1,17
Coronavac,10,2021-07-20,D2,8
Coronavac,10,2021-07-20,DU,0
Coronavac,10,2021-07-20,R,0
Coronavac,10,2021-07-21,D1,8
Coronavac,10,2021-07-21,D2,26
Coronavac,10,2021-07-21,DU,0
Coronavac,10,2021-07-21,R,0
Coronavac,10,2021-07-22,D1,16
Coronavac,10,2021-07-22,D2,13
Coronavac,10,2021-07-22,DU,0
Coronavac,10,2021-07-22,R,0
Coronavac,10,2021-07-23,D1,10
Coronavac,10,2021-07-23,D2,10
Coronavac,10,2021-07-23,DU,0
Coronavac,10,2021-07-23,R,0
Coronavac,10,2021-07-24,D1,6
Coronavac,10,2021-07-24,D2,7
Coronavac,10,2021-07-24,DU,0
Coronavac,10,2021-07-24,R,0
Coronavac,10,2021-07-26,D1,10
Coronavac,10,2021-07-26,D2,12
Coronavac,10,2021-07-26,DU,0
Coronavac,10,2021-07-26,R,0
Coronavac,10,2021-07-27,D1,9
Coronavac,10,2021-07-27,D2,8
Coronavac,10,2021-07-27,DU,0
Coronavac,10,2021-07-27,R,0
Coronavac,10,2021-07-28,D1,5
Coronavac,10,2021-07-28,D2,6
Coronavac,10,2021-07-28,DU,0
Coronavac,10,2021-07-28,R,0
Coronavac,10,2021-07-29,D1,6
Coronavac,10,2021-07-29,D2,4
Coronavac,10,2021-07-29,DU,0
Coronavac,10,2021-07-29,R,0
Coronavac,10,2021-07-30,D1,9
Coronavac,10,2021-07-30,D2,9
Coronavac,10,2021-07-30,DU,0
Coronavac,10,2021-07-30,R,0
Coronavac,10,2021-07-31,D1,1
Coronavac,10,2021-07-31,D2,5
Coronavac,10,2021-07-31,DU,0
Coronavac,10,2021-07-31,R,0
Coronavac,10,2021-08-02,D1,12
Coronavac,10,2021-08-02,D2,7
Coronavac,10,2021-08-02,DU,0
Coronavac,10,2021-08-02,R,0
Coronavac,10,2021-08-03,D1,13
Coronavac,10,2021-08-03,D2,6
Coronavac,10,2021-08-03,DU,0
Coronavac,10,2021-08-03,R,0
Coronavac,10,2021-08-04,D1,9
Coronavac,10,2021-08-04,D2,4
Coronavac,10,2021-08-04,DU,0
Coronavac,10,2021-08-04,R,0
Coronavac,10,2021-08-05,D1,10
Coronavac,10,2021-08-05,D2,5
Coronavac,10,2021-08-05,DU,0
Coronavac,10,2021-08-05,R,0
Coronavac,10,2021-08-06,D1,10
Coronavac,10,2021-08-06,D2,3
Coronavac,10,2021-08-06,DU,0
Coronavac,10,2021-08-06,R,0
Coronavac,10,2021-08-07,D1,4
Coronavac,10,2021-08-07,D2,4
Coronavac,10,2021-08-07,DU,0
Coronavac,10,2021-08-07,R,0
Coronavac,10,2021-08-09,D1,11
Coronavac,10,2021-08-09,D2,7
Coronavac,10,2021-08-09,DU,0
Coronavac,10,2021-08-09,R,0
Coronavac,10,2021-08-10,D1,12
Coronavac,10,2021-08-10,D2,7
Coronavac,10,2021-08-10,DU,0
Coronavac,10,2021-08-10,R,0
Coronavac,10,2021-08-11,D1,11
Coronavac,10,2021-08-11,D2,9
Coronavac,10,2021-08-11,DU,0
Coronavac,10,2021-08-11,R,0
Coronavac,10,2021-08-12,D1,13
Coronavac,10,2021-08-12,D2,7
Coronavac,10,2021-08-12,DU,0
Coronavac,10,2021-08-12,R,0
Coronavac,10,2021-08-13,D1,9
Coronavac,10,2021-08-13,D2,7
Coronavac,10,2021-08-13,DU,0
Coronavac,10,2021-08-13,R,0
Coronavac,10,2021-08-14,D1,2
Coronavac,10,2021-08-14,D2,7
Coronavac,10,2021-08-14,DU,0
Coronavac,10,2021-08-14,R,0
Coronavac,10,2021-08-16,D1,9
Coronavac,10,2021-08-16,D2,20
Coronavac,10,2021-08-16,DU,0
Coronavac,10,2021-08-16,R,0
Coronavac,10,2021-08-17,D1,5
Coronavac,10,2021-08-17,D2,12
Coronavac,10,2021-08-17,DU,0
Coronavac,10,2021-08-17,R,0
Coronavac,10,2021-08-18,D1,7
Coronavac,10,2021-08-18,D2,7
Coronavac,10,2021-08-18,DU,0
Coronavac,10,2021-08-18,R,0
Coronavac,10,2021-08-19,D1,9
Coronavac,10,2021-08-19,D2,13
Coronavac,10,2021-08-19,DU,0
Coronavac,10,2021-08-19,R,0
Coronavac,10,2021-08-20,D1,9
Coronavac,10,2021-08-20,D2,15
Coronavac,10,2021-08-20,DU,0
Coronavac,10,2021-08-20,R,0
Coronavac,10,2021-08-21,D1,4
Coronavac,10,2021-08-21,D2,7
Coronavac,10,2021-08-21,DU,0
Coronavac,10,2021-08-21,R,0
Coronavac,10,2021-08-23,D1,10
Coronavac,10,2021-08-23,D2,14
Coronavac,10,2021-08-23,DU,0
Coronavac,10,2021-08-23,R,0
Coronavac,10,2021-08-24,D1,10
Coronavac,10,2021-08-24,D2,8
Coronavac,10,2021-08-24,DU,0
Coronavac,10,2021-08-24,R,0
Coronavac,10,2021-08-25,D1,6
Coronavac,10,2021-08-25,D2,11
Coronavac,10,2021-08-25,DU,0
Coronavac,10,2021-08-25,R,0
Coronavac,10,2021-08-26,D1,6
Coronavac,10,2021-08-26,D2,4
Coronavac,10,2021-08-26,DU,0
Coronavac,10,2021-08-26,R,0
Coronavac,10,2021-08-27,D1,9
Coronavac,10,2021-08-27,D2,10
Coronavac,10,2021-08-27,DU,0
Coronavac,10,2021-08-27,R,0
Coronavac,10,2021-08-28,D1,2
Coronavac,10,2021-08-28,D2,7
Coronavac,10,2021-08-28,DU,0
Coronavac,10,2021-08-28,R,0
Coronavac,10,2021-08-29,D1,1
Coronavac,10,2021-08-29,D2,0
Coronavac,10,2021-08-29,DU,0
Coronavac,10,2021-08-29,R,0
Coronavac,10,2021-08-30,D1,4
Coronavac,10,2021-08-30,D2,14
Coronavac,10,2021-08-30,DU,0
Coronavac,10,2021-08-30,R,0
Coronavac,10,2021-08-31,D1,5
Coronavac,10,2021-08-31,D2,6
Coronavac,10,2021-08-31,DU,0
Coronavac,10,2021-08-31,R,1
Coronavac,10,2021-09-01,D1,2
Coronavac,10,2021-09-01,D2,9
Coronavac,10,2021-09-01,DU,0
Coronavac,10,2021-09-01,R,1
Coronavac,10,2021-09-02,D1,8
Coronavac,10,2021-09-02,D2,14
Coronavac,10,2021-09-02,DU,0
Coronavac,10,2021-09-02,R,0
Coronavac,10,2021-09-03,D1,2
Coronavac,10,2021-09-03,D2,12
Coronavac,10,2021-09-03,DU,0
Coronavac,10,2021-09-03,R,2
Coronavac,10,2021-09-04,D1,6
Coronavac,10,2021-09-04,D2,2
Coronavac,10,2021-09-04,DU,0
Coronavac,10,2021-09-04,R,97
Coronavac,10,2021-09-05,D1,0
Coronavac,10,2021-09-05,D2,0
Coronavac,10,2021-09-05,DU,0
Coronavac,10,2021-09-05,R,6
Coronavac,10,2021-09-06,D1,10
Coronavac,10,2021-09-06,D2,8
Coronavac,10,2021-09-06,DU,0
Coronavac,10,2021-09-06,R,786
Coronavac,10,2021-09-07,D1,1
Coronavac,10,2021-09-07,D2,1
Coronavac,10,2021-09-07,DU,0
Coronavac,10,2021-09-07,R,98
Coronavac,10,2021-09-08,D1,8
Coronavac,10,2021-09-08,D2,10
Coronavac,10,2021-09-08,DU,0
Coronavac,10,2021-09-08,R,580
Coronavac,10,2021-09-09,D1,8
Coronavac,10,2021-09-09,D2,19
Coronavac,10,2021-09-09,DU,0
Coronavac,10,2021-09-09,R,1231
Coronavac,10,2021-09-10,D1,6
Coronavac,10,2021-09-10,D2,10
Coronavac,10,2021-09-10,DU,0
Coronavac,10,2021-09-10,R,1785
Coronavac,10,2021-09-11,D1,4
Coronavac,10,2021-09-11,D2,8
Coronavac,10,2021-09-11,DU,0
Coronavac,10,2021-09-11,R,1011
Coronavac,10,2021-09-12,D1,0
Coronavac,10,2021-09-12,D2,0
Coronavac,10,2021-09-12,DU,0
Coronavac,10,2021-09-12,R,18
Coronavac,10,2021-09-13,D1,13
Coronavac,10,2021-09-13,D2,27
Coronavac,10,2021-09-13,DU,0
Coronavac,10,2021-09-13,R,3540
Coronavac,10,2021-09-14,D1,5
Coronavac,10,2021-09-14,D2,22
Coronavac,10,2021-09-14,DU,0
Coronavac,10,2021-09-14,R,3420
Coronavac,10,2021-09-15,D1,5
Coronavac,10,2021-09-15,D2,20
Coronavac,10,2021-09-15,DU,0
Coronavac,10,2021-09-15,R,2581
Coronavac,10,2021-09-16,D1,9
Coronavac,10,2021-09-16,D2,15
Coronavac,10,2021-09-16,DU,0
Coronavac,10,2021-09-16,R,1721
Coronavac,10,2021-09-17,D1,10
Coronavac,10,2021-09-17,D2,29
Coronavac,10,2021-09-17,DU,0
Coronavac,10,2021-09-17,R,2347
Coronavac,10,2021-09-18,D1,1
Coronavac,10,2021-09-18,D2,2
Coronavac,10,2021-09-18,DU,0
Coronavac,10,2021-09-18,R,622
Coronavac,10,2021-09-19,D1,1
Coronavac,10,2021-09-19,D2,1
Coronavac,10,2021-09-19,DU,0
Coronavac,10,2021-09-19,R,47
Coronavac,10,2021-09-20,D1,9
Coronavac,10,2021-09-20,D2,17
Coronavac,10,2021-09-20,DU,0
Coronavac,10,2021-09-20,R,1760
Coronavac,10,2021-09-21,D1,8
Coronavac,10,2021-09-21,D2,23
Coronavac,10,2021-09-21,DU,0
Coronavac,10,2021-09-21,R,2619
Coronavac,10,2021-09-22,D1,6
Coronavac,10,2021-09-22,D2,16
Coronavac,10,2021-09-22,DU,0
Coronavac,10,2021-09-22,R,1839
Coronavac,10,2021-09-23,D1,10
Coronavac,10,2021-09-23,D2,15
Coronavac,10,2021-09-23,DU,8
Coronavac,10,2021-09-23,R,1497
Coronavac,10,2021-09-24,D1,7
Coronavac,10,2021-09-24,D2,8
Coronavac,10,2021-09-24,DU,0
Coronavac,10,2021-09-24,R,1314
Coronavac,10,2021-09-25,D1,0
Coronavac,10,2021-09-25,D2,1
Coronavac,10,2021-09-25,DU,0
Coronavac,10,2021-09-25,R,398
Coronavac,10,2021-09-26,D1,0
Coronavac,10,2021-09-26,D2,1
Coronavac,10,2021-09-26,DU,0
Coronavac,10,2021-09-26,R,13
Coronavac,10,2021-09-27,D1,12
Coronavac,10,2021-09-27,D2,7
Coronavac,10,2021-09-27,DU,4
Coronavac,10,2021-09-27,R,1003
Coronavac,10,2021-09-28,D1,10
Coronavac,10,2021-09-28,D2,14
Coronavac,10,2021-09-28,DU,0
Coronavac,10,2021-09-28,R,948
Coronavac,10,2021-09-29,D1,10
Coronavac,10,2021-09-29,D2,9
Coronavac,10,2021-09-29,DU,0
Coronavac,10,2021-09-29,R,1185
Coronavac,10,2021-09-30,D1,6
Coronavac,10,2021-09-30,D2,11
Coronavac,10,2021-09-30,DU,0
Coronavac,10,2021-09-30,R,824
Coronavac,10,2021-10-01,D1,11
Coronavac,10,2021-10-01,D2,6
Coronavac,10,2021-10-01,DU,0
Coronavac,10,2021-10-01,R,681
Coronavac,10,2021-10-02,D1,9
Coronavac,10,2021-10-02,D2,9
Coronavac,10,2021-10-02,DU,0
Coronavac,10,2021-10-02,R,721
Coronavac,10,2021-10-03,D1,0
Coronavac,10,2021-10-03,D2,0
Coronavac,10,2021-10-03,DU,0
Coronavac,10,2021-10-03,R,2
Coronavac,10,2021-10-04,D1,9
Coronavac,10,2021-10-04,D2,11
Coronavac,10,2021-10-04,DU,2
Coronavac,10,2021-10-04,R,595
Coronavac,10,2021-10-05,D1,12
Coronavac,10,2021-10-05,D2,6
Coronavac,10,2021-10-05,DU,0
Coronavac,10,2021-10-05,R,720
Coronavac,10,2021-10-06,D1,8
Coronavac,10,2021-10-06,D2,8
Coronavac,10,2021-10-06,DU,0
Coronavac,10,2021-10-06,R,675
Coronavac,10,2021-10-07,D1,4
Coronavac,10,2021-10-07,D2,8
Coronavac,10,2021-10-07,DU,0
Coronavac,10,2021-10-07,R,549
Coronavac,10,2021-10-08,D1,4
Coronavac,10,2021-10-08,D2,8
Coronavac,10,2021-10-08,DU,0
Coronavac,10,2021-10-08,R,593
Coronavac,10,2021-10-09,D1,2
Coronavac,10,2021-10-09,D2,1
Coronavac,10,2021-10-09,DU,0
Coronavac,10,2021-10-09,R,94
Coronavac,10,2021-10-10,D1,0
Coronavac,10,2021-10-10,D2,0
Coronavac,10,2021-10-10,DU,0
Coronavac,10,2021-10-10,R,8
Coronavac,10,2021-10-11,D1,2
Coronavac,10,2021-10-11,D2,5
Coronavac,10,2021-10-11,DU,0
Coronavac,10,2021-10-11,R,65
Coronavac,10,2021-10-12,D1,0
Coronavac,10,2021-10-12,D2,0
Coronavac,10,2021-10-12,DU,0
Coronavac,10,2021-10-12,R,8
Coronavac,10,2021-10-13,D1,4
Coronavac,10,2021-10-13,D2,12
Coronavac,10,2021-10-13,DU,0
Coronavac,10,2021-10-13,R,407
Coronavac,10,2021-10-14,D1,3
Coronavac,10,2021-10-14,D2,8
Coronavac,10,2021-10-14,DU,0
Coronavac,10,2021-10-14,R,431
Coronavac,10,2021-10-15,D1,3
Coronavac,10,2021-10-15,D2,8
Coronavac,10,2021-10-15,DU,0
Coronavac,10,2021-10-15,R,446
Coronavac,10,2021-10-16,D1,2
Coronavac,10,2021-10-16,D2,3
Coronavac,10,2021-10-16,DU,0
Coronavac,10,2021-10-16,R,215
Coronavac,10,2021-10-18,D1,7
Coronavac,10,2021-10-18,D2,8
Coronavac,10,2021-10-18,DU,0
Coronavac,10,2021-10-18,R,313
Coronavac,10,2021-10-19,D1,7
Coronavac,10,2021-10-19,D2,7
Coronavac,10,2021-10-19,DU,0
Coronavac,10,2021-10-19,R,284
Coronavac,10,2021-10-20,D1,1
Coronavac,10,2021-10-20,D2,3
Coronavac,10,2021-10-20,DU,0
Coronavac,10,2021-10-20,R,259
Coronavac,10,2021-10-21,D1,3
Coronavac,10,2021-10-21,D2,13
Coronavac,10,2021-10-21,DU,0
Coronavac,10,2021-10-21,R,243
Coronavac,10,2021-10-22,D1,2
Coronavac,10,2021-10-22,D2,5
Coronavac,10,2021-10-22,DU,0
Coronavac,10,2021-10-22,R,230
Coronavac,10,2021-10-23,D1,1
Coronavac,10,2021-10-23,D2,0
Coronavac,10,2021-10-23,DU,0
Coronavac,10,2021-10-23,R,64
Coronavac,10,2021-10-25,D1,2
Coronavac,10,2021-10-25,D2,10
Coronavac,10,2021-10-25,DU,0
Coronavac,10,2021-10-25,R,164
Coronavac,10,2021-10-26,D1,0
Coronavac,10,2021-10-26,D2,11
Coronavac,10,2021-10-26,DU,0
Coronavac,10,2021-10-26,R,156
Coronavac,10,2021-10-27,D1,5
Coronavac,10,2021-10-27,D2,7
Coronavac,10,2021-10-27,DU,0
Coronavac,10,2021-10-27,R,149
Coronavac,10,2021-10-28,D1,3
Coronavac,10,2021-10-28,D2,13
Coronavac,10,2021-10-28,DU,0
Coronavac,10,2021-10-28,R,137
Coronavac,10,2021-10-29,D1,2
Coronavac,10,2021-10-29,D2,10
Coronavac,10,2021-10-29,DU,0
Coronavac,10,2021-10-29,R,79
Coronavac,10,2021-10-30,D1,1
Coronavac,10,2021-10-30,D2,2
Coronavac,10,2021-10-30,DU,0
Coronavac,10,2021-10-30,R,21
Coronavac,10,2021-11-01,D1,0
Coronavac,10,2021-11-01,D2,1
Coronavac,10,2021-11-01,DU,0
Coronavac,10,2021-11-01,R,7
Coronavac,10,2021-11-02,D1,0
Coronavac,10,2021-11-02,D2,1
Coronavac,10,2021-11-02,DU,0
Coronavac,10,2021-11-02,R,1
Coronavac,10,2021-11-03,D1,6
Coronavac,10,2021-11-03,D2,8
Coronavac,10,2021-11-03,DU,0
Coronavac,10,2021-11-03,R,131
Coronavac,10,2021-11-04,D1,4
Coronavac,10,2021-11-04,D2,8
Coronavac,10,2021-11-04,DU,0
Coronavac,10,2021-11-04,R,151
Coronavac,10,2021-11-05,D1,6
Coronavac,10,2021-11-05,D2,6
Coronavac,10,2021-11-05,DU,0
Coronavac,10,2021-11-05,R,145
Coronavac,10,2021-11-06,D1,1
Coronavac,10,2021-11-06,D2,1
Coronavac,10,2021-11-06,DU,0
Coronavac,10,2021-11-06,R,46
Coronavac,10,2021-11-07,D1,0
Coronavac,10,2021-11-07,D2,1
Coronavac,10,2021-11-07,DU,0
Coronavac,10,2021-11-07,R,0
Coronavac,10,2021-11-08,D1,2
Coronavac,10,2021-11-08,D2,3
Coronavac,10,2021-11-08,DU,0
Coronavac,10,2021-11-08,R,129
Coronavac,10,2021-11-09,D1,4
Coronavac,10,2021-11-09,D2,4
Coronavac,10,2021-11-09,DU,0
Coronavac,10,2021-11-09,R,123
Coronavac,10,2021-11-10,D1,4
Coronavac,10,2021-11-10,D2,3
Coronavac,10,2021-11-10,DU,0
Coronavac,10,2021-11-10,R,104
Coronavac,10,2021-11-11,D1,2
Coronavac,10,2021-11-11,D2,6
Coronavac,10,2021-11-11,DU,0
Coronavac,10,2021-11-11,R,144
Coronavac,10,2021-11-12,D1,2
Coronavac,10,2021-11-12,D2,7
Coronavac,10,2021-11-12,DU,0
Coronavac,10,2021-11-12,R,96
Coronavac,10,2021-11-13,D1,0
Coronavac,10,2021-11-13,D2,0
Coronavac,10,2021-11-13,DU,0
Coronavac,10,2021-11-13,R,25
Coronavac,10,2021-11-14,D1,0
Coronavac,10,2021-11-14,D2,0
Coronavac,10,2021-11-14,DU,0
Coronavac,10,2021-11-14,R,2
Coronavac,10,2021-11-15,D1,0
Coronavac,10,2021-11-15,D2,0
Coronavac,10,2021-11-15,DU,0
Coronavac,10,2021-11-15,R,2
Coronavac,10,2021-11-16,D1,0
Coronavac,10,2021-11-16,D2,5
Coronavac,10,2021-11-16,DU,0
Coronavac,10,2021-11-16,R,331
Coronavac,10,2021-11-17,D1,3
Coronavac,10,2021-11-17,D2,7
Coronavac,10,2021-11-17,DU,0
Coronavac,10,2021-11-17,R,321
Coronavac,10,2021-11-18,D1,2
Coronavac,10,2021-11-18,D2,0
Coronavac,10,2021-11-18,DU,0
Coronavac,10,2021-11-18,R,354
Coronavac,10,2021-11-19,D1,0
Coronavac,10,2021-11-19,D2,0
Coronavac,10,2021-11-19,DU,0
Coronavac,10,2021-11-19,R,2
Coronavac,10,2021-11-20,D1,2
Coronavac,10,2021-11-20,D2,0
Coronavac,10,2021-11-20,DU,0
Coronavac,10,2021-11-20,R,108
Coronavac,10,2021-11-21,D1,0
Coronavac,10,2021-11-21,D2,0
Coronavac,10,2021-11-21,DU,0
Coronavac,10,2021-11-21,R,10
Coronavac,10,2021-11-22,D1,1
Coronavac,10,2021-11-22,D2,0
Coronavac,10,2021-11-22,DU,0
Coronavac,10,2021-11-22,R,1
Coronavac,10,2021-11-23,D1,0
Coronavac,10,2021-11-23,D2,3
Coronavac,10,2021-11-23,DU,0
Coronavac,10,2021-11-23,R,50
Coronavac,10,2021-11-24,D1,0
Coronavac,10,2021-11-24,D2,0
Coronavac,10,2021-11-24,DU,0
Coronavac,10,2021-11-24,R,21
Coronavac,10,2021-11-25,D1,0
Coronavac,10,2021-11-25,D2,0
Coronavac,10,2021-11-25,DU,0
Coronavac,10,2021-11-25,R,1
Coronavac,10,2021-11-26,D1,0
Coronavac,10,2021-11-26,D2,2
Coronavac,10,2021-11-26,DU,0
Coronavac,10,2021-11-26,R,0
Coronavac,10,2021-11-27,D1,0
Coronavac,10,2021-11-27,D2,0
Coronavac,10,2021-11-27,DU,0
Coronavac,10,2021-11-27,R,1
Coronavac,10,2021-11-29,D1,0
Coronavac,10,2021-11-29,D2,0
Coronavac,10,2021-11-29,DU,0
Coronavac,10,2021-11-29,R,1
Coronavac,10,2021-11-30,D1,0
Coronavac,10,2021-11-30,D2,0
Coronavac,10,2021-11-30,DU,0
Coronavac,10,2021-11-30,R,1
Coronavac,10,2021-12-01,D1,0
Coronavac,10,2021-12-01,D2,0
Coronavac,10,2021-12-01,DU,0
Coronavac,10,2021-12-01,R,1
Coronavac,10,2021-12-02,D1,0
Coronavac,10,2021-12-02,D2,4
Coronavac,10,2021-12-02,DU,0
Coronavac,10,2021-12-02,R,0
Coronavac,10,2021-12-03,D1,0
Coronavac,10,2021-12-03,D2,1
Coronavac,10,2021-12-03,DU,0
Coronavac,10,2021-12-03,R,0
Coronavac,10,2021-12-04,D1,1
Coronavac,10,2021-12-04,D2,0
Coronavac,10,2021-12-04,DU,0
Coronavac,10,2021-12-04,R,86
Coronavac,10,2021-12-07,D1,5
Coronavac,10,2021-12-07,D2,3
Coronavac,10,2021-12-07,DU,0
Coronavac,10,2021-12-07,R,372
Coronavac,10,2021-12-14,D1,1
Coronavac,10,2021-12-14,D2,0
Coronavac,10,2021-12-14,DU,0
Coronavac,10,2021-12-14,R,141
Coronavac,10,2021-12-17,D1,1
Coronavac,10,2021-12-17,D2,0
Coronavac,10,2021-12-17,DU,0
Coronavac,10,2021-12-17,R,55
Coronavac,10,2021-12-19,D1,0
Coronavac,10,2021-12-19,D2,0
Coronavac,10,2021-12-19,DU,0
Coronavac,10,2021-12-19,R,1
Coronavac,10,2021-12-20,D1,0
Coronavac,10,2021-12-20,D2,0
Coronavac,10,2021-12-20,DU,0
Coronavac,10,2021-12-20,R,17
Coronavac,10,2021-12-23,D1,0
Coronavac,10,2021-12-23,D2,3
Coronavac,10,2021-12-23,DU,0
Coronavac,10,2021-12-23,R,17
Coronavac,10,2021-12-27,D1,1
Coronavac,10,2021-12-27,D2,0
Coronavac,10,2021-12-27,DU,0
Coronavac,10,2021-12-27,R,31
Coronavac,10,2021-12-28,D1,1
Coronavac,10,2021-12-28,D2,1
Coronavac,10,2021-12-28,DU,0
Coronavac,10,2021-12-28,R,38
Coronavac,10,2022-01-03,D1,0
Coronavac,10,2022-01-03,D2,0
Coronavac,10,2022-01-03,DU,0
Coronavac,10,2022-01-03,R,17
Coronavac,10,2022-01-04,D1,1
Coronavac,10,2022-01-04,D2,0
Coronavac,10,2022-01-04,DU,0
Coronavac,10,2022-01-04,R,35
Coronavac,10,2022-01-05,D1,0
Coronavac,10,2022-01-05,D2,0
Coronavac,10,2022-01-05,DU,0
Coronavac,10,2022-01-05,R,1
Coronavac,10,2022-01-08,D1,0
Coronavac,10,2022-01-08,D2,0
Coronavac,10,2022-01-08,DU,0
Coronavac,10,2022-01-08,R,2
Coronavac,10,2022-01-10,D1,0
Coronavac,10,2022-01-10,D2,0
Coronavac,10,2022-01-10,DU,0
Coronavac,10,2022-01-10,R,46
Coronavac,10,2022-01-11,D1,1
Coronavac,10,2022-01-11,D2,0
Coronavac,10,2022-01-11,DU,0
Coronavac,10,2022-01-11,R,54
Coronavac,10,2022-01-13,D1,0
Coronavac,10,2022-01-13,D2,1
Coronavac,10,2022-01-13,DU,0
Coronavac,10,2022-01-13,R,30
Coronavac,10,2022-01-14,D1,0
Coronavac,10,2022-01-14,D2,0
Coronavac,10,2022-01-14,DU,0
Coronavac,10,2022-01-14,R,3
Coronavac,11,2021-01-19,D1,1
Coronavac,11,2021-01-19,D2,0
Coronavac,11,2021-01-19,DU,0
Coronavac,11,2021-01-19,R,0
Coronavac,11,2021-01-20,D1,37
Coronavac,11,2021-01-20,D2,0
Coronavac,11,2021-01-20,DU,0
Coronavac,11,2021-01-20,R,0
Coronavac,11,2021-01-21,D1,139
Coronavac,11,2021-01-21,D2,1
Coronavac,11,2021-01-21,DU,0
Coronavac,11,2021-01-21,R,0
Coronavac,11,2021-01-22,D1,672
Coronavac,11,2021-01-22,D2,7
Coronavac,11,2021-01-22,DU,0
Coronavac,11,2021-01-22,R,0
Coronavac,11,2021-01-23,D1,154
Coronavac,11,2021-01-23,D2,0
Coronavac,11,2021-01-23,DU,0
Coronavac,11,2021-01-23,R,0
Coronavac,11,2021-01-24,D1,42
Coronavac,11,2021-01-24,D2,0
Coronavac,11,2021-01-24,DU,0
Coronavac,11,2021-01-24,R,0
Coronavac,11,2021-01-25,D1,102
Coronavac,11,2021-01-25,D2,0
Coronavac,11,2021-01-25,DU,0
Coronavac,11,2021-01-25,R,0
Coronavac,11,2021-01-26,D1,139
Coronavac,11,2021-01-26,D2,2
Coronavac,11,2021-01-26,DU,0
Coronavac,11,2021-01-26,R,0
Coronavac,11,2021-01-27,D1,149
Coronavac,11,2021-01-27,D2,0
Coronavac,11,2021-01-27,DU,0
Coronavac,11,2021-01-27,R,0
Coronavac,11,2021-01-28,D1,75
Coronavac,11,2021-01-28,D2,0
Coronavac,11,2021-01-28,DU,0
Coronavac,11,2021-01-28,R,0
Coronavac,11,2021-01-29,D1,117
Coronavac,11,2021-01-29,D2,1
Coronavac,11,2021-01-29,DU,0
Coronavac,11,2021-01-29,R,0
Coronavac,11,2021-01-30,D1,64
Coronavac,11,2021-01-30,D2,0
Coronavac,11,2021-01-30,DU,0
Coronavac,11,2021-01-30,R,0
Coronavac,11,2021-02-01,D1,73
Coronavac,11,2021-02-01,D2,1
Coronavac,11,2021-02-01,DU,0
Coronavac,11,2021-02-01,R,0
Coronavac,11,2021-02-02,D1,76
Coronavac,11,2021-02-02,D2,2
Coronavac,11,2021-02-02,DU,0
Coronavac,11,2021-02-02,R,0
Coronavac,11,2021-02-03,D1,218
Coronavac,11,2021-02-03,D2,1
Coronavac,11,2021-02-03,DU,0
Coronavac,11,2021-02-03,R,0
Coronavac,11,2021-02-04,D1,872
Coronavac,11,2021-02-04,D2,2
Coronavac,11,2021-02-04,DU,0
Coronavac,11,2021-02-04,R,0
Coronavac,11,2021-02-05,D1,4058
Coronavac,11,2021-02-05,D2,10
Coronavac,11,2021-02-05,DU,0
Coronavac,11,2021-02-05,R,0
Coronavac,11,2021-02-06,D1,1630
Coronavac,11,2021-02-06,D2,1
Coronavac,11,2021-02-06,DU,0
Coronavac,11,2021-02-06,R,0
Coronavac,11,2021-02-07,D1,363
Coronavac,11,2021-02-07,D2,0
Coronavac,11,2021-02-07,DU,0
Coronavac,11,2021-02-07,R,0
Coronavac,11,2021-02-08,D1,10195
Coronavac,11,2021-02-08,D2,14
Coronavac,11,2021-02-08,DU,0
Coronavac,11,2021-02-08,R,0
Coronavac,11,2021-02-09,D1,4647
Coronavac,11,2021-02-09,D2,18
Coronavac,11,2021-02-09,DU,0
Coronavac,11,2021-02-09,R,0
Coronavac,11,2021-02-10,D1,2721
Coronavac,11,2021-02-10,D2,16
Coronavac,11,2021-02-10,DU,0
Coronavac,11,2021-02-10,R,0
Coronavac,11,2021-02-11,D1,1879
Coronavac,11,2021-02-11,D2,131
Coronavac,11,2021-02-11,DU,0
Coronavac,11,2021-02-11,R,0
Coronavac,11,2021-02-12,D1,1325
Coronavac,11,2021-02-12,D2,219
Coronavac,11,2021-02-12,DU,0
Coronavac,11,2021-02-12,R,0
Coronavac,11,2021-02-13,D1,350
Coronavac,11,2021-02-13,D2,41
Coronavac,11,2021-02-13,DU,0
Coronavac,11,2021-02-13,R,0
Coronavac,11,2021-02-14,D1,45
Coronavac,11,2021-02-14,D2,1
Coronavac,11,2021-02-14,DU,0
Coronavac,11,2021-02-14,R,0
Coronavac,11,2021-02-15,D1,587
Coronavac,11,2021-02-15,D2,158
Coronavac,11,2021-02-15,DU,0
Coronavac,11,2021-02-15,R,0
Coronavac,11,2021-02-16,D1,447
Coronavac,11,2021-02-16,D2,241
Coronavac,11,2021-02-16,DU,0
Coronavac,11,2021-02-16,R,0
Coronavac,11,2021-02-17,D1,338
Coronavac,11,2021-02-17,D2,227
Coronavac,11,2021-02-17,DU,0
Coronavac,11,2021-02-17,R,0
Coronavac,11,2021-02-18,D1,345
Coronavac,11,2021-02-18,D2,198
Coronavac,11,2021-02-18,DU,0
Coronavac,11,2021-02-18,R,0
Coronavac,11,2021-02-19,D1,372
Coronavac,11,2021-02-19,D2,188
Coronavac,11,2021-02-19,DU,0
Coronavac,11,2021-02-19,R,0
Coronavac,11,2021-02-20,D1,89
Coronavac,11,2021-02-20,D2,67
Coronavac,11,2021-02-20,DU,0
Coronavac,11,2021-02-20,R,0
Coronavac,11,2021-02-21,D1,5
Coronavac,11,2021-02-21,D2,2
Coronavac,11,2021-02-21,DU,0
Coronavac,11,2021-02-21,R,0
Coronavac,11,2021-02-22,D1,190
Coronavac,11,2021-02-22,D2,116
Coronavac,11,2021-02-22,DU,0
Coronavac,11,2021-02-22,R,0
Coronavac,11,2021-02-23,D1,153
Coronavac,11,2021-02-23,D2,93
Coronavac,11,2021-02-23,DU,0
Coronavac,11,2021-02-23,R,0
Coronavac,11,2021-02-24,D1,125
Coronavac,11,2021-02-24,D2,113
Coronavac,11,2021-02-24,DU,0
Coronavac,11,2021-02-24,R,0
Coronavac,11,2021-02-25,D1,86
Coronavac,11,2021-02-25,D2,221
Coronavac,11,2021-02-25,DU,0
Coronavac,11,2021-02-25,R,0
Coronavac,11,2021-02-26,D1,102
Coronavac,11,2021-02-26,D2,2353
Coronavac,11,2021-02-26,DU,0
Coronavac,11,2021-02-26,R,0
Coronavac,11,2021-02-27,D1,10
Coronavac,11,2021-02-27,D2,531
Coronavac,11,2021-02-27,DU,0
Coronavac,11,2021-02-27,R,0
Coronavac,11,2021-02-28,D1,3
Coronavac,11,2021-02-28,D2,146
Coronavac,11,2021-02-28,DU,0
Coronavac,11,2021-02-28,R,0
Coronavac,11,2021-03-01,D1,79
Coronavac,11,2021-03-01,D2,3614
Coronavac,11,2021-03-01,DU,0
Coronavac,11,2021-03-01,R,0
Coronavac,11,2021-03-02,D1,91
Coronavac,11,2021-03-02,D2,3951
Coronavac,11,2021-03-02,DU,0
Coronavac,11,2021-03-02,R,0
Coronavac,11,2021-03-03,D1,115
Coronavac,11,2021-03-03,D2,3397
Coronavac,11,2021-03-03,DU,0
Coronavac,11,2021-03-03,R,0
Coronavac,11,2021-03-04,D1,113
Coronavac,11,2021-03-04,D2,2567
Coronavac,11,2021-03-04,DU,0
Coronavac,11,2021-03-04,R,0
Coronavac,11,2021-03-05,D1,115
Coronavac,11,2021-03-05,D2,2477
Coronavac,11,2021-03-05,DU,0
Coronavac,11,2021-03-05,R,0
Coronavac,11,2021-03-06,D1,76
Coronavac,11,2021-03-06,D2,1795
Coronavac,11,2021-03-06,DU,0
Coronavac,11,2021-03-06,R,0
Coronavac,11,2021-03-07,D1,8
Coronavac,11,2021-03-07,D2,193
Coronavac,11,2021-03-07,DU,0
Coronavac,11,2021-03-07,R,0
Coronavac,11,2021-03-08,D1,121
Coronavac,11,2021-03-08,D2,2051
Coronavac,11,2021-03-08,DU,0
Coronavac,11,2021-03-08,R,0
Coronavac,11,2021-03-09,D1,102
Coronavac,11,2021-03-09,D2,1425
Coronavac,11,2021-03-09,DU,0
Coronavac,11,2021-03-09,R,0
Coronavac,11,2021-03-10,D1,130
Coronavac,11,2021-03-10,D2,905
Coronavac,11,2021-03-10,DU,0
Coronavac,11,2021-03-10,R,0
Coronavac,11,2021-03-11,D1,117
Coronavac,11,2021-03-11,D2,872
Coronavac,11,2021-03-11,DU,0
Coronavac,11,2021-03-11,R,0
Coronavac,11,2021-03-12,D1,85
Coronavac,11,2021-03-12,D2,642
Coronavac,11,2021-03-12,DU,0
Coronavac,11,2021-03-12,R,0
Coronavac,11,2021-03-13,D1,47
Coronavac,11,2021-03-13,D2,136
Coronavac,11,2021-03-13,DU,0
Coronavac,11,2021-03-13,R,0
Coronavac,11,2021-03-14,D1,2
Coronavac,11,2021-03-14,D2,15
Coronavac,11,2021-03-14,DU,0
Coronavac,11,2021-03-14,R,0
Coronavac,11,2021-03-15,D1,67
Coronavac,11,2021-03-15,D2,315
Coronavac,11,2021-03-15,DU,0
Coronavac,11,2021-03-15,R,0
Coronavac,11,2021-03-16,D1,84
Coronavac,11,2021-03-16,D2,289
Coronavac,11,2021-03-16,DU,0
Coronavac,11,2021-03-16,R,0
Coronavac,11,2021-03-17,D1,81
Coronavac,11,2021-03-17,D2,225
Coronavac,11,2021-03-17,DU,0
Coronavac,11,2021-03-17,R,0
Coronavac,11,2021-03-18,D1,68
Coronavac,11,2021-03-18,D2,175
Coronavac,11,2021-03-18,DU,0
Coronavac,11,2021-03-18,R,0
Coronavac,11,2021-03-19,D1,62
Coronavac,11,2021-03-19,D2,168
Coronavac,11,2021-03-19,DU,0
Coronavac,11,2021-03-19,R,0
Coronavac,11,2021-03-20,D1,33
Coronavac,11,2021-03-20,D2,56
Coronavac,11,2021-03-20,DU,0
Coronavac,11,2021-03-20,R,0
Coronavac,11,2021-03-21,D1,2
Coronavac,11,2021-03-21,D2,13
Coronavac,11,2021-03-21,DU,0
Coronavac,11,2021-03-21,R,0
Coronavac,11,2021-03-22,D1,57
Coronavac,11,2021-03-22,D2,92
Coronavac,11,2021-03-22,DU,0
Coronavac,11,2021-03-22,R,0
Coronavac,11,2021-03-23,D1,63
Coronavac,11,2021-03-23,D2,99
Coronavac,11,2021-03-23,DU,0
Coronavac,11,2021-03-23,R,0
Coronavac,11,2021-03-24,D1,57
Coronavac,11,2021-03-24,D2,100
Coronavac,11,2021-03-24,DU,0
Coronavac,11,2021-03-24,R,0
Coronavac,11,2021-03-25,D1,69
Coronavac,11,2021-03-25,D2,91
Coronavac,11,2021-03-25,DU,0
Coronavac,11,2021-03-25,R,0
Coronavac,11,2021-03-26,D1,70
Coronavac,11,2021-03-26,D2,108
Coronavac,11,2021-03-26,DU,0
Coronavac,11,2021-03-26,R,0
Coronavac,11,2021-03-27,D1,17
Coronavac,11,2021-03-27,D2,32
Coronavac,11,2021-03-27,DU,0
Coronavac,11,2021-03-27,R,0
Coronavac,11,2021-03-28,D1,2
Coronavac,11,2021-03-28,D2,3
Coronavac,11,2021-03-28,DU,0
Coronavac,11,2021-03-28,R,0
Coronavac,11,2021-03-29,D1,58
Coronavac,11,2021-03-29,D2,114
Coronavac,11,2021-03-29,DU,0
Coronavac,11,2021-03-29,R,0
Coronavac,11,2021-03-30,D1,41
Coronavac,11,2021-03-30,D2,80
Coronavac,11,2021-03-30,DU,0
Coronavac,11,2021-03-30,R,0
Coronavac,11,2021-03-31,D1,32
Coronavac,11,2021-03-31,D2,118
Coronavac,11,2021-03-31,DU,0
Coronavac,11,2021-03-31,R,0
Coronavac,11,2021-04-01,D1,39
Coronavac,11,2021-04-01,D2,72
Coronavac,11,2021-04-01,DU,0
Coronavac,11,2021-04-01,R,0
Coronavac,11,2021-04-02,D1,5
Coronavac,11,2021-04-02,D2,19
Coronavac,11,2021-04-02,DU,0
Coronavac,11,2021-04-02,R,0
Coronavac,11,2021-04-03,D1,11
Coronavac,11,2021-04-03,D2,25
Coronavac,11,2021-04-03,DU,0
Coronavac,11,2021-04-03,R,0
Coronavac,11,2021-04-04,D1,0
Coronavac,11,2021-04-04,D2,7
Coronavac,11,2021-04-04,DU,0
Coronavac,11,2021-04-04,R,0
Coronavac,11,2021-04-05,D1,28
Coronavac,11,2021-04-05,D2,106
Coronavac,11,2021-04-05,DU,0
Coronavac,11,2021-04-05,R,0
Coronavac,11,2021-04-06,D1,26
Coronavac,11,2021-04-06,D2,82
Coronavac,11,2021-04-06,DU,0
Coronavac,11,2021-04-06,R,0
Coronavac,11,2021-04-07,D1,19
Coronavac,11,2021-04-07,D2,103
Coronavac,11,2021-04-07,DU,0
Coronavac,11,2021-04-07,R,0
Coronavac,11,2021-04-08,D1,19
Coronavac,11,2021-04-08,D2,89
Coronavac,11,2021-04-08,DU,0
Coronavac,11,2021-04-08,R,0
Coronavac,11,2021-04-09,D1,23
Coronavac,11,2021-04-09,D2,72
Coronavac,11,2021-04-09,DU,0
Coronavac,11,2021-04-09,R,0
Coronavac,11,2021-04-10,D1,11
Coronavac,11,2021-04-10,D2,30
Coronavac,11,2021-04-10,DU,0
Coronavac,11,2021-04-10,R,0
Coronavac,11,2021-04-11,D1,0
Coronavac,11,2021-04-11,D2,5
Coronavac,11,2021-04-11,DU,0
Coronavac,11,2021-04-11,R,0
Coronavac,11,2021-04-12,D1,10
Coronavac,11,2021-04-12,D2,61
Coronavac,11,2021-04-12,DU,0
Coronavac,11,2021-04-12,R,0
Coronavac,11,2021-04-13,D1,7
Coronavac,11,2021-04-13,D2,78
Coronavac,11,2021-04-13,DU,0
Coronavac,11,2021-04-13,R,0
Coronavac,11,2021-04-14,D1,7
Coronavac,11,2021-04-14,D2,74
Coronavac,11,2021-04-14,DU,0
Coronavac,11,2021-04-14,R,0
Coronavac,11,2021-04-15,D1,12
Coronavac,11,2021-04-15,D2,62
Coronavac,11,2021-04-15,DU,0
Coronavac,11,2021-04-15,R,0
Coronavac,11,2021-04-16,D1,8
Coronavac,11,2021-04-16,D2,67
Coronavac,11,2021-04-16,DU,0
Coronavac,11,2021-04-16,R,0
Coronavac,11,2021-04-17,D1,3
Coronavac,11,2021-04-17,D2,36
Coronavac,11,2021-04-17,DU,0
Coronavac,11,2021-04-17,R,0
Coronavac,11,2021-04-18,D1,0
Coronavac,11,2021-04-18,D2,2
Coronavac,11,2021-04-18,DU,0
Coronavac,11,2021-04-18,R,0
Coronavac,11,2021-04-19,D1,9
Coronavac,11,2021-04-19,D2,56
Coronavac,11,2021-04-19,DU,0
Coronavac,11,2021-04-19,R,0
Coronavac,11,2021-04-20,D1,7
Coronavac,11,2021-04-20,D2,63
Coronavac,11,2021-04-20,DU,0
Coronavac,11,2021-04-20,R,0
Coronavac,11,2021-04-21,D1,3
Coronavac,11,2021-04-21,D2,11
Coronavac,11,2021-04-21,DU,0
Coronavac,11,2021-04-21,R,0
Coronavac,11,2021-04-22,D1,5
Coronavac,11,2021-04-22,D2,62
Coronavac,11,2021-04-22,DU,0
Coronavac,11,2021-04-22,R,0
Coronavac,11,2021-04-23,D1,5
Coronavac,11,2021-04-23,D2,48
Coronavac,11,2021-04-23,DU,0
Coronavac,11,2021-04-23,R,0
Coronavac,11,2021-04-24,D1,4
Coronavac,11,2021-04-24,D2,16
Coronavac,11,2021-04-24,DU,0
Coronavac,11,2021-04-24,R,0
Coronavac,11,2021-04-26,D1,5
Coronavac,11,2021-04-26,D2,36
Coronavac,11,2021-04-26,DU,0
Coronavac,11,2021-04-26,R,0
Coronavac,11,2021-04-27,D1,3
Coronavac,11,2021-04-27,D2,29
Coronavac,11,2021-04-27,DU,0
Coronavac,11,2021-04-27,R,0
Coronavac,11,2021-04-28,D1,2
Coronavac,11,2021-04-28,D2,33
Coronavac,11,2021-04-28,DU,0
Coronavac,11,2021-04-28,R,0
Coronavac,11,2021-04-29,D1,8
Coronavac,11,2021-04-29,D2,22
Coronavac,11,2021-04-29,DU,0
Coronavac,11,2021-04-29,R,0
Coronavac,11,2021-04-30,D1,7
Coronavac,11,2021-04-30,D2,25
Coronavac,11,2021-04-30,DU,0
Coronavac,11,2021-04-30,R,0
Coronavac,11,2021-05-01,D1,0
Coronavac,11,2021-05-01,D2,2
Coronavac,11,2021-05-01,DU,0
Coronavac,11,2021-05-01,R,0
Coronavac,11,2021-05-02,D1,0
Coronavac,11,2021-05-02,D2,1
Coronavac,11,2021-05-02,DU,0
Coronavac,11,2021-05-02,R,0
Coronavac,11,2021-05-03,D1,6
Coronavac,11,2021-05-03,D2,18
Coronavac,11,2021-05-03,DU,0
Coronavac,11,2021-05-03,R,0
Coronavac,11,2021-05-04,D1,2
Coronavac,11,2021-05-04,D2,18
Coronavac,11,2021-05-04,DU,0
Coronavac,11,2021-05-04,R,0
Coronavac,11,2021-05-05,D1,1
Coronavac,11,2021-05-05,D2,16
Coronavac,11,2021-05-05,DU,0
Coronavac,11,2021-05-05,R,0
Coronavac,11,2021-05-06,D1,1
Coronavac,11,2021-05-06,D2,8
Coronavac,11,2021-05-06,DU,0
Coronavac,11,2021-05-06,R,0
Coronavac,11,2021-05-07,D1,0
Coronavac,11,2021-05-07,D2,18
Coronavac,11,2021-05-07,DU,0
Coronavac,11,2021-05-07,R,0
Coronavac,11,2021-05-08,D1,2
Coronavac,11,2021-05-08,D2,7
Coronavac,11,2021-05-08,DU,0
Coronavac,11,2021-05-08,R,0
Coronavac,11,2021-05-09,D1,0
Coronavac,11,2021-05-09,D2,1
Coronavac,11,2021-05-09,DU,0
Coronavac,11,2021-05-09,R,0
Coronavac,11,2021-05-10,D1,1
Coronavac,11,2021-05-10,D2,15
Coronavac,11,2021-05-10,DU,0
Coronavac,11,2021-05-10,R,0
Coronavac,11,2021-05-11,D1,1
Coronavac,11,2021-05-11,D2,8
Coronavac,11,2021-05-11,DU,0
Coronavac,11,2021-05-11,R,0
Coronavac,11,2021-05-12,D1,0
Coronavac,11,2021-05-12,D2,6
Coronavac,11,2021-05-12,DU,0
Coronavac,11,2021-05-12,R,0
Coronavac,11,2021-05-13,D1,0
Coronavac,11,2021-05-13,D2,5
Coronavac,11,2021-05-13,DU,0
Coronavac,11,2021-05-13,R,0
Coronavac,11,2021-05-14,D1,1
Coronavac,11,2021-05-14,D2,8
Coronavac,11,2021-05-14,DU,0
Coronavac,11,2021-05-14,R,0
Coronavac,11,2021-05-15,D1,0
Coronavac,11,2021-05-15,D2,3
Coronavac,11,2021-05-15,DU,0
Coronavac,11,2021-05-15,R,0
Coronavac,11,2021-05-17,D1,0
Coronavac,11,2021-05-17,D2,7
Coronavac,11,2021-05-17,DU,0
Coronavac,11,2021-05-17,R,0
Coronavac,11,2021-05-18,D1,1
Coronavac,11,2021-05-18,D2,13
Coronavac,11,2021-05-18,DU,0
Coronavac,11,2021-05-18,R,0
Coronavac,11,2021-05-19,D1,1
Coronavac,11,2021-05-19,D2,3
Coronavac,11,2021-05-19,DU,0
Coronavac,11,2021-05-19,R,0
Coronavac,11,2021-05-20,D1,1
Coronavac,11,2021-05-20,D2,5
Coronavac,11,2021-05-20,DU,0
Coronavac,11,2021-05-20,R,0
Coronavac,11,2021-05-21,D1,1
Coronavac,11,2021-05-21,D2,13
Coronavac,11,2021-05-21,DU,0
Coronavac,11,2021-05-21,R,0
Coronavac,11,2021-05-22,D1,0
Coronavac,11,2021-05-22,D2,5
Coronavac,11,2021-05-22,DU,0
Coronavac,11,2021-05-22,R,0
Coronavac,11,2021-05-24,D1,0
Coronavac,11,2021-05-24,D2,7
Coronavac,11,2021-05-24,DU,0
Coronavac,11,2021-05-24,R,0
Coronavac,11,2021-05-25,D1,0
Coronavac,11,2021-05-25,D2,5
Coronavac,11,2021-05-25,DU,0
Coronavac,11,2021-05-25,R,0
Coronavac,11,2021-05-26,D1,2
Coronavac,11,2021-05-26,D2,7
Coronavac,11,2021-05-26,DU,0
Coronavac,11,2021-05-26,R,0
Coronavac,11,2021-05-27,D1,1
Coronavac,11,2021-05-27,D2,5
Coronavac,11,2021-05-27,DU,0
Coronavac,11,2021-05-27,R,0
Coronavac,11,2021-05-28,D1,4
Coronavac,11,2021-05-28,D2,8
Coronavac,11,2021-05-28,DU,0
Coronavac,11,2021-05-28,R,0
Coronavac,11,2021-05-29,D1,1
Coronavac,11,2021-05-29,D2,4
Coronavac,11,2021-05-29,DU,0
Coronavac,11,2021-05-29,R,0
Coronavac,11,2021-05-31,D1,1
Coronavac,11,2021-05-31,D2,4
Coronavac,11,2021-05-31,DU,0
Coronavac,11,2021-05-31,R,0
Coronavac,11,2021-06-01,D1,0
Coronavac,11,2021-06-01,D2,3
Coronavac,11,2021-06-01,DU,0
Coronavac,11,2021-06-01,R,0
Coronavac,11,2021-06-02,D1,1
Coronavac,11,2021-06-02,D2,4
Coronavac,11,2021-06-02,DU,0
Coronavac,11,2021-06-02,R,0
Coronavac,11,2021-06-03,D1,0
Coronavac,11,2021-06-03,D2,8
Coronavac,11,2021-06-03,DU,0
Coronavac,11,2021-06-03,R,0
Coronavac,11,2021-06-04,D1,0
Coronavac,11,2021-06-04,D2,2
Coronavac,11,2021-06-04,DU,0
Coronavac,11,2021-06-04,R,0
Coronavac,11,2021-06-05,D1,3
Coronavac,11,2021-06-05,D2,6
Coronavac,11,2021-06-05,DU,0
Coronavac,11,2021-06-05,R,0
Coronavac,11,2021-06-06,D1,0
Coronavac,11,2021-06-06,D2,1
Coronavac,11,2021-06-06,DU,0
Coronavac,11,2021-06-06,R,1
Coronavac,11,2021-06-07,D1,0
Coronavac,11,2021-06-07,D2,5
Coronavac,11,2021-06-07,DU,0
Coronavac,11,2021-06-07,R,0
Coronavac,11,2021-06-08,D1,2
Coronavac,11,2021-06-08,D2,3
Coronavac,11,2021-06-08,DU,0
Coronavac,11,2021-06-08,R,0
Coronavac,11,2021-06-09,D1,2
Coronavac,11,2021-06-09,D2,2
Coronavac,11,2021-06-09,DU,0
Coronavac,11,2021-06-09,R,0
Coronavac,11,2021-06-10,D1,1
Coronavac,11,2021-06-10,D2,2
Coronavac,11,2021-06-10,DU,0
Coronavac,11,2021-06-10,R,0
Coronavac,11,2021-06-11,D1,2
Coronavac,11,2021-06-11,D2,1
Coronavac,11,2021-06-11,DU,0
Coronavac,11,2021-06-11,R,0
Coronavac,11,2021-06-14,D1,0
Coronavac,11,2021-06-14,D2,3
Coronavac,11,2021-06-14,DU,0
Coronavac,11,2021-06-14,R,0
Coronavac,11,2021-06-15,D1,1
Coronavac,11,2021-06-15,D2,5
Coronavac,11,2021-06-15,DU,0
Coronavac,11,2021-06-15,R,0
Coronavac,11,2021-06-16,D1,2
Coronavac,11,2021-06-16,D2,3
Coronavac,11,2021-06-16,DU,0
Coronavac,11,2021-06-16,R,0
Coronavac,11,2021-06-17,D1,1
Coronavac,11,2021-06-17,D2,3
Coronavac,11,2021-06-17,DU,0
Coronavac,11,2021-06-17,R,0
Coronavac,11,2021-06-18,D1,5
Coronavac,11,2021-06-18,D2,5
Coronavac,11,2021-06-18,DU,0
Coronavac,11,2021-06-18,R,0
Coronavac,11,2021-06-19,D1,2
Coronavac,11,2021-06-19,D2,0
Coronavac,11,2021-06-19,DU,0
Coronavac,11,2021-06-19,R,0
Coronavac,11,2021-06-21,D1,0
Coronavac,11,2021-06-21,D2,2
Coronavac,11,2021-06-21,DU,0
Coronavac,11,2021-06-21,R,0
Coronavac,11,2021-06-22,D1,1
Coronavac,11,2021-06-22,D2,1
Coronavac,11,2021-06-22,DU,0
Coronavac,11,2021-06-22,R,0
Coronavac,11,2021-06-23,D1,4
Coronavac,11,2021-06-23,D2,4
Coronavac,11,2021-06-23,DU,0
Coronavac,11,2021-06-23,R,0
Coronavac,11,2021-06-24,D1,1
Coronavac,11,2021-06-24,D2,1
Coronavac,11,2021-06-24,DU,0
Coronavac,11,2021-06-24,R,0
Coronavac,11,2021-06-25,D1,4
Coronavac,11,2021-06-25,D2,1
Coronavac,11,2021-06-25,DU,0
Coronavac,11,2021-06-25,R,0
Coronavac,11,2021-06-26,D1,1
Coronavac,11,2021-06-26,D2,2
Coronavac,11,2021-06-26,DU,0
Coronavac,11,2021-06-26,R,0
Coronavac,11,2021-06-28,D1,1
Coronavac,11,2021-06-28,D2,2
Coronavac,11,2021-06-28,DU,0
Coronavac,11,2021-06-28,R,0
Coronavac,11,2021-06-29,D1,1
Coronavac,11,2021-06-29,D2,1
Coronavac,11,2021-06-29,DU,0
Coronavac,11,2021-06-29,R,0
Coronavac,11,2021-06-30,D1,2
Coronavac,11,2021-06-30,D2,0
Coronavac,11,2021-06-30,DU,0
Coronavac,11,2021-06-30,R,0
Coronavac,11,2021-07-01,D1,0
Coronavac,11,2021-07-01,D2,2
Coronavac,11,2021-07-01,DU,0
Coronavac,11,2021-07-01,R,0
Coronavac,11,2021-07-02,D1,0
Coronavac,11,2021-07-02,D2,2
Coronavac,11,2021-07-02,DU,0
Coronavac,11,2021-07-02,R,0
Coronavac,11,2021-07-03,D1,0
Coronavac,11,2021-07-03,D2,1
Coronavac,11,2021-07-03,DU,0
Coronavac,11,2021-07-03,R,0
Coronavac,11,2021-07-05,D1,1
Coronavac,11,2021-07-05,D2,0
Coronavac,11,2021-07-05,DU,0
Coronavac,11,2021-07-05,R,0
Coronavac,11,2021-07-06,D1,0
Coronavac,11,2021-07-06,D2,1
Coronavac,11,2021-07-06,DU,0
Coronavac,11,2021-07-06,R,0
Coronavac,11,2021-07-07,D1,1
Coronavac,11,2021-07-07,D2,1
Coronavac,11,2021-07-07,DU,0
Coronavac,11,2021-07-07,R,0
Coronavac,11,2021-07-08,D1,1
Coronavac,11,2021-07-08,D2,1
Coronavac,11,2021-07-08,DU,0
Coronavac,11,2021-07-08,R,0
Coronavac,11,2021-07-09,D1,0
Coronavac,11,2021-07-09,D2,1
Coronavac,11,2021-07-09,DU,0
Coronavac,11,2021-07-09,R,0
Coronavac,11,2021-07-10,D1,1
Coronavac,11,2021-07-10,D2,1
Coronavac,11,2021-07-10,DU,0
Coronavac,11,2021-07-10,R,0
Coronavac,11,2021-07-13,D1,1
Coronavac,11,2021-07-13,D2,1
Coronavac,11,2021-07-13,DU,0
Coronavac,11,2021-07-13,R,0
Coronavac,11,2021-07-14,D1,1
Coronavac,11,2021-07-14,D2,1
Coronavac,11,2021-07-14,DU,0
Coronavac,11,2021-07-14,R,0
Coronavac,11,2021-07-15,D1,0
Coronavac,11,2021-07-15,D2,3
Coronavac,11,2021-07-15,DU,0
Coronavac,11,2021-07-15,R,0
Coronavac,11,2021-07-16,D1,2
Coronavac,11,2021-07-16,D2,3
Coronavac,11,2021-07-16,DU,0
Coronavac,11,2021-07-16,R,0
Coronavac,11,2021-07-17,D1,2
Coronavac,11,2021-07-17,D2,1
Coronavac,11,2021-07-17,DU,0
Coronavac,11,2021-07-17,R,0
Coronavac,11,2021-07-19,D1,4
Coronavac,11,2021-07-19,D2,3
Coronavac,11,2021-07-19,DU,0
Coronavac,11,2021-07-19,R,0
Coronavac,11,2021-07-20,D1,5
Coronavac,11,2021-07-20,D2,1
Coronavac,11,2021-07-20,DU,0
Coronavac,11,2021-07-20,R,0
Coronavac,11,2021-07-21,D1,3
Coronavac,11,2021-07-21,D2,4
Coronavac,11,2021-07-21,DU,0
Coronavac,11,2021-07-21,R,0
Coronavac,11,2021-07-22,D1,2
Coronavac,11,2021-07-22,D2,2
Coronavac,11,2021-07-22,DU,0
Coronavac,11,2021-07-22,R,0
Coronavac,11,2021-07-23,D1,2
Coronavac,11,2021-07-23,D2,2
Coronavac,11,2021-07-23,DU,0
Coronavac,11,2021-07-23,R,0
Coronavac,11,2021-07-26,D1,2
Coronavac,11,2021-07-26,D2,2
Coronavac,11,2021-07-26,DU,0
Coronavac,11,2021-07-26,R,0
Coronavac,11,2021-07-27,D1,4
Coronavac,11,2021-07-27,D2,4
Coronavac,11,2021-07-27,DU,0
Coronavac,11,2021-07-27,R,0
Coronavac,11,2021-07-28,D1,3
Coronavac,11,2021-07-28,D2,1
Coronavac,11,2021-07-28,DU,0
Coronavac,11,2021-07-28,R,0
Coronavac,11,2021-07-29,D1,1
Coronavac,11,2021-07-29,D2,1
Coronavac,11,2021-07-29,DU,0
Coronavac,11,2021-07-29,R,0
Coronavac,11,2021-07-30,D1,2
Coronavac,11,2021-07-30,D2,1
Coronavac,11,2021-07-30,DU,0
Coronavac,11,2021-07-30,R,0
Coronavac,11,2021-07-31,D1,2
Coronavac,11,2021-07-31,D2,1
Coronavac,11,2021-07-31,DU,0
Coronavac,11,2021-07-31,R,0
Coronavac,11,2021-08-02,D1,0
Coronavac,11,2021-08-02,D2,1
Coronavac,11,2021-08-02,DU,0
Coronavac,11,2021-08-02,R,0
Coronavac,11,2021-08-03,D1,5
Coronavac,11,2021-08-03,D2,1
Coronavac,11,2021-08-03,DU,0
Coronavac,11,2021-08-03,R,0
Coronavac,11,2021-08-04,D1,4
Coronavac,11,2021-08-04,D2,0
Coronavac,11,2021-08-04,DU,0
Coronavac,11,2021-08-04,R,0
Coronavac,11,2021-08-05,D1,1
Coronavac,11,2021-08-05,D2,0
Coronavac,11,2021-08-05,DU,0
Coronavac,11,2021-08-05,R,0
Coronavac,11,2021-08-06,D1,1
Coronavac,11,2021-08-06,D2,0
Coronavac,11,2021-08-06,DU,0
Coronavac,11,2021-08-06,R,0
Coronavac,11,2021-08-07,D1,2
Coronavac,11,2021-08-07,D2,3
Coronavac,11,2021-08-07,DU,0
Coronavac,11,2021-08-07,R,0
Coronavac,11,2021-08-10,D1,1
Coronavac,11,2021-08-10,D2,1
Coronavac,11,2021-08-10,DU,0
Coronavac,11,2021-08-10,R,0
Coronavac,11,2021-08-11,D1,3
Coronavac,11,2021-08-11,D2,2
Coronavac,11,2021-08-11,DU,0
Coronavac,11,2021-08-11,R,0
Coronavac,11,2021-08-12,D1,3
Coronavac,11,2021-08-12,D2,0
Coronavac,11,2021-08-12,DU,0
Coronavac,11,2021-08-12,R,0
Coronavac,11,2021-08-13,D1,3
Coronavac,11,2021-08-13,D2,2
Coronavac,11,2021-08-13,DU,0
Coronavac,11,2021-08-13,R,0
Coronavac,11,2021-08-14,D1,0
Coronavac,11,2021-08-14,D2,2
Coronavac,11,2021-08-14,DU,0
Coronavac,11,2021-08-14,R,0
Coronavac,11,2021-08-16,D1,1
Coronavac,11,2021-08-16,D2,3
Coronavac,11,2021-08-16,DU,0
Coronavac,11,2021-08-16,R,0
Coronavac,11,2021-08-17,D1,0
Coronavac,11,2021-08-17,D2,4
Coronavac,11,2021-08-17,DU,0
Coronavac,11,2021-08-17,R,0
Coronavac,11,2021-08-18,D1,1
Coronavac,11,2021-08-18,D2,4
Coronavac,11,2021-08-18,DU,0
Coronavac,11,2021-08-18,R,0
Coronavac,11,2021-08-19,D1,2
Coronavac,11,2021-08-19,D2,3
Coronavac,11,2021-08-19,DU,0
Coronavac,11,2021-08-19,R,0
Coronavac,11,2021-08-20,D1,0
Coronavac,11,2021-08-20,D2,2
Coronavac,11,2021-08-20,DU,0
Coronavac,11,2021-08-20,R,0
Coronavac,11,2021-08-21,D1,2
Coronavac,11,2021-08-21,D2,1
Coronavac,11,2021-08-21,DU,0
Coronavac,11,2021-08-21,R,0
Coronavac,11,2021-08-23,D1,4
Coronavac,11,2021-08-23,D2,3
Coronavac,11,2021-08-23,DU,0
Coronavac,11,2021-08-23,R,0
Coronavac,11,2021-08-24,D1,0
Coronavac,11,2021-08-24,D2,2
Coronavac,11,2021-08-24,DU,0
Coronavac,11,2021-08-24,R,0
Coronavac,11,2021-08-25,D1,0
Coronavac,11,2021-08-25,D2,1
Coronavac,11,2021-08-25,DU,0
Coronavac,11,2021-08-25,R,0
Coronavac,11,2021-08-27,D1,0
Coronavac,11,2021-08-27,D2,1
Coronavac,11,2021-08-27,DU,0
Coronavac,11,2021-08-27,R,0
Coronavac,11,2021-08-28,D1,0
Coronavac,11,2021-08-28,D2,4
Coronavac,11,2021-08-28,DU,0
Coronavac,11,2021-08-28,R,0
Coronavac,11,2021-08-29,D1,0
Coronavac,11,2021-08-29,D2,1
Coronavac,11,2021-08-29,DU,0
Coronavac,11,2021-08-29,R,0
Coronavac,11,2021-08-30,D1,0
Coronavac,11,2021-08-30,D2,1
Coronavac,11,2021-08-30,DU,0
Coronavac,11,2021-08-30,R,0
Coronavac,11,2021-08-31,D1,1
Coronavac,11,2021-08-31,D2,3
Coronavac,11,2021-08-31,DU,0
Coronavac,11,2021-08-31,R,0
Coronavac,11,2021-09-01,D1,1
Coronavac,11,2021-09-01,D2,4
Coronavac,11,2021-09-01,DU,0
Coronavac,11,2021-09-01,R,0
Coronavac,11,2021-09-02,D1,1
Coronavac,11,2021-09-02,D2,1
Coronavac,11,2021-09-02,DU,0
Coronavac,11,2021-09-02,R,0
Coronavac,11,2021-09-03,D1,1
Coronavac,11,2021-09-03,D2,1
Coronavac,11,2021-09-03,DU,0
Coronavac,11,2021-09-03,R,2
Coronavac,11,2021-09-04,D1,0
Coronavac,11,2021-09-04,D2,0
Coronavac,11,2021-09-04,DU,0
Coronavac,11,2021-09-04,R,194
Coronavac,11,2021-09-05,D1,0
Coronavac,11,2021-09-05,D2,0
Coronavac,11,2021-09-05,DU,0
Coronavac,11,2021-09-05,R,112
Coronavac,11,2021-09-06,D1,2
Coronavac,11,2021-09-06,D2,15
Coronavac,11,2021-09-06,DU,0
Coronavac,11,2021-09-06,R,1910
Coronavac,11,2021-09-07,D1,0
Coronavac,11,2021-09-07,D2,35
Coronavac,11,2021-09-07,DU,0
Coronavac,11,2021-09-07,R,251
Coronavac,11,2021-09-08,D1,3
Coronavac,11,2021-09-08,D2,14
Coronavac,11,2021-09-08,DU,0
Coronavac,11,2021-09-08,R,1212
Coronavac,11,2021-09-09,D1,2
Coronavac,11,2021-09-09,D2,9
Coronavac,11,2021-09-09,DU,0
Coronavac,11,2021-09-09,R,1393
Coronavac,11,2021-09-10,D1,1
Coronavac,11,2021-09-10,D2,13
Coronavac,11,2021-09-10,DU,0
Coronavac,11,2021-09-10,R,1619
Coronavac,11,2021-09-11,D1,0
Coronavac,11,2021-09-11,D2,4
Coronavac,11,2021-09-11,DU,0
Coronavac,11,2021-09-11,R,759
Coronavac,11,2021-09-12,D1,0
Coronavac,11,2021-09-12,D2,0
Coronavac,11,2021-09-12,DU,0
Coronavac,11,2021-09-12,R,26
Coronavac,11,2021-09-13,D1,7
Coronavac,11,2021-09-13,D2,9
Coronavac,11,2021-09-13,DU,0
Coronavac,11,2021-09-13,R,1042
Coronavac,11,2021-09-14,D1,3
Coronavac,11,2021-09-14,D2,6
Coronavac,11,2021-09-14,DU,0
Coronavac,11,2021-09-14,R,1102
Coronavac,11,2021-09-15,D1,1
Coronavac,11,2021-09-15,D2,7
Coronavac,11,2021-09-15,DU,0
Coronavac,11,2021-09-15,R,839
Coronavac,11,2021-09-16,D1,3
Coronavac,11,2021-09-16,D2,3
Coronavac,11,2021-09-16,DU,0
Coronavac,11,2021-09-16,R,678
Coronavac,11,2021-09-17,D1,1
Coronavac,11,2021-09-17,D2,13
Coronavac,11,2021-09-17,DU,0
Coronavac,11,2021-09-17,R,713
Coronavac,11,2021-09-18,D1,0
Coronavac,11,2021-09-18,D2,4
Coronavac,11,2021-09-18,DU,0
Coronavac,11,2021-09-18,R,246
Coronavac,11,2021-09-19,D1,0
Coronavac,11,2021-09-19,D2,0
Coronavac,11,2021-09-19,DU,0
Coronavac,11,2021-09-19,R,9
Coronavac,11,2021-09-20,D1,2
Coronavac,11,2021-09-20,D2,4
Coronavac,11,2021-09-20,DU,0
Coronavac,11,2021-09-20,R,472
Coronavac,11,2021-09-21,D1,0
Coronavac,11,2021-09-21,D2,2
Coronavac,11,2021-09-21,DU,0
Coronavac,11,2021-09-21,R,688
Coronavac,11,2021-09-22,D1,2
Coronavac,11,2021-09-22,D2,2
Coronavac,11,2021-09-22,DU,0
Coronavac,11,2021-09-22,R,458
Coronavac,11,2021-09-23,D1,3
Coronavac,11,2021-09-23,D2,2
Coronavac,11,2021-09-23,DU,3
Coronavac,11,2021-09-23,R,355
Coronavac,11,2021-09-24,D1,2
Coronavac,11,2021-09-24,D2,3
Coronavac,11,2021-09-24,DU,0
Coronavac,11,2021-09-24,R,321
Coronavac,11,2021-09-25,D1,0
Coronavac,11,2021-09-25,D2,0
Coronavac,11,2021-09-25,DU,0
Coronavac,11,2021-09-25,R,92
Coronavac,11,2021-09-26,D1,0
Coronavac,11,2021-09-26,D2,0
Coronavac,11,2021-09-26,DU,0
Coronavac,11,2021-09-26,R,6
Coronavac,11,2021-09-27,D1,4
Coronavac,11,2021-09-27,D2,1
Coronavac,11,2021-09-27,DU,2
Coronavac,11,2021-09-27,R,263
Coronavac,11,2021-09-28,D1,0
Coronavac,11,2021-09-28,D2,3
Coronavac,11,2021-09-28,DU,0
Coronavac,11,2021-09-28,R,191
Coronavac,11,2021-09-29,D1,0
Coronavac,11,2021-09-29,D2,3
Coronavac,11,2021-09-29,DU,0
Coronavac,11,2021-09-29,R,214
Coronavac,11,2021-09-30,D1,2
Coronavac,11,2021-09-30,D2,1
Coronavac,11,2021-09-30,DU,0
Coronavac,11,2021-09-30,R,153
Coronavac,11,2021-10-01,D1,1
Coronavac,11,2021-10-01,D2,3
Coronavac,11,2021-10-01,DU,0
Coronavac,11,2021-10-01,R,140
Coronavac,11,2021-10-02,D1,4
Coronavac,11,2021-10-02,D2,2
Coronavac,11,2021-10-02,DU,0
Coronavac,11,2021-10-02,R,113
Coronavac,11,2021-10-03,D1,0
Coronavac,11,2021-10-03,D2,0
Coronavac,11,2021-10-03,DU,0
Coronavac,11,2021-10-03,R,1
Coronavac,11,2021-10-04,D1,2
Coronavac,11,2021-10-04,D2,1
Coronavac,11,2021-10-04,DU,0
Coronavac,11,2021-10-04,R,91
Coronavac,11,2021-10-05,D1,1
Coronavac,11,2021-10-05,D2,0
Coronavac,11,2021-10-05,DU,0
Coronavac,11,2021-10-05,R,130
Coronavac,11,2021-10-06,D1,2
Coronavac,11,2021-10-06,D2,3
Coronavac,11,2021-10-06,DU,0
Coronavac,11,2021-10-06,R,131
Coronavac,11,2021-10-07,D1,0
Coronavac,11,2021-10-07,D2,1
Coronavac,11,2021-10-07,DU,0
Coronavac,11,2021-10-07,R,107
Coronavac,11,2021-10-08,D1,0
Coronavac,11,2021-10-08,D2,0
Coronavac,11,2021-10-08,DU,0
Coronavac,11,2021-10-08,R,103
Coronavac,11,2021-10-09,D1,0
Coronavac,11,2021-10-09,D2,1
Coronavac,11,2021-10-09,DU,0
Coronavac,11,2021-10-09,R,27
Coronavac,11,2021-10-10,D1,0
Coronavac,11,2021-10-10,D2,0
Coronavac,11,2021-10-10,DU,0
Coronavac,11,2021-10-10,R,3
Coronavac,11,2021-10-11,D1,0
Coronavac,11,2021-10-11,D2,0
Coronavac,11,2021-10-11,DU,0
Coronavac,11,2021-10-11,R,13
Coronavac,11,2021-10-13,D1,0
Coronavac,11,2021-10-13,D2,6
Coronavac,11,2021-10-13,DU,0
Coronavac,11,2021-10-13,R,54
Coronavac,11,2021-10-14,D1,0
Coronavac,11,2021-10-14,D2,3
Coronavac,11,2021-10-14,DU,0
Coronavac,11,2021-10-14,R,68
Coronavac,11,2021-10-15,D1,0
Coronavac,11,2021-10-15,D2,2
Coronavac,11,2021-10-15,DU,0
Coronavac,11,2021-10-15,R,78
Coronavac,11,2021-10-16,D1,0
Coronavac,11,2021-10-16,D2,0
Coronavac,11,2021-10-16,DU,0
Coronavac,11,2021-10-16,R,40
Coronavac,11,2021-10-18,D1,0
Coronavac,11,2021-10-18,D2,2
Coronavac,11,2021-10-18,DU,0
Coronavac,11,2021-10-18,R,36
Coronavac,11,2021-10-19,D1,1
Coronavac,11,2021-10-19,D2,2
Coronavac,11,2021-10-19,DU,0
Coronavac,11,2021-10-19,R,59
Coronavac,11,2021-10-20,D1,1
Coronavac,11,2021-10-20,D2,4
Coronavac,11,2021-10-20,DU,0
Coronavac,11,2021-10-20,R,47
Coronavac,11,2021-10-21,D1,0
Coronavac,11,2021-10-21,D2,3
Coronavac,11,2021-10-21,DU,0
Coronavac,11,2021-10-21,R,45
Coronavac,11,2021-10-22,D1,0
Coronavac,11,2021-10-22,D2,2
Coronavac,11,2021-10-22,DU,0
Coronavac,11,2021-10-22,R,41
Coronavac,11,2021-10-23,D1,0
Coronavac,11,2021-10-23,D2,0
Coronavac,11,2021-10-23,DU,0
Coronavac,11,2021-10-23,R,29
Coronavac,11,2021-10-25,D1,1
Coronavac,11,2021-10-25,D2,4
Coronavac,11,2021-10-25,DU,0
Coronavac,11,2021-10-25,R,33
Coronavac,11,2021-10-26,D1,0
Coronavac,11,2021-10-26,D2,2
Coronavac,11,2021-10-26,DU,0
Coronavac,11,2021-10-26,R,40
Coronavac,11,2021-10-27,D1,2
Coronavac,11,2021-10-27,D2,1
Coronavac,11,2021-10-27,DU,0
Coronavac,11,2021-10-27,R,37
Coronavac,11,2021-10-28,D1,3
Coronavac,11,2021-10-28,D2,1
Coronavac,11,2021-10-28,DU,0
Coronavac,11,2021-10-28,R,21
Coronavac,11,2021-10-29,D1,0
Coronavac,11,2021-10-29,D2,0
Coronavac,11,2021-10-29,DU,0
Coronavac,11,2021-10-29,R,15
Coronavac,11,2021-10-30,D1,0
Coronavac,11,2021-10-30,D2,0
Coronavac,11,2021-10-30,DU,0
Coronavac,11,2021-10-30,R,4
Coronavac,11,2021-11-02,D1,1
Coronavac,11,2021-11-02,D2,0
Coronavac,11,2021-11-02,DU,0
Coronavac,11,2021-11-02,R,0
Coronavac,11,2021-11-03,D1,0
Coronavac,11,2021-11-03,D2,1
Coronavac,11,2021-11-03,DU,0
Coronavac,11,2021-11-03,R,30
Coronavac,11,2021-11-04,D1,0
Coronavac,11,2021-11-04,D2,3
Coronavac,11,2021-11-04,DU,0
Coronavac,11,2021-11-04,R,33
Coronavac,11,2021-11-05,D1,0
Coronavac,11,2021-11-05,D2,2
Coronavac,11,2021-11-05,DU,0
Coronavac,11,2021-11-05,R,25
Coronavac,11,2021-11-06,D1,1
Coronavac,11,2021-11-06,D2,0
Coronavac,11,2021-11-06,DU,0
Coronavac,11,2021-11-06,R,11
Coronavac,11,2021-11-08,D1,1
Coronavac,11,2021-11-08,D2,1
Coronavac,11,2021-11-08,DU,0
Coronavac,11,2021-11-08,R,17
Coronavac,11,2021-11-09,D1,2
Coronavac,11,2021-11-09,D2,0
Coronavac,11,2021-11-09,DU,0
Coronavac,11,2021-11-09,R,29
Coronavac,11,2021-11-10,D1,0
Coronavac,11,2021-11-10,D2,0
Coronavac,11,2021-11-10,DU,0
Coronavac,11,2021-11-10,R,31
Coronavac,11,2021-11-11,D1,0
Coronavac,11,2021-11-11,D2,2
Coronavac,11,2021-11-11,DU,0
Coronavac,11,2021-11-11,R,32
Coronavac,11,2021-11-12,D1,0
Coronavac,11,2021-11-12,D2,1
Coronavac,11,2021-11-12,DU,0
Coronavac,11,2021-11-12,R,26
Coronavac,11,2021-11-13,D1,0
Coronavac,11,2021-11-13,D2,0
Coronavac,11,2021-11-13,DU,0
Coronavac,11,2021-11-13,R,7
Coronavac,11,2021-11-15,D1,0
Coronavac,11,2021-11-15,D2,0
Coronavac,11,2021-11-15,DU,0
Coronavac,11,2021-11-15,R,1
Coronavac,11,2021-11-16,D1,0
Coronavac,11,2021-11-16,D2,1
Coronavac,11,2021-11-16,DU,0
Coronavac,11,2021-11-16,R,11
Coronavac,11,2021-11-17,D1,0
Coronavac,11,2021-11-17,D2,1
Coronavac,11,2021-11-17,DU,0
Coronavac,11,2021-11-17,R,21
Coronavac,11,2021-11-18,D1,0
Coronavac,11,2021-11-18,D2,0
Coronavac,11,2021-11-18,DU,0
Coronavac,11,2021-11-18,R,12
Coronavac,11,2021-11-20,D1,0
Coronavac,11,2021-11-20,D2,0
Coronavac,11,2021-11-20,DU,0
Coronavac,11,2021-11-20,R,11
Coronavac,11,2021-11-21,D1,0
Coronavac,11,2021-11-21,D2,0
Coronavac,11,2021-11-21,DU,0
Coronavac,11,2021-11-21,R,1
Coronavac,11,2021-11-23,D1,0
Coronavac,11,2021-11-23,D2,1
Coronavac,11,2021-11-23,DU,0
Coronavac,11,2021-11-23,R,2
Coronavac,11,2021-11-24,D1,0
Coronavac,11,2021-11-24,D2,0
Coronavac,11,2021-11-24,DU,0
Coronavac,11,2021-11-24,R,1
Coronavac,11,2021-11-26,D1,0
Coronavac,11,2021-11-26,D2,1
Coronavac,11,2021-11-26,DU,0
Coronavac,11,2021-11-26,R,0
Coronavac,11,2021-12-04,D1,0
Coronavac,11,2021-12-04,D2,0
Coronavac,11,2021-12-04,DU,0
Coronavac,11,2021-12-04,R,4
Coronavac,11,2021-12-07,D1,0
Coronavac,11,2021-12-07,D2,0
Coronavac,11,2021-12-07,DU,0
Coronavac,11,2021-12-07,R,16
Coronavac,11,2021-12-09,D1,0
Coronavac,11,2021-12-09,D2,0
Coronavac,11,2021-12-09,DU,0
Coronavac,11,2021-12-09,R,1
Coronavac,11,2021-12-14,D1,0
Coronavac,11,2021-12-14,D2,0
Coronavac,11,2021-12-14,DU,0
Coronavac,11,2021-12-14,R,7
Coronavac,11,2021-12-15,D1,0
Coronavac,11,2021-12-15,D2,0
Coronavac,11,2021-12-15,DU,0
Coronavac,11,2021-12-15,R,1
Coronavac,11,2021-12-17,D1,0
Coronavac,11,2021-12-17,D2,1
Coronavac,11,2021-12-17,DU,0
Coronavac,11,2021-12-17,R,6
Coronavac,11,2021-12-19,D1,0
Coronavac,11,2021-12-19,D2,0
Coronavac,11,2021-12-19,DU,0
Coronavac,11,2021-12-19,R,1
Coronavac,11,2021-12-20,D1,0
Coronavac,11,2021-12-20,D2,0
Coronavac,11,2021-12-20,DU,0
Coronavac,11,2021-12-20,R,1
Coronavac,11,2021-12-23,D1,0
Coronavac,11,2021-12-23,D2,0
Coronavac,11,2021-12-23,DU,0
Coronavac,11,2021-12-23,R,1
Coronavac,11,2021-12-27,D1,0
Coronavac,11,2021-12-27,D2,0
Coronavac,11,2021-12-27,DU,0
Coronavac,11,2021-12-27,R,2
Coronavac,11,2021-12-28,D1,0
Coronavac,11,2021-12-28,D2,1
Coronavac,11,2021-12-28,DU,0
Coronavac,11,2021-12-28,R,5
Coronavac,11,2022-01-04,D1,2
Coronavac,11,2022-01-04,D2,0
Coronavac,11,2022-01-04,DU,0
Coronavac,11,2022-01-04,R,3
Coronavac,11,2022-01-10,D1,0
Coronavac,11,2022-01-10,D2,0
Coronavac,11,2022-01-10,DU,0
Coronavac,11,2022-01-10,R,4
Coronavac,11,2022-01-11,D1,0
Coronavac,11,2022-01-11,D2,0
Coronavac,11,2022-01-11,DU,0
Coronavac,11,2022-01-11,R,8
Coronavac,11,2022-01-13,D1,0
Coronavac,11,2022-01-13,D2,0
Coronavac,11,2022-01-13,DU,0
Coronavac,11,2022-01-13,R,8
Coronavac,,2021-03-13,D1,1
Coronavac,,2021-03-13,D2,0
Coronavac,,2021-03-13,DU,0
Coronavac,,2021-03-13,R,0
Coronavac,,2021-04-10,D1,0
Coronavac,,2021-04-10,D2,1
Coronavac,,2021-04-10,DU,0
Coronavac,,2021-04-10,R,0
Pfizer,1,2021-05-06,D1,1
Pfizer,1,2021-05-06,D2,0
Pfizer,1,2021-05-06,DU,0
Pfizer,1,2021-05-06,R,0
Pfizer,1,2021-05-14,D1,1
Pfizer,1,2021-05-14,D2,0
Pfizer,1,2021-05-14,DU,0
Pfizer,1,2021-05-14,R,0
Pfizer,1,2021-05-17,D1,1
Pfizer,1,2021-05-17,D2,0
Pfizer,1,2021-05-17,DU,0
Pfizer,1,2021-05-17,R,0
Pfizer,1,2021-05-18,D1,1
Pfizer,1,2021-05-18,D2,0
Pfizer,1,2021-05-18,DU,0
Pfizer,1,2021-05-18,R,0
Pfizer,1,2021-05-21,D1,1
Pfizer,1,2021-05-21,D2,0
Pfizer,1,2021-05-21,DU,0
Pfizer,1,2021-05-21,R,0
Pfizer,1,2021-06-03,D1,1
Pfizer,1,2021-06-03,D2,0
Pfizer,1,2021-06-03,DU,0
Pfizer,1,2021-06-03,R,0
Pfizer,1,2021-06-14,D1,1
Pfizer,1,2021-06-14,D2,0
Pfizer,1,2021-06-14,DU,0
Pfizer,1,2021-06-14,R,0
Pfizer,1,2021-06-26,D1,1
Pfizer,1,2021-06-26,D2,0
Pfizer,1,2021-06-26,DU,0
Pfizer,1,2021-06-26,R,0
Pfizer,1,2021-07-09,D1,1
Pfizer,1,2021-07-09,D2,0
Pfizer,1,2021-07-09,DU,0
Pfizer,1,2021-07-09,R,0
Pfizer,1,2021-07-13,D1,2
Pfizer,1,2021-07-13,D2,0
Pfizer,1,2021-07-13,DU,0
Pfizer,1,2021-07-13,R,0
Pfizer,1,2021-07-20,D1,1
Pfizer,1,2021-07-20,D2,0
Pfizer,1,2021-07-20,DU,0
Pfizer,1,2021-07-20,R,0
Pfizer,1,2021-07-30,D1,0
Pfizer,1,2021-07-30,D2,1
Pfizer,1,2021-07-30,DU,0
Pfizer,1,2021-07-30,R,0
Pfizer,1,2021-08-04,D1,1
Pfizer,1,2021-08-04,D2,0
Pfizer,1,2021-08-04,DU,0
Pfizer,1,2021-08-04,R,0
Pfizer,1,2021-08-09,D1,1
Pfizer,1,2021-08-09,D2,0
Pfizer,1,2021-08-09,DU,0
Pfizer,1,2021-08-09,R,0
Pfizer,1,2021-08-13,D1,1
Pfizer,1,2021-08-13,D2,0
Pfizer,1,2021-08-13,DU,0
Pfizer,1,2021-08-13,R,0
Pfizer,1,2021-08-14,D1,1
Pfizer,1,2021-08-14,D2,1
Pfizer,1,2021-08-14,DU,0
Pfizer,1,2021-08-14,R,0
Pfizer,1,2021-08-15,D1,2
Pfizer,1,2021-08-15,D2,0
Pfizer,1,2021-08-15,DU,0
Pfizer,1,2021-08-15,R,0
Pfizer,1,2021-08-16,D1,1
Pfizer,1,2021-08-16,D2,0
Pfizer,1,2021-08-16,DU,0
Pfizer,1,2021-08-16,R,0
Pfizer,1,2021-08-17,D1,1
Pfizer,1,2021-08-17,D2,0
Pfizer,1,2021-08-17,DU,0
Pfizer,1,2021-08-17,R,0
Pfizer,1,2021-08-19,D1,1
Pfizer,1,2021-08-19,D2,0
Pfizer,1,2021-08-19,DU,0
Pfizer,1,2021-08-19,R,0
Pfizer,1,2021-08-20,D1,1
Pfizer,1,2021-08-20,D2,0
Pfizer,1,2021-08-20,DU,0
Pfizer,1,2021-08-20,R,0
Pfizer,1,2021-08-27,D1,1
Pfizer,1,2021-08-27,D2,0
Pfizer,1,2021-08-27,DU,0
Pfizer,1,2021-08-27,R,0
Pfizer,1,2021-08-30,D1,3
Pfizer,1,2021-08-30,D2,0
Pfizer,1,2021-08-30,DU,0
Pfizer,1,2021-08-30,R,0
Pfizer,1,2021-08-31,D1,1
Pfizer,1,2021-08-31,D2,0
Pfizer,1,2021-08-31,DU,0
Pfizer,1,2021-08-31,R,0
Pfizer,1,2021-09-01,D1,9
Pfizer,1,2021-09-01,D2,0
Pfizer,1,2021-09-01,DU,0
Pfizer,1,2021-09-01,R,0
Pfizer,1,2021-09-02,D1,3
Pfizer,1,2021-09-02,D2,0
Pfizer,1,2021-09-02,DU,0
Pfizer,1,2021-09-02,R,0
Pfizer,1,2021-09-03,D1,4
Pfizer,1,2021-09-03,D2,0
Pfizer,1,2021-09-03,DU,0
Pfizer,1,2021-09-03,R,0
Pfizer,1,2021-09-04,D1,2
Pfizer,1,2021-09-04,D2,0
Pfizer,1,2021-09-04,DU,0
Pfizer,1,2021-09-04,R,0
Pfizer,1,2021-09-06,D1,7
Pfizer,1,2021-09-06,D2,0
Pfizer,1,2021-09-06,DU,0
Pfizer,1,2021-09-06,R,0
Pfizer,1,2021-09-07,D1,1
Pfizer,1,2021-09-07,D2,0
Pfizer,1,2021-09-07,DU,0
Pfizer,1,2021-09-07,R,0
Pfizer,1,2021-09-08,D1,5
Pfizer,1,2021-09-08,D2,0
Pfizer,1,2021-09-08,DU,0
Pfizer,1,2021-09-08,R,0
Pfizer,1,2021-09-09,D1,10
Pfizer,1,2021-09-09,D2,0
Pfizer,1,2021-09-09,DU,0
Pfizer,1,2021-09-09,R,0
Pfizer,1,2021-09-10,D1,10
Pfizer,1,2021-09-10,D2,0
Pfizer,1,2021-09-10,DU,0
Pfizer,1,2021-09-10,R,0
Pfizer,1,2021-09-11,D1,5
Pfizer,1,2021-09-11,D2,0
Pfizer,1,2021-09-11,DU,0
Pfizer,1,2021-09-11,R,0
Pfizer,1,2021-09-13,D1,8
Pfizer,1,2021-09-13,D2,0
Pfizer,1,2021-09-13,DU,0
Pfizer,1,2021-09-13,R,0
Pfizer,1,2021-09-14,D1,5
Pfizer,1,2021-09-14,D2,0
Pfizer,1,2021-09-14,DU,0
Pfizer,1,2021-09-14,R,0
Pfizer,1,2021-09-15,D1,2
Pfizer,1,2021-09-15,D2,0
Pfizer,1,2021-09-15,DU,0
Pfizer,1,2021-09-15,R,0
Pfizer,1,2021-09-16,D1,5
Pfizer,1,2021-09-16,D2,0
Pfizer,1,2021-09-16,DU,0
Pfizer,1,2021-09-16,R,0
Pfizer,1,2021-09-17,D1,1
Pfizer,1,2021-09-17,D2,0
Pfizer,1,2021-09-17,DU,0
Pfizer,1,2021-09-17,R,0
Pfizer,1,2021-09-20,D1,1
Pfizer,1,2021-09-20,D2,0
Pfizer,1,2021-09-20,DU,0
Pfizer,1,2021-09-20,R,0
Pfizer,1,2021-09-21,D1,2
Pfizer,1,2021-09-21,D2,0
Pfizer,1,2021-09-21,DU,0
Pfizer,1,2021-09-21,R,0
Pfizer,1,2021-09-22,D1,2
Pfizer,1,2021-09-22,D2,0
Pfizer,1,2021-09-22,DU,0
Pfizer,1,2021-09-22,R,0
Pfizer,1,2021-09-24,D1,2
Pfizer,1,2021-09-24,D2,0
Pfizer,1,2021-09-24,DU,0
Pfizer,1,2021-09-24,R,0
Pfizer,1,2021-09-29,D1,1
Pfizer,1,2021-09-29,D2,1
Pfizer,1,2021-09-29,DU,0
Pfizer,1,2021-09-29,R,0
Pfizer,1,2021-10-05,D1,0
Pfizer,1,2021-10-05,D2,1
Pfizer,1,2021-10-05,DU,0
Pfizer,1,2021-10-05,R,0
Pfizer,1,2021-10-07,D1,0
Pfizer,1,2021-10-07,D2,1
Pfizer,1,2021-10-07,DU,0
Pfizer,1,2021-10-07,R,0
Pfizer,1,2021-10-13,D1,1
Pfizer,1,2021-10-13,D2,0
Pfizer,1,2021-10-13,DU,0
Pfizer,1,2021-10-13,R,0
Pfizer,1,2021-10-14,D1,3
Pfizer,1,2021-10-14,D2,0
Pfizer,1,2021-10-14,DU,0
Pfizer,1,2021-10-14,R,0
Pfizer,1,2021-10-15,D1,0
Pfizer,1,2021-10-15,D2,1
Pfizer,1,2021-10-15,DU,0
Pfizer,1,2021-10-15,R,0
Pfizer,1,2021-10-16,D1,0
Pfizer,1,2021-10-16,D2,1
Pfizer,1,2021-10-16,DU,0
Pfizer,1,2021-10-16,R,0
Pfizer,1,2021-10-25,D1,0
Pfizer,1,2021-10-25,D2,1
Pfizer,1,2021-10-25,DU,0
Pfizer,1,2021-10-25,R,0
Pfizer,1,2021-10-26,D1,1
Pfizer,1,2021-10-26,D2,0
Pfizer,1,2021-10-26,DU,0
Pfizer,1,2021-10-26,R,0
Pfizer,1,2021-10-27,D1,0
Pfizer,1,2021-10-27,D2,2
Pfizer,1,2021-10-27,DU,0
Pfizer,1,2021-10-27,R,0
Pfizer,1,2021-10-28,D1,1
Pfizer,1,2021-10-28,D2,1
Pfizer,1,2021-10-28,DU,0
Pfizer,1,2021-10-28,R,0
Pfizer,1,2021-10-29,D1,0
Pfizer,1,2021-10-29,D2,0
Pfizer,1,2021-10-29,DU,0
Pfizer,1,2021-10-29,R,1
Pfizer,1,2021-11-03,D1,1
Pfizer,1,2021-11-03,D2,2
Pfizer,1,2021-11-03,DU,0
Pfizer,1,2021-11-03,R,0
Pfizer,1,2021-11-04,D1,0
Pfizer,1,2021-11-04,D2,3
Pfizer,1,2021-11-04,DU,0
Pfizer,1,2021-11-04,R,0
Pfizer,1,2021-11-05,D1,0
Pfizer,1,2021-11-05,D2,3
Pfizer,1,2021-11-05,DU,0
Pfizer,1,2021-11-05,R,0
Pfizer,1,2021-11-08,D1,0
Pfizer,1,2021-11-08,D2,2
Pfizer,1,2021-11-08,DU,0
Pfizer,1,2021-11-08,R,0
Pfizer,1,2021-11-09,D1,0
Pfizer,1,2021-11-09,D2,2
Pfizer,1,2021-11-09,DU,0
Pfizer,1,2021-11-09,R,0
Pfizer,1,2021-11-11,D1,1
Pfizer,1,2021-11-11,D2,1
Pfizer,1,2021-11-11,DU,0
Pfizer,1,2021-11-11,R,0
Pfizer,1,2021-11-12,D1,0
Pfizer,1,2021-11-12,D2,4
Pfizer,1,2021-11-12,DU,0
Pfizer,1,2021-11-12,R,0
Pfizer,1,2021-11-17,D1,0
Pfizer,1,2021-11-17,D2,1
Pfizer,1,2021-11-17,DU,0
Pfizer,1,2021-11-17,R,0
Pfizer,1,2021-11-18,D1,1
Pfizer,1,2021-11-18,D2,0
Pfizer,1,2021-11-18,DU,0
Pfizer,1,2021-11-18,R,0
Pfizer,1,2021-11-20,D1,0
Pfizer,1,2021-11-20,D2,2
Pfizer,1,2021-11-20,DU,0
Pfizer,1,2021-11-20,R,0
Pfizer,1,2021-11-23,D1,0
Pfizer,1,2021-11-23,D2,1
Pfizer,1,2021-11-23,DU,0
Pfizer,1,2021-11-23,R,0
Pfizer,1,2021-12-07,D1,0
Pfizer,1,2021-12-07,D2,1
Pfizer,1,2021-12-07,DU,0
Pfizer,1,2021-12-07,R,0
Pfizer,1,2021-12-14,D1,0
Pfizer,1,2021-12-14,D2,1
Pfizer,1,2021-12-14,DU,0
Pfizer,1,2021-12-14,R,0
Pfizer,1,2021-12-17,D1,1
Pfizer,1,2021-12-17,D2,1
Pfizer,1,2021-12-17,DU,0
Pfizer,1,2021-12-17,R,0
Pfizer,1,2021-12-20,D1,1
Pfizer,1,2021-12-20,D2,0
Pfizer,1,2021-12-20,DU,0
Pfizer,1,2021-12-20,R,0
Pfizer,1,2021-12-27,D1,0
Pfizer,1,2021-12-27,D2,1
Pfizer,1,2021-12-27,DU,0
Pfizer,1,2021-12-27,R,0
Pfizer,1,2022-01-03,D1,0
Pfizer,1,2022-01-03,D2,1
Pfizer,1,2022-01-03,DU,0
Pfizer,1,2022-01-03,R,0
Pfizer,1,2022-01-13,D1,0
Pfizer,1,2022-01-13,D2,1
Pfizer,1,2022-01-13,DU,0
Pfizer,1,2022-01-13,R,0
Pfizer,2,2021-05-14,D1,1
Pfizer,2,2021-05-14,D2,0
Pfizer,2,2021-05-14,DU,0
Pfizer,2,2021-05-14,R,0
Pfizer,2,2021-05-27,D1,1
Pfizer,2,2021-05-27,D2,0
Pfizer,2,2021-05-27,DU,0
Pfizer,2,2021-05-27,R,0
Pfizer,2,2021-06-02,D1,1
Pfizer,2,2021-06-02,D2,0
Pfizer,2,2021-06-02,DU,0
Pfizer,2,2021-06-02,R,0
Pfizer,2,2021-06-03,D1,1
Pfizer,2,2021-06-03,D2,0
Pfizer,2,2021-06-03,DU,0
Pfizer,2,2021-06-03,R,0
Pfizer,2,2021-06-08,D1,1
Pfizer,2,2021-06-08,D2,0
Pfizer,2,2021-06-08,DU,0
Pfizer,2,2021-06-08,R,0
Pfizer,2,2021-06-16,D1,3
Pfizer,2,2021-06-16,D2,0
Pfizer,2,2021-06-16,DU,0
Pfizer,2,2021-06-16,R,0
Pfizer,2,2021-06-17,D1,1
Pfizer,2,2021-06-17,D2,0
Pfizer,2,2021-06-17,DU,0
Pfizer,2,2021-06-17,R,0
Pfizer,2,2021-06-24,D1,1
Pfizer,2,2021-06-24,D2,0
Pfizer,2,2021-06-24,DU,0
Pfizer,2,2021-06-24,R,0
Pfizer,2,2021-06-25,D1,2
Pfizer,2,2021-06-25,D2,0
Pfizer,2,2021-06-25,DU,0
Pfizer,2,2021-06-25,R,0
Pfizer,2,2021-06-28,D1,1
Pfizer,2,2021-06-28,D2,0
Pfizer,2,2021-06-28,DU,0
Pfizer,2,2021-06-28,R,0
Pfizer,2,2021-07-02,D1,1
Pfizer,2,2021-07-02,D2,0
Pfizer,2,2021-07-02,DU,0
Pfizer,2,2021-07-02,R,0
Pfizer,2,2021-07-15,D1,1
Pfizer,2,2021-07-15,D2,0
Pfizer,2,2021-07-15,DU,0
Pfizer,2,2021-07-15,R,0
Pfizer,2,2021-07-21,D1,1
Pfizer,2,2021-07-21,D2,0
Pfizer,2,2021-07-21,DU,0
Pfizer,2,2021-07-21,R,0
Pfizer,2,2021-07-22,D1,1
Pfizer,2,2021-07-22,D2,0
Pfizer,2,2021-07-22,DU,0
Pfizer,2,2021-07-22,R,0
Pfizer,2,2021-07-27,D1,1
Pfizer,2,2021-07-27,D2,0
Pfizer,2,2021-07-27,DU,0
Pfizer,2,2021-07-27,R,0
Pfizer,2,2021-07-29,D1,1
Pfizer,2,2021-07-29,D2,0
Pfizer,2,2021-07-29,DU,0
Pfizer,2,2021-07-29,R,0
Pfizer,2,2021-08-06,D1,0
Pfizer,2,2021-08-06,D2,1
Pfizer,2,2021-08-06,DU,0
Pfizer,2,2021-08-06,R,0
Pfizer,2,2021-08-10,D1,2
Pfizer,2,2021-08-10,D2,0
Pfizer,2,2021-08-10,DU,0
Pfizer,2,2021-08-10,R,0
Pfizer,2,2021-08-11,D1,5
Pfizer,2,2021-08-11,D2,0
Pfizer,2,2021-08-11,DU,0
Pfizer,2,2021-08-11,R,0
Pfizer,2,2021-08-12,D1,1
Pfizer,2,2021-08-12,D2,0
Pfizer,2,2021-08-12,DU,0
Pfizer,2,2021-08-12,R,0
Pfizer,2,2021-08-13,D1,5
Pfizer,2,2021-08-13,D2,0
Pfizer,2,2021-08-13,DU,0
Pfizer,2,2021-08-13,R,0
Pfizer,2,2021-08-14,D1,3
Pfizer,2,2021-08-14,D2,0
Pfizer,2,2021-08-14,DU,0
Pfizer,2,2021-08-14,R,0
Pfizer,2,2021-08-15,D1,9
Pfizer,2,2021-08-15,D2,0
Pfizer,2,2021-08-15,DU,0
Pfizer,2,2021-08-15,R,0
Pfizer,2,2021-08-16,D1,2
Pfizer,2,2021-08-16,D2,0
Pfizer,2,2021-08-16,DU,0
Pfizer,2,2021-08-16,R,0
Pfizer,2,2021-08-17,D1,3
Pfizer,2,2021-08-17,D2,0
Pfizer,2,2021-08-17,DU,0
Pfizer,2,2021-08-17,R,0
Pfizer,2,2021-08-18,D1,3
Pfizer,2,2021-08-18,D2,0
Pfizer,2,2021-08-18,DU,0
Pfizer,2,2021-08-18,R,0
Pfizer,2,2021-08-19,D1,4
Pfizer,2,2021-08-19,D2,0
Pfizer,2,2021-08-19,DU,0
Pfizer,2,2021-08-19,R,0
Pfizer,2,2021-08-20,D1,1
Pfizer,2,2021-08-20,D2,0
Pfizer,2,2021-08-20,DU,0
Pfizer,2,2021-08-20,R,0
Pfizer,2,2021-08-21,D1,1
Pfizer,2,2021-08-21,D2,0
Pfizer,2,2021-08-21,DU,0
Pfizer,2,2021-08-21,R,0
Pfizer,2,2021-08-22,D1,1
Pfizer,2,2021-08-22,D2,0
Pfizer,2,2021-08-22,DU,0
Pfizer,2,2021-08-22,R,0
Pfizer,2,2021-08-23,D1,8
Pfizer,2,2021-08-23,D2,0
Pfizer,2,2021-08-23,DU,0
Pfizer,2,2021-08-23,R,0
Pfizer,2,2021-08-24,D1,3
Pfizer,2,2021-08-24,D2,0
Pfizer,2,2021-08-24,DU,0
Pfizer,2,2021-08-24,R,0
Pfizer,2,2021-08-25,D1,3
Pfizer,2,2021-08-25,D2,0
Pfizer,2,2021-08-25,DU,0
Pfizer,2,2021-08-25,R,0
Pfizer,2,2021-08-26,D1,3
Pfizer,2,2021-08-26,D2,0
Pfizer,2,2021-08-26,DU,0
Pfizer,2,2021-08-26,R,0
Pfizer,2,2021-08-27,D1,2
Pfizer,2,2021-08-27,D2,0
Pfizer,2,2021-08-27,DU,0
Pfizer,2,2021-08-27,R,0
Pfizer,2,2021-08-28,D1,3
Pfizer,2,2021-08-28,D2,0
Pfizer,2,2021-08-28,DU,0
Pfizer,2,2021-08-28,R,0
Pfizer,2,2021-08-29,D1,4
Pfizer,2,2021-08-29,D2,0
Pfizer,2,2021-08-29,DU,0
Pfizer,2,2021-08-29,R,0
Pfizer,2,2021-08-30,D1,23
Pfizer,2,2021-08-30,D2,0
Pfizer,2,2021-08-30,DU,0
Pfizer,2,2021-08-30,R,0
Pfizer,2,2021-08-31,D1,26
Pfizer,2,2021-08-31,D2,0
Pfizer,2,2021-08-31,DU,0
Pfizer,2,2021-08-31,R,0
Pfizer,2,2021-09-01,D1,26
Pfizer,2,2021-09-01,D2,0
Pfizer,2,2021-09-01,DU,0
Pfizer,2,2021-09-01,R,0
Pfizer,2,2021-09-02,D1,19
Pfizer,2,2021-09-02,D2,0
Pfizer,2,2021-09-02,DU,0
Pfizer,2,2021-09-02,R,0
Pfizer,2,2021-09-03,D1,19
Pfizer,2,2021-09-03,D2,0
Pfizer,2,2021-09-03,DU,0
Pfizer,2,2021-09-03,R,0
Pfizer,2,2021-09-04,D1,11
Pfizer,2,2021-09-04,D2,0
Pfizer,2,2021-09-04,DU,0
Pfizer,2,2021-09-04,R,0
Pfizer,2,2021-09-05,D1,1
Pfizer,2,2021-09-05,D2,0
Pfizer,2,2021-09-05,DU,0
Pfizer,2,2021-09-05,R,0
Pfizer,2,2021-09-06,D1,30
Pfizer,2,2021-09-06,D2,0
Pfizer,2,2021-09-06,DU,0
Pfizer,2,2021-09-06,R,0
Pfizer,2,2021-09-07,D1,5
Pfizer,2,2021-09-07,D2,0
Pfizer,2,2021-09-07,DU,0
Pfizer,2,2021-09-07,R,0
Pfizer,2,2021-09-08,D1,25
Pfizer,2,2021-09-08,D2,0
Pfizer,2,2021-09-08,DU,0
Pfizer,2,2021-09-08,R,0
Pfizer,2,2021-09-09,D1,37
Pfizer,2,2021-09-09,D2,0
Pfizer,2,2021-09-09,DU,0
Pfizer,2,2021-09-09,R,0
Pfizer,2,2021-09-10,D1,42
Pfizer,2,2021-09-10,D2,0
Pfizer,2,2021-09-10,DU,0
Pfizer,2,2021-09-10,R,0
Pfizer,2,2021-09-11,D1,26
Pfizer,2,2021-09-11,D2,0
Pfizer,2,2021-09-11,DU,0
Pfizer,2,2021-09-11,R,0
Pfizer,2,2021-09-12,D1,1
Pfizer,2,2021-09-12,D2,0
Pfizer,2,2021-09-12,DU,0
Pfizer,2,2021-09-12,R,0
Pfizer,2,2021-09-13,D1,26
Pfizer,2,2021-09-13,D2,1
Pfizer,2,2021-09-13,DU,0
Pfizer,2,2021-09-13,R,0
Pfizer,2,2021-09-14,D1,20
Pfizer,2,2021-09-14,D2,0
Pfizer,2,2021-09-14,DU,0
Pfizer,2,2021-09-14,R,0
Pfizer,2,2021-09-15,D1,18
Pfizer,2,2021-09-15,D2,1
Pfizer,2,2021-09-15,DU,0
Pfizer,2,2021-09-15,R,0
Pfizer,2,2021-09-16,D1,22
Pfizer,2,2021-09-16,D2,0
Pfizer,2,2021-09-16,DU,0
Pfizer,2,2021-09-16,R,0
Pfizer,2,2021-09-17,D1,10
Pfizer,2,2021-09-17,D2,1
Pfizer,2,2021-09-17,DU,0
Pfizer,2,2021-09-17,R,0
Pfizer,2,2021-09-18,D1,3
Pfizer,2,2021-09-18,D2,0
Pfizer,2,2021-09-18,DU,0
Pfizer,2,2021-09-18,R,0
Pfizer,2,2021-09-20,D1,6
Pfizer,2,2021-09-20,D2,0
Pfizer,2,2021-09-20,DU,0
Pfizer,2,2021-09-20,R,0
Pfizer,2,2021-09-21,D1,1
Pfizer,2,2021-09-21,D2,0
Pfizer,2,2021-09-21,DU,0
Pfizer,2,2021-09-21,R,0
Pfizer,2,2021-09-22,D1,7
Pfizer,2,2021-09-22,D2,0
Pfizer,2,2021-09-22,DU,0
Pfizer,2,2021-09-22,R,0
Pfizer,2,2021-09-23,D1,9
Pfizer,2,2021-09-23,D2,0
Pfizer,2,2021-09-23,DU,0
Pfizer,2,2021-09-23,R,0
Pfizer,2,2021-09-24,D1,2
Pfizer,2,2021-09-24,D2,0
Pfizer,2,2021-09-24,DU,0
Pfizer,2,2021-09-24,R,0
Pfizer,2,2021-09-25,D1,2
Pfizer,2,2021-09-25,D2,0
Pfizer,2,2021-09-25,DU,0
Pfizer,2,2021-09-25,R,0
Pfizer,2,2021-09-26,D1,1
Pfizer,2,2021-09-26,D2,0
Pfizer,2,2021-09-26,DU,0
Pfizer,2,2021-09-26,R,0
Pfizer,2,2021-09-27,D1,7
Pfizer,2,2021-09-27,D2,0
Pfizer,2,2021-09-27,DU,0
Pfizer,2,2021-09-27,R,0
Pfizer,2,2021-09-28,D1,2
Pfizer,2,2021-09-28,D2,1
Pfizer,2,2021-09-28,DU,0
Pfizer,2,2021-09-28,R,0
Pfizer,2,2021-09-29,D1,7
Pfizer,2,2021-09-29,D2,0
Pfizer,2,2021-09-29,DU,0
Pfizer,2,2021-09-29,R,0
Pfizer,2,2021-09-30,D1,1
Pfizer,2,2021-09-30,D2,0
Pfizer,2,2021-09-30,DU,0
Pfizer,2,2021-09-30,R,0
Pfizer,2,2021-10-01,D1,3
Pfizer,2,2021-10-01,D2,0
Pfizer,2,2021-10-01,DU,0
Pfizer,2,2021-10-01,R,0
Pfizer,2,2021-10-02,D1,4
Pfizer,2,2021-10-02,D2,0
Pfizer,2,2021-10-02,DU,0
Pfizer,2,2021-10-02,R,0
Pfizer,2,2021-10-04,D1,1
Pfizer,2,2021-10-04,D2,0
Pfizer,2,2021-10-04,DU,0
Pfizer,2,2021-10-04,R,0
Pfizer,2,2021-10-05,D1,6
Pfizer,2,2021-10-05,D2,0
Pfizer,2,2021-10-05,DU,0
Pfizer,2,2021-10-05,R,0
Pfizer,2,2021-10-06,D1,1
Pfizer,2,2021-10-06,D2,0
Pfizer,2,2021-10-06,DU,0
Pfizer,2,2021-10-06,R,0
Pfizer,2,2021-10-07,D1,1
Pfizer,2,2021-10-07,D2,3
Pfizer,2,2021-10-07,DU,0
Pfizer,2,2021-10-07,R,0
Pfizer,2,2021-10-08,D1,2
Pfizer,2,2021-10-08,D2,0
Pfizer,2,2021-10-08,DU,0
Pfizer,2,2021-10-08,R,0
Pfizer,2,2021-10-09,D1,1
Pfizer,2,2021-10-09,D2,0
Pfizer,2,2021-10-09,DU,0
Pfizer,2,2021-10-09,R,0
Pfizer,2,2021-10-11,D1,0
Pfizer,2,2021-10-11,D2,1
Pfizer,2,2021-10-11,DU,0
Pfizer,2,2021-10-11,R,0
Pfizer,2,2021-10-13,D1,3
Pfizer,2,2021-10-13,D2,1
Pfizer,2,2021-10-13,DU,0
Pfizer,2,2021-10-13,R,0
Pfizer,2,2021-10-14,D1,3
Pfizer,2,2021-10-14,D2,3
Pfizer,2,2021-10-14,DU,0
Pfizer,2,2021-10-14,R,0
Pfizer,2,2021-10-15,D1,3
Pfizer,2,2021-10-15,D2,2
Pfizer,2,2021-10-15,DU,0
Pfizer,2,2021-10-15,R,0
Pfizer,2,2021-10-16,D1,7
Pfizer,2,2021-10-16,D2,0
Pfizer,2,2021-10-16,DU,0
Pfizer,2,2021-10-16,R,0
Pfizer,2,2021-10-18,D1,2
Pfizer,2,2021-10-18,D2,3
Pfizer,2,2021-10-18,DU,0
Pfizer,2,2021-10-18,R,0
Pfizer,2,2021-10-19,D1,2
Pfizer,2,2021-10-19,D2,4
Pfizer,2,2021-10-19,DU,0
Pfizer,2,2021-10-19,R,0
Pfizer,2,2021-10-20,D1,0
Pfizer,2,2021-10-20,D2,2
Pfizer,2,2021-10-20,DU,0
Pfizer,2,2021-10-20,R,0
Pfizer,2,2021-10-21,D1,4
Pfizer,2,2021-10-21,D2,4
Pfizer,2,2021-10-21,DU,0
Pfizer,2,2021-10-21,R,0
Pfizer,2,2021-10-22,D1,3
Pfizer,2,2021-10-22,D2,6
Pfizer,2,2021-10-22,DU,0
Pfizer,2,2021-10-22,R,0
Pfizer,2,2021-10-23,D1,0
Pfizer,2,2021-10-23,D2,2
Pfizer,2,2021-10-23,DU,0
Pfizer,2,2021-10-23,R,0
Pfizer,2,2021-10-25,D1,0
Pfizer,2,2021-10-25,D2,4
Pfizer,2,2021-10-25,DU,0
Pfizer,2,2021-10-25,R,0
Pfizer,2,2021-10-26,D1,0
Pfizer,2,2021-10-26,D2,2
Pfizer,2,2021-10-26,DU,0
Pfizer,2,2021-10-26,R,0
Pfizer,2,2021-10-27,D1,2
Pfizer,2,2021-10-27,D2,5
Pfizer,2,2021-10-27,DU,0
Pfizer,2,2021-10-27,R,0
Pfizer,2,2021-10-28,D1,1
Pfizer,2,2021-10-28,D2,2
Pfizer,2,2021-10-28,DU,0
Pfizer,2,2021-10-28,R,0
Pfizer,2,2021-10-29,D1,3
Pfizer,2,2021-10-29,D2,1
Pfizer,2,2021-10-29,DU,0
Pfizer,2,2021-10-29,R,0
Pfizer,2,2021-10-30,D1,2
Pfizer,2,2021-10-30,D2,4
Pfizer,2,2021-10-30,DU,0
Pfizer,2,2021-10-30,R,0
Pfizer,2,2021-11-01,D1,0
Pfizer,2,2021-11-01,D2,1
Pfizer,2,2021-11-01,DU,0
Pfizer,2,2021-11-01,R,0
Pfizer,2,2021-11-03,D1,3
Pfizer,2,2021-11-03,D2,6
Pfizer,2,2021-11-03,DU,0
Pfizer,2,2021-11-03,R,0
Pfizer,2,2021-11-04,D1,4
Pfizer,2,2021-11-04,D2,11
Pfizer,2,2021-11-04,DU,0
Pfizer,2,2021-11-04,R,0
Pfizer,2,2021-11-05,D1,11
Pfizer,2,2021-11-05,D2,15
Pfizer,2,2021-11-05,DU,0
Pfizer,2,2021-11-05,R,0
Pfizer,2,2021-11-06,D1,1
Pfizer,2,2021-11-06,D2,4
Pfizer,2,2021-11-06,DU,0
Pfizer,2,2021-11-06,R,0
Pfizer,2,2021-11-07,D1,0
Pfizer,2,2021-11-07,D2,1
Pfizer,2,2021-11-07,DU,0
Pfizer,2,2021-11-07,R,0
Pfizer,2,2021-11-08,D1,0
Pfizer,2,2021-11-08,D2,5
Pfizer,2,2021-11-08,DU,0
Pfizer,2,2021-11-08,R,0
Pfizer,2,2021-11-09,D1,1
Pfizer,2,2021-11-09,D2,4
Pfizer,2,2021-11-09,DU,0
Pfizer,2,2021-11-09,R,0
Pfizer,2,2021-11-10,D1,0
Pfizer,2,2021-11-10,D2,8
Pfizer,2,2021-11-10,DU,0
Pfizer,2,2021-11-10,R,0
Pfizer,2,2021-11-11,D1,3
Pfizer,2,2021-11-11,D2,9
Pfizer,2,2021-11-11,DU,0
Pfizer,2,2021-11-11,R,0
Pfizer,2,2021-11-12,D1,3
Pfizer,2,2021-11-12,D2,8
Pfizer,2,2021-11-12,DU,0
Pfizer,2,2021-11-12,R,0
Pfizer,2,2021-11-13,D1,0
Pfizer,2,2021-11-13,D2,3
Pfizer,2,2021-11-13,DU,0
Pfizer,2,2021-11-13,R,0
Pfizer,2,2021-11-16,D1,2
Pfizer,2,2021-11-16,D2,5
Pfizer,2,2021-11-16,DU,0
Pfizer,2,2021-11-16,R,0
Pfizer,2,2021-11-17,D1,2
Pfizer,2,2021-11-17,D2,5
Pfizer,2,2021-11-17,DU,0
Pfizer,2,2021-11-17,R,0
Pfizer,2,2021-11-18,D1,0
Pfizer,2,2021-11-18,D2,6
Pfizer,2,2021-11-18,DU,0
Pfizer,2,2021-11-18,R,0
Pfizer,2,2021-11-20,D1,0
Pfizer,2,2021-11-20,D2,2
Pfizer,2,2021-11-20,DU,0
Pfizer,2,2021-11-20,R,0
Pfizer,2,2021-11-23,D1,1
Pfizer,2,2021-11-23,D2,1
Pfizer,2,2021-11-23,DU,0
Pfizer,2,2021-11-23,R,0
Pfizer,2,2021-11-26,D1,0
Pfizer,2,2021-11-26,D2,1
Pfizer,2,2021-11-26,DU,0
Pfizer,2,2021-11-26,R,0
Pfizer,2,2021-12-04,D1,0
Pfizer,2,2021-12-04,D2,1
Pfizer,2,2021-12-04,DU,0
Pfizer,2,2021-12-04,R,0
Pfizer,2,2021-12-07,D1,1
Pfizer,2,2021-12-07,D2,3
Pfizer,2,2021-12-07,DU,0
Pfizer,2,2021-12-07,R,0
Pfizer,2,2021-12-14,D1,2
Pfizer,2,2021-12-14,D2,11
Pfizer,2,2021-12-14,DU,0
Pfizer,2,2021-12-14,R,0
Pfizer,2,2021-12-17,D1,1
Pfizer,2,2021-12-17,D2,5
Pfizer,2,2021-12-17,DU,0
Pfizer,2,2021-12-17,R,0
Pfizer,2,2021-12-20,D1,0
Pfizer,2,2021-12-20,D2,1
Pfizer,2,2021-12-20,DU,0
Pfizer,2,2021-12-20,R,0
Pfizer,2,2021-12-27,D1,0
Pfizer,2,2021-12-27,D2,1
Pfizer,2,2021-12-27,DU,0
Pfizer,2,2021-12-27,R,0
Pfizer,2,2021-12-28,D1,1
Pfizer,2,2021-12-28,D2,2
Pfizer,2,2021-12-28,DU,0
Pfizer,2,2021-12-28,R,0
Pfizer,2,2022-01-03,D1,0
Pfizer,2,2022-01-03,D2,1
Pfizer,2,2022-01-03,DU,0
Pfizer,2,2022-01-03,R,0
Pfizer,2,2022-01-04,D1,0
Pfizer,2,2022-01-04,D2,2
Pfizer,2,2022-01-04,DU,0
Pfizer,2,2022-01-04,R,0
Pfizer,2,2022-01-10,D1,2
Pfizer,2,2022-01-10,D2,2
Pfizer,2,2022-01-10,DU,0
Pfizer,2,2022-01-10,R,0
Pfizer,2,2022-01-11,D1,2
Pfizer,2,2022-01-11,D2,4
Pfizer,2,2022-01-11,DU,0
Pfizer,2,2022-01-11,R,0
Pfizer,2,2022-01-13,D1,1
Pfizer,2,2022-01-13,D2,1
Pfizer,2,2022-01-13,DU,0
Pfizer,2,2022-01-13,R,0
Pfizer,3,2021-01-19,D1,1
Pfizer,3,2021-01-19,D2,0
Pfizer,3,2021-01-19,DU,0
Pfizer,3,2021-01-19,R,0
Pfizer,3,2021-01-29,D1,1
Pfizer,3,2021-01-29,D2,0
Pfizer,3,2021-01-29,DU,0
Pfizer,3,2021-01-29,R,0
Pfizer,3,2021-02-03,D1,1
Pfizer,3,2021-02-03,D2,0
Pfizer,3,2021-02-03,DU,0
Pfizer,3,2021-02-03,R,0
Pfizer,3,2021-02-24,D1,1
Pfizer,3,2021-02-24,D2,0
Pfizer,3,2021-02-24,DU,0
Pfizer,3,2021-02-24,R,0
Pfizer,3,2021-03-01,D1,2
Pfizer,3,2021-03-01,D2,0
Pfizer,3,2021-03-01,DU,0
Pfizer,3,2021-03-01,R,0
Pfizer,3,2021-03-03,D1,1
Pfizer,3,2021-03-03,D2,0
Pfizer,3,2021-03-03,DU,0
Pfizer,3,2021-03-03,R,0
Pfizer,3,2021-03-09,D1,2
Pfizer,3,2021-03-09,D2,0
Pfizer,3,2021-03-09,DU,0
Pfizer,3,2021-03-09,R,0
Pfizer,3,2021-03-10,D1,1
Pfizer,3,2021-03-10,D2,0
Pfizer,3,2021-03-10,DU,0
Pfizer,3,2021-03-10,R,0
Pfizer,3,2021-03-17,D1,1
Pfizer,3,2021-03-17,D2,0
Pfizer,3,2021-03-17,DU,0
Pfizer,3,2021-03-17,R,0
Pfizer,3,2021-03-27,D1,1
Pfizer,3,2021-03-27,D2,0
Pfizer,3,2021-03-27,DU,0
Pfizer,3,2021-03-27,R,0
Pfizer,3,2021-04-01,D1,1
Pfizer,3,2021-04-01,D2,0
Pfizer,3,2021-04-01,DU,0
Pfizer,3,2021-04-01,R,0
Pfizer,3,2021-04-02,D1,1
Pfizer,3,2021-04-02,D2,0
Pfizer,3,2021-04-02,DU,0
Pfizer,3,2021-04-02,R,0
Pfizer,3,2021-04-10,D1,1
Pfizer,3,2021-04-10,D2,0
Pfizer,3,2021-04-10,DU,0
Pfizer,3,2021-04-10,R,0
Pfizer,3,2021-04-17,D1,1
Pfizer,3,2021-04-17,D2,0
Pfizer,3,2021-04-17,DU,0
Pfizer,3,2021-04-17,R,0
Pfizer,3,2021-04-18,D1,1
Pfizer,3,2021-04-18,D2,0
Pfizer,3,2021-04-18,DU,0
Pfizer,3,2021-04-18,R,0
Pfizer,3,2021-04-21,D1,1
Pfizer,3,2021-04-21,D2,0
Pfizer,3,2021-04-21,DU,0
Pfizer,3,2021-04-21,R,0
Pfizer,3,2021-04-30,D1,1
Pfizer,3,2021-04-30,D2,0
Pfizer,3,2021-04-30,DU,0
Pfizer,3,2021-04-30,R,0
Pfizer,3,2021-05-03,D1,1
Pfizer,3,2021-05-03,D2,0
Pfizer,3,2021-05-03,DU,0
Pfizer,3,2021-05-03,R,0
Pfizer,3,2021-05-05,D1,1
Pfizer,3,2021-05-05,D2,0
Pfizer,3,2021-05-05,DU,0
Pfizer,3,2021-05-05,R,0
Pfizer,3,2021-05-08,D1,1
Pfizer,3,2021-05-08,D2,0
Pfizer,3,2021-05-08,DU,0
Pfizer,3,2021-05-08,R,0
Pfizer,3,2021-05-12,D1,1
Pfizer,3,2021-05-12,D2,0
Pfizer,3,2021-05-12,DU,0
Pfizer,3,2021-05-12,R,0
Pfizer,3,2021-05-14,D1,2
Pfizer,3,2021-05-14,D2,0
Pfizer,3,2021-05-14,DU,0
Pfizer,3,2021-05-14,R,0
Pfizer,3,2021-05-15,D1,4
Pfizer,3,2021-05-15,D2,0
Pfizer,3,2021-05-15,DU,0
Pfizer,3,2021-05-15,R,0
Pfizer,3,2021-05-17,D1,1
Pfizer,3,2021-05-17,D2,0
Pfizer,3,2021-05-17,DU,0
Pfizer,3,2021-05-17,R,0
Pfizer,3,2021-05-19,D1,1
Pfizer,3,2021-05-19,D2,0
Pfizer,3,2021-05-19,DU,0
Pfizer,3,2021-05-19,R,0
Pfizer,3,2021-05-26,D1,1
Pfizer,3,2021-05-26,D2,0
Pfizer,3,2021-05-26,DU,0
Pfizer,3,2021-05-26,R,0
Pfizer,3,2021-05-27,D1,1
Pfizer,3,2021-05-27,D2,0
Pfizer,3,2021-05-27,DU,0
Pfizer,3,2021-05-27,R,0
Pfizer,3,2021-05-28,D1,1
Pfizer,3,2021-05-28,D2,0
Pfizer,3,2021-05-28,DU,0
Pfizer,3,2021-05-28,R,0
Pfizer,3,2021-05-31,D1,2
Pfizer,3,2021-05-31,D2,0
Pfizer,3,2021-05-31,DU,0
Pfizer,3,2021-05-31,R,0
Pfizer,3,2021-06-01,D1,2
Pfizer,3,2021-06-01,D2,0
Pfizer,3,2021-06-01,DU,0
Pfizer,3,2021-06-01,R,0
Pfizer,3,2021-06-03,D1,1
Pfizer,3,2021-06-03,D2,0
Pfizer,3,2021-06-03,DU,0
Pfizer,3,2021-06-03,R,0
Pfizer,3,2021-06-07,D1,1
Pfizer,3,2021-06-07,D2,0
Pfizer,3,2021-06-07,DU,0
Pfizer,3,2021-06-07,R,0
Pfizer,3,2021-06-08,D1,1
Pfizer,3,2021-06-08,D2,0
Pfizer,3,2021-06-08,DU,0
Pfizer,3,2021-06-08,R,0
Pfizer,3,2021-06-09,D1,3
Pfizer,3,2021-06-09,D2,0
Pfizer,3,2021-06-09,DU,0
Pfizer,3,2021-06-09,R,0
Pfizer,3,2021-06-10,D1,3
Pfizer,3,2021-06-10,D2,0
Pfizer,3,2021-06-10,DU,0
Pfizer,3,2021-06-10,R,0
Pfizer,3,2021-06-11,D1,2
Pfizer,3,2021-06-11,D2,0
Pfizer,3,2021-06-11,DU,0
Pfizer,3,2021-06-11,R,0
Pfizer,3,2021-06-12,D1,1
Pfizer,3,2021-06-12,D2,0
Pfizer,3,2021-06-12,DU,0
Pfizer,3,2021-06-12,R,0
Pfizer,3,2021-06-14,D1,11
Pfizer,3,2021-06-14,D2,0
Pfizer,3,2021-06-14,DU,0
Pfizer,3,2021-06-14,R,0
Pfizer,3,2021-06-15,D1,2
Pfizer,3,2021-06-15,D2,0
Pfizer,3,2021-06-15,DU,0
Pfizer,3,2021-06-15,R,0
Pfizer,3,2021-06-16,D1,3
Pfizer,3,2021-06-16,D2,0
Pfizer,3,2021-06-16,DU,0
Pfizer,3,2021-06-16,R,0
Pfizer,3,2021-06-17,D1,6
Pfizer,3,2021-06-17,D2,0
Pfizer,3,2021-06-17,DU,0
Pfizer,3,2021-06-17,R,0
Pfizer,3,2021-06-18,D1,2
Pfizer,3,2021-06-18,D2,0
Pfizer,3,2021-06-18,DU,0
Pfizer,3,2021-06-18,R,0
Pfizer,3,2021-06-19,D1,5
Pfizer,3,2021-06-19,D2,0
Pfizer,3,2021-06-19,DU,0
Pfizer,3,2021-06-19,R,0
Pfizer,3,2021-06-21,D1,2
Pfizer,3,2021-06-21,D2,1
Pfizer,3,2021-06-21,DU,0
Pfizer,3,2021-06-21,R,0
Pfizer,3,2021-06-22,D1,2
Pfizer,3,2021-06-22,D2,0
Pfizer,3,2021-06-22,DU,0
Pfizer,3,2021-06-22,R,0
Pfizer,3,2021-06-24,D1,1
Pfizer,3,2021-06-24,D2,0
Pfizer,3,2021-06-24,DU,0
Pfizer,3,2021-06-24,R,0
Pfizer,3,2021-06-25,D1,10
Pfizer,3,2021-06-25,D2,0
Pfizer,3,2021-06-25,DU,0
Pfizer,3,2021-06-25,R,0
Pfizer,3,2021-06-26,D1,3
Pfizer,3,2021-06-26,D2,0
Pfizer,3,2021-06-26,DU,0
Pfizer,3,2021-06-26,R,0
Pfizer,3,2021-06-27,D1,1
Pfizer,3,2021-06-27,D2,0
Pfizer,3,2021-06-27,DU,0
Pfizer,3,2021-06-27,R,0
Pfizer,3,2021-06-28,D1,7
Pfizer,3,2021-06-28,D2,0
Pfizer,3,2021-06-28,DU,0
Pfizer,3,2021-06-28,R,0
Pfizer,3,2021-06-29,D1,2
Pfizer,3,2021-06-29,D2,0
Pfizer,3,2021-06-29,DU,0
Pfizer,3,2021-06-29,R,0
Pfizer,3,2021-06-30,D1,3
Pfizer,3,2021-06-30,D2,0
Pfizer,3,2021-06-30,DU,0
Pfizer,3,2021-06-30,R,0
Pfizer,3,2021-07-01,D1,2
Pfizer,3,2021-07-01,D2,0
Pfizer,3,2021-07-01,DU,0
Pfizer,3,2021-07-01,R,0
Pfizer,3,2021-07-02,D1,1
Pfizer,3,2021-07-02,D2,0
Pfizer,3,2021-07-02,DU,0
Pfizer,3,2021-07-02,R,0
Pfizer,3,2021-07-05,D1,2
Pfizer,3,2021-07-05,D2,0
Pfizer,3,2021-07-05,DU,0
Pfizer,3,2021-07-05,R,0
Pfizer,3,2021-07-06,D1,5
Pfizer,3,2021-07-06,D2,0
Pfizer,3,2021-07-06,DU,0
Pfizer,3,2021-07-06,R,0
Pfizer,3,2021-07-07,D1,4
Pfizer,3,2021-07-07,D2,0
Pfizer,3,2021-07-07,DU,0
Pfizer,3,2021-07-07,R,0
Pfizer,3,2021-07-08,D1,4
Pfizer,3,2021-07-08,D2,0
Pfizer,3,2021-07-08,DU,0
Pfizer,3,2021-07-08,R,0
Pfizer,3,2021-07-09,D1,1
Pfizer,3,2021-07-09,D2,0
Pfizer,3,2021-07-09,DU,0
Pfizer,3,2021-07-09,R,0
Pfizer,3,2021-07-10,D1,1
Pfizer,3,2021-07-10,D2,0
Pfizer,3,2021-07-10,DU,0
Pfizer,3,2021-07-10,R,0
Pfizer,3,2021-07-12,D1,2
Pfizer,3,2021-07-12,D2,0
Pfizer,3,2021-07-12,DU,0
Pfizer,3,2021-07-12,R,0
Pfizer,3,2021-07-13,D1,3
Pfizer,3,2021-07-13,D2,0
Pfizer,3,2021-07-13,DU,0
Pfizer,3,2021-07-13,R,0
Pfizer,3,2021-07-14,D1,1
Pfizer,3,2021-07-14,D2,0
Pfizer,3,2021-07-14,DU,0
Pfizer,3,2021-07-14,R,0
Pfizer,3,2021-07-15,D1,2
Pfizer,3,2021-07-15,D2,0
Pfizer,3,2021-07-15,DU,0
Pfizer,3,2021-07-15,R,0
Pfizer,3,2021-07-16,D1,1
Pfizer,3,2021-07-16,D2,0
Pfizer,3,2021-07-16,DU,0
Pfizer,3,2021-07-16,R,0
Pfizer,3,2021-07-17,D1,1
Pfizer,3,2021-07-17,D2,0
Pfizer,3,2021-07-17,DU,0
Pfizer,3,2021-07-17,R,0
Pfizer,3,2021-07-20,D1,3
Pfizer,3,2021-07-20,D2,0
Pfizer,3,2021-07-20,DU,0
Pfizer,3,2021-07-20,R,0
Pfizer,3,2021-07-23,D1,3
Pfizer,3,2021-07-23,D2,0
Pfizer,3,2021-07-23,DU,0
Pfizer,3,2021-07-23,R,0
Pfizer,3,2021-07-24,D1,1
Pfizer,3,2021-07-24,D2,0
Pfizer,3,2021-07-24,DU,0
Pfizer,3,2021-07-24,R,0
Pfizer,3,2021-07-28,D1,1
Pfizer,3,2021-07-28,D2,0
Pfizer,3,2021-07-28,DU,0
Pfizer,3,2021-07-28,R,0
Pfizer,3,2021-07-29,D1,35
Pfizer,3,2021-07-29,D2,0
Pfizer,3,2021-07-29,DU,0
Pfizer,3,2021-07-29,R,0
Pfizer,3,2021-07-30,D1,4
Pfizer,3,2021-07-30,D2,0
Pfizer,3,2021-07-30,DU,0
Pfizer,3,2021-07-30,R,0
Pfizer,3,2021-07-31,D1,3
Pfizer,3,2021-07-31,D2,0
Pfizer,3,2021-07-31,DU,0
Pfizer,3,2021-07-31,R,0
Pfizer,3,2021-08-01,D1,7
Pfizer,3,2021-08-01,D2,0
Pfizer,3,2021-08-01,DU,0
Pfizer,3,2021-08-01,R,0
Pfizer,3,2021-08-02,D1,8
Pfizer,3,2021-08-02,D2,0
Pfizer,3,2021-08-02,DU,0
Pfizer,3,2021-08-02,R,0
Pfizer,3,2021-08-03,D1,20
Pfizer,3,2021-08-03,D2,0
Pfizer,3,2021-08-03,DU,0
Pfizer,3,2021-08-03,R,0
Pfizer,3,2021-08-04,D1,2
Pfizer,3,2021-08-04,D2,0
Pfizer,3,2021-08-04,DU,0
Pfizer,3,2021-08-04,R,0
Pfizer,3,2021-08-05,D1,5
Pfizer,3,2021-08-05,D2,0
Pfizer,3,2021-08-05,DU,0
Pfizer,3,2021-08-05,R,0
Pfizer,3,2021-08-06,D1,5
Pfizer,3,2021-08-06,D2,0
Pfizer,3,2021-08-06,DU,0
Pfizer,3,2021-08-06,R,0
Pfizer,3,2021-08-07,D1,4
Pfizer,3,2021-08-07,D2,0
Pfizer,3,2021-08-07,DU,0
Pfizer,3,2021-08-07,R,0
Pfizer,3,2021-08-08,D1,1
Pfizer,3,2021-08-08,D2,0
Pfizer,3,2021-08-08,DU,0
Pfizer,3,2021-08-08,R,0
Pfizer,3,2021-08-09,D1,12
Pfizer,3,2021-08-09,D2,0
Pfizer,3,2021-08-09,DU,0
Pfizer,3,2021-08-09,R,0
Pfizer,3,2021-08-10,D1,37
Pfizer,3,2021-08-10,D2,1
Pfizer,3,2021-08-10,DU,0
Pfizer,3,2021-08-10,R,0
Pfizer,3,2021-08-11,D1,13
Pfizer,3,2021-08-11,D2,1
Pfizer,3,2021-08-11,DU,0
Pfizer,3,2021-08-11,R,0
Pfizer,3,2021-08-12,D1,20
Pfizer,3,2021-08-12,D2,0
Pfizer,3,2021-08-12,DU,0
Pfizer,3,2021-08-12,R,0
Pfizer,3,2021-08-13,D1,114
Pfizer,3,2021-08-13,D2,0
Pfizer,3,2021-08-13,DU,0
Pfizer,3,2021-08-13,R,0
Pfizer,3,2021-08-14,D1,178
Pfizer,3,2021-08-14,D2,3
Pfizer,3,2021-08-14,DU,0
Pfizer,3,2021-08-14,R,0
Pfizer,3,2021-08-15,D1,88
Pfizer,3,2021-08-15,D2,1
Pfizer,3,2021-08-15,DU,0
Pfizer,3,2021-08-15,R,0
Pfizer,3,2021-08-16,D1,467
Pfizer,3,2021-08-16,D2,0
Pfizer,3,2021-08-16,DU,0
Pfizer,3,2021-08-16,R,0
Pfizer,3,2021-08-17,D1,3299
Pfizer,3,2021-08-17,D2,0
Pfizer,3,2021-08-17,DU,0
Pfizer,3,2021-08-17,R,0
Pfizer,3,2021-08-18,D1,5634
Pfizer,3,2021-08-18,D2,2
Pfizer,3,2021-08-18,DU,0
Pfizer,3,2021-08-18,R,0
Pfizer,3,2021-08-19,D1,4418
Pfizer,3,2021-08-19,D2,0
Pfizer,3,2021-08-19,DU,0
Pfizer,3,2021-08-19,R,0
Pfizer,3,2021-08-20,D1,3974
Pfizer,3,2021-08-20,D2,0
Pfizer,3,2021-08-20,DU,0
Pfizer,3,2021-08-20,R,0
Pfizer,3,2021-08-21,D1,2217
Pfizer,3,2021-08-21,D2,1
Pfizer,3,2021-08-21,DU,0
Pfizer,3,2021-08-21,R,0
Pfizer,3,2021-08-22,D1,180
Pfizer,3,2021-08-22,D2,0
Pfizer,3,2021-08-22,DU,0
Pfizer,3,2021-08-22,R,0
Pfizer,3,2021-08-23,D1,9110
Pfizer,3,2021-08-23,D2,2
Pfizer,3,2021-08-23,DU,0
Pfizer,3,2021-08-23,R,0
Pfizer,3,2021-08-24,D1,9926
Pfizer,3,2021-08-24,D2,2
Pfizer,3,2021-08-24,DU,4
Pfizer,3,2021-08-24,R,0
Pfizer,3,2021-08-25,D1,11051
Pfizer,3,2021-08-25,D2,7
Pfizer,3,2021-08-25,DU,2
Pfizer,3,2021-08-25,R,1
Pfizer,3,2021-08-26,D1,11579
Pfizer,3,2021-08-26,D2,4
Pfizer,3,2021-08-26,DU,18
Pfizer,3,2021-08-26,R,0
Pfizer,3,2021-08-27,D1,10955
Pfizer,3,2021-08-27,D2,1
Pfizer,3,2021-08-27,DU,30
Pfizer,3,2021-08-27,R,0
Pfizer,3,2021-08-28,D1,6006
Pfizer,3,2021-08-28,D2,0
Pfizer,3,2021-08-28,DU,0
Pfizer,3,2021-08-28,R,0
Pfizer,3,2021-08-29,D1,4666
Pfizer,3,2021-08-29,D2,2
Pfizer,3,2021-08-29,DU,0
Pfizer,3,2021-08-29,R,0
Pfizer,3,2021-08-30,D1,68693
Pfizer,3,2021-08-30,D2,7
Pfizer,3,2021-08-30,DU,0
Pfizer,3,2021-08-30,R,0
Pfizer,3,2021-08-31,D1,72287
Pfizer,3,2021-08-31,D2,4
Pfizer,3,2021-08-31,DU,0
Pfizer,3,2021-08-31,R,0
Pfizer,3,2021-09-01,D1,59468
Pfizer,3,2021-09-01,D2,12
Pfizer,3,2021-09-01,DU,7
Pfizer,3,2021-09-01,R,0
Pfizer,3,2021-09-02,D1,40611
Pfizer,3,2021-09-02,D2,5
Pfizer,3,2021-09-02,DU,0
Pfizer,3,2021-09-02,R,0
Pfizer,3,2021-09-03,D1,39007
Pfizer,3,2021-09-03,D2,9
Pfizer,3,2021-09-03,DU,6
Pfizer,3,2021-09-03,R,0
Pfizer,3,2021-09-04,D1,15016
Pfizer,3,2021-09-04,D2,1
Pfizer,3,2021-09-04,DU,0
Pfizer,3,2021-09-04,R,0
Pfizer,3,2021-09-05,D1,2690
Pfizer,3,2021-09-05,D2,0
Pfizer,3,2021-09-05,DU,0
Pfizer,3,2021-09-05,R,0
Pfizer,3,2021-09-06,D1,43687
Pfizer,3,2021-09-06,D2,5
Pfizer,3,2021-09-06,DU,0
Pfizer,3,2021-09-06,R,0
Pfizer,3,2021-09-07,D1,5579
Pfizer,3,2021-09-07,D2,0
Pfizer,3,2021-09-07,DU,0
Pfizer,3,2021-09-07,R,0
Pfizer,3,2021-09-08,D1,42714
Pfizer,3,2021-09-08,D2,10
Pfizer,3,2021-09-08,DU,0
Pfizer,3,2021-09-08,R,0
Pfizer,3,2021-09-09,D1,46987
Pfizer,3,2021-09-09,D2,7
Pfizer,3,2021-09-09,DU,0
Pfizer,3,2021-09-09,R,0
Pfizer,3,2021-09-10,D1,43534
Pfizer,3,2021-09-10,D2,13
Pfizer,3,2021-09-10,DU,0
Pfizer,3,2021-09-10,R,0
Pfizer,3,2021-09-11,D1,21408
Pfizer,3,2021-09-11,D2,4
Pfizer,3,2021-09-11,DU,0
Pfizer,3,2021-09-11,R,0
Pfizer,3,2021-09-12,D1,3034
Pfizer,3,2021-09-12,D2,0
Pfizer,3,2021-09-12,DU,0
Pfizer,3,2021-09-12,R,0
Pfizer,3,2021-09-13,D1,31916
Pfizer,3,2021-09-13,D2,11
Pfizer,3,2021-09-13,DU,0
Pfizer,3,2021-09-13,R,0
Pfizer,3,2021-09-14,D1,29015
Pfizer,3,2021-09-14,D2,13
Pfizer,3,2021-09-14,DU,0
Pfizer,3,2021-09-14,R,0
Pfizer,3,2021-09-15,D1,23460
Pfizer,3,2021-09-15,D2,14
Pfizer,3,2021-09-15,DU,0
Pfizer,3,2021-09-15,R,0
Pfizer,3,2021-09-16,D1,16114
Pfizer,3,2021-09-16,D2,15
Pfizer,3,2021-09-16,DU,0
Pfizer,3,2021-09-16,R,0
Pfizer,3,2021-09-17,D1,11627
Pfizer,3,2021-09-17,D2,12
Pfizer,3,2021-09-17,DU,0
Pfizer,3,2021-09-17,R,0
Pfizer,3,2021-09-18,D1,3902
Pfizer,3,2021-09-18,D2,17
Pfizer,3,2021-09-18,DU,0
Pfizer,3,2021-09-18,R,0
Pfizer,3,2021-09-19,D1,212
Pfizer,3,2021-09-19,D2,0
Pfizer,3,2021-09-19,DU,0
Pfizer,3,2021-09-19,R,0
Pfizer,3,2021-09-20,D1,7556
Pfizer,3,2021-09-20,D2,21
Pfizer,3,2021-09-20,DU,0
Pfizer,3,2021-09-20,R,0
Pfizer,3,2021-09-21,D1,6291
Pfizer,3,2021-09-21,D2,20
Pfizer,3,2021-09-21,DU,0
Pfizer,3,2021-09-21,R,0
Pfizer,3,2021-09-22,D1,5630
Pfizer,3,2021-09-22,D2,19
Pfizer,3,2021-09-22,DU,0
Pfizer,3,2021-09-22,R,0
Pfizer,3,2021-09-23,D1,6686
Pfizer,3,2021-09-23,D2,39
Pfizer,3,2021-09-23,DU,0
Pfizer,3,2021-09-23,R,0
Pfizer,3,2021-09-24,D1,4643
Pfizer,3,2021-09-24,D2,23
Pfizer,3,2021-09-24,DU,0
Pfizer,3,2021-09-24,R,0
Pfizer,3,2021-09-25,D1,1507
Pfizer,3,2021-09-25,D2,12
Pfizer,3,2021-09-25,DU,0
Pfizer,3,2021-09-25,R,0
Pfizer,3,2021-09-26,D1,152
Pfizer,3,2021-09-26,D2,1
Pfizer,3,2021-09-26,DU,0
Pfizer,3,2021-09-26,R,0
Pfizer,3,2021-09-27,D1,4230
Pfizer,3,2021-09-27,D2,33
Pfizer,3,2021-09-27,DU,0
Pfizer,3,2021-09-27,R,0
Pfizer,3,2021-09-28,D1,3520
Pfizer,3,2021-09-28,D2,33
Pfizer,3,2021-09-28,DU,0
Pfizer,3,2021-09-28,R,0
Pfizer,3,2021-09-29,D1,3190
Pfizer,3,2021-09-29,D2,27
Pfizer,3,2021-09-29,DU,0
Pfizer,3,2021-09-29,R,0
Pfizer,3,2021-09-30,D1,2736
Pfizer,3,2021-09-30,D2,24
Pfizer,3,2021-09-30,DU,0
Pfizer,3,2021-09-30,R,0
Pfizer,3,2021-10-01,D1,2297
Pfizer,3,2021-10-01,D2,26
Pfizer,3,2021-10-01,DU,0
Pfizer,3,2021-10-01,R,0
Pfizer,3,2021-10-02,D1,2158
Pfizer,3,2021-10-02,D2,25
Pfizer,3,2021-10-02,DU,0
Pfizer,3,2021-10-02,R,0
Pfizer,3,2021-10-03,D1,62
Pfizer,3,2021-10-03,D2,9
Pfizer,3,2021-10-03,DU,0
Pfizer,3,2021-10-03,R,0
Pfizer,3,2021-10-04,D1,2637
Pfizer,3,2021-10-04,D2,35
Pfizer,3,2021-10-04,DU,0
Pfizer,3,2021-10-04,R,4
Pfizer,3,2021-10-05,D1,2065
Pfizer,3,2021-10-05,D2,73
Pfizer,3,2021-10-05,DU,0
Pfizer,3,2021-10-05,R,3
Pfizer,3,2021-10-06,D1,2177
Pfizer,3,2021-10-06,D2,98
Pfizer,3,2021-10-06,DU,0
Pfizer,3,2021-10-06,R,5
Pfizer,3,2021-10-07,D1,1918
Pfizer,3,2021-10-07,D2,143
Pfizer,3,2021-10-07,DU,0
Pfizer,3,2021-10-07,R,0
Pfizer,3,2021-10-08,D1,2213
Pfizer,3,2021-10-08,D2,235
Pfizer,3,2021-10-08,DU,0
Pfizer,3,2021-10-08,R,5
Pfizer,3,2021-10-09,D1,711
Pfizer,3,2021-10-09,D2,211
Pfizer,3,2021-10-09,DU,0
Pfizer,3,2021-10-09,R,0
Pfizer,3,2021-10-10,D1,31
Pfizer,3,2021-10-10,D2,30
Pfizer,3,2021-10-10,DU,0
Pfizer,3,2021-10-10,R,0
Pfizer,3,2021-10-11,D1,489
Pfizer,3,2021-10-11,D2,229
Pfizer,3,2021-10-11,DU,0
Pfizer,3,2021-10-11,R,0
Pfizer,3,2021-10-12,D1,99
Pfizer,3,2021-10-12,D2,127
Pfizer,3,2021-10-12,DU,0
Pfizer,3,2021-10-12,R,0
Pfizer,3,2021-10-13,D1,1746
Pfizer,3,2021-10-13,D2,1490
Pfizer,3,2021-10-13,DU,0
Pfizer,3,2021-10-13,R,2
Pfizer,3,2021-10-14,D1,1971
Pfizer,3,2021-10-14,D2,1693
Pfizer,3,2021-10-14,DU,0
Pfizer,3,2021-10-14,R,0
Pfizer,3,2021-10-15,D1,2078
Pfizer,3,2021-10-15,D2,1952
Pfizer,3,2021-10-15,DU,6
Pfizer,3,2021-10-15,R,2
Pfizer,3,2021-10-16,D1,2444
Pfizer,3,2021-10-16,D2,2439
Pfizer,3,2021-10-16,DU,0
Pfizer,3,2021-10-16,R,1
Pfizer,3,2021-10-17,D1,38
Pfizer,3,2021-10-17,D2,94
Pfizer,3,2021-10-17,DU,0
Pfizer,3,2021-10-17,R,0
Pfizer,3,2021-10-18,D1,1814
Pfizer,3,2021-10-18,D2,2832
Pfizer,3,2021-10-18,DU,0
Pfizer,3,2021-10-18,R,0
Pfizer,3,2021-10-19,D1,1766
Pfizer,3,2021-10-19,D2,3978
Pfizer,3,2021-10-19,DU,0
Pfizer,3,2021-10-19,R,2
Pfizer,3,2021-10-20,D1,2245
Pfizer,3,2021-10-20,D2,6073
Pfizer,3,2021-10-20,DU,0
Pfizer,3,2021-10-20,R,2
Pfizer,3,2021-10-21,D1,1957
Pfizer,3,2021-10-21,D2,6001
Pfizer,3,2021-10-21,DU,0
Pfizer,3,2021-10-21,R,2
Pfizer,3,2021-10-22,D1,2189
Pfizer,3,2021-10-22,D2,7190
Pfizer,3,2021-10-22,DU,0
Pfizer,3,2021-10-22,R,6
Pfizer,3,2021-10-23,D1,823
Pfizer,3,2021-10-23,D2,3430
Pfizer,3,2021-10-23,DU,0
Pfizer,3,2021-10-23,R,1
Pfizer,3,2021-10-24,D1,119
Pfizer,3,2021-10-24,D2,463
Pfizer,3,2021-10-24,DU,0
Pfizer,3,2021-10-24,R,0
Pfizer,3,2021-10-25,D1,1877
Pfizer,3,2021-10-25,D2,16108
Pfizer,3,2021-10-25,DU,18
Pfizer,3,2021-10-25,R,1
Pfizer,3,2021-10-26,D1,1868
Pfizer,3,2021-10-26,D2,21254
Pfizer,3,2021-10-26,DU,0
Pfizer,3,2021-10-26,R,3
Pfizer,3,2021-10-27,D1,1833
Pfizer,3,2021-10-27,D2,22782
Pfizer,3,2021-10-27,DU,0
Pfizer,3,2021-10-27,R,5
Pfizer,3,2021-10-28,D1,1725
Pfizer,3,2021-10-28,D2,16481
Pfizer,3,2021-10-28,DU,0
Pfizer,3,2021-10-28,R,2
Pfizer,3,2021-10-29,D1,1117
Pfizer,3,2021-10-29,D2,9290
Pfizer,3,2021-10-29,DU,28
Pfizer,3,2021-10-29,R,0
Pfizer,3,2021-10-30,D1,606
Pfizer,3,2021-10-30,D2,4941
Pfizer,3,2021-10-30,DU,0
Pfizer,3,2021-10-30,R,2
Pfizer,3,2021-10-31,D1,42
Pfizer,3,2021-10-31,D2,346
Pfizer,3,2021-10-31,DU,0
Pfizer,3,2021-10-31,R,0
Pfizer,3,2021-11-01,D1,202
Pfizer,3,2021-11-01,D2,3929
Pfizer,3,2021-11-01,DU,0
Pfizer,3,2021-11-01,R,3
Pfizer,3,2021-11-02,D1,109
Pfizer,3,2021-11-02,D2,1243
Pfizer,3,2021-11-02,DU,0
Pfizer,3,2021-11-02,R,0
Pfizer,3,2021-11-03,D1,2147
Pfizer,3,2021-11-03,D2,21580
Pfizer,3,2021-11-03,DU,0
Pfizer,3,2021-11-03,R,6
Pfizer,3,2021-11-04,D1,3057
Pfizer,3,2021-11-04,D2,20638
Pfizer,3,2021-11-04,DU,0
Pfizer,3,2021-11-04,R,5
Pfizer,3,2021-11-05,D1,3372
Pfizer,3,2021-11-05,D2,22742
Pfizer,3,2021-11-05,DU,0
Pfizer,3,2021-11-05,R,6
Pfizer,3,2021-11-06,D1,1335
Pfizer,3,2021-11-06,D2,7124
Pfizer,3,2021-11-06,DU,0
Pfizer,3,2021-11-06,R,1
Pfizer,3,2021-11-07,D1,58
Pfizer,3,2021-11-07,D2,227
Pfizer,3,2021-11-07,DU,0
Pfizer,3,2021-11-07,R,0
Pfizer,3,2021-11-08,D1,2156
Pfizer,3,2021-11-08,D2,15400
Pfizer,3,2021-11-08,DU,0
Pfizer,3,2021-11-08,R,4
Pfizer,3,2021-11-09,D1,1483
Pfizer,3,2021-11-09,D2,15834
Pfizer,3,2021-11-09,DU,58
Pfizer,3,2021-11-09,R,2
Pfizer,3,2021-11-10,D1,1006
Pfizer,3,2021-11-10,D2,12688
Pfizer,3,2021-11-10,DU,0
Pfizer,3,2021-11-10,R,2
Pfizer,3,2021-11-11,D1,1311
Pfizer,3,2021-11-11,D2,14289
Pfizer,3,2021-11-11,DU,0
Pfizer,3,2021-11-11,R,1
Pfizer,3,2021-11-12,D1,1392
Pfizer,3,2021-11-12,D2,15645
Pfizer,3,2021-11-12,DU,2
Pfizer,3,2021-11-12,R,4
Pfizer,3,2021-11-13,D1,541
Pfizer,3,2021-11-13,D2,7383
Pfizer,3,2021-11-13,DU,0
Pfizer,3,2021-11-13,R,0
Pfizer,3,2021-11-14,D1,35
Pfizer,3,2021-11-14,D2,290
Pfizer,3,2021-11-14,DU,0
Pfizer,3,2021-11-14,R,0
Pfizer,3,2021-11-15,D1,142
Pfizer,3,2021-11-15,D2,1492
Pfizer,3,2021-11-15,DU,0
Pfizer,3,2021-11-15,R,0
Pfizer,3,2021-11-16,D1,1028
Pfizer,3,2021-11-16,D2,10797
Pfizer,3,2021-11-16,DU,0
Pfizer,3,2021-11-16,R,4
Pfizer,3,2021-11-17,D1,1072
Pfizer,3,2021-11-17,D2,10800
Pfizer,3,2021-11-17,DU,6
Pfizer,3,2021-11-17,R,4
Pfizer,3,2021-11-18,D1,918
Pfizer,3,2021-11-18,D2,8515
Pfizer,3,2021-11-18,DU,0
Pfizer,3,2021-11-18,R,3
Pfizer,3,2021-11-19,D1,11
Pfizer,3,2021-11-19,D2,241
Pfizer,3,2021-11-19,DU,9
Pfizer,3,2021-11-19,R,0
Pfizer,3,2021-11-20,D1,643
Pfizer,3,2021-11-20,D2,7293
Pfizer,3,2021-11-20,DU,0
Pfizer,3,2021-11-20,R,3
Pfizer,3,2021-11-21,D1,16
Pfizer,3,2021-11-21,D2,275
Pfizer,3,2021-11-21,DU,0
Pfizer,3,2021-11-21,R,0
Pfizer,3,2021-11-22,D1,7
Pfizer,3,2021-11-22,D2,130
Pfizer,3,2021-11-22,DU,0
Pfizer,3,2021-11-22,R,0
Pfizer,3,2021-11-23,D1,133
Pfizer,3,2021-11-23,D2,2580
Pfizer,3,2021-11-23,DU,0
Pfizer,3,2021-11-23,R,0
Pfizer,3,2021-11-24,D1,27
Pfizer,3,2021-11-24,D2,294
Pfizer,3,2021-11-24,DU,0
Pfizer,3,2021-11-24,R,3
Pfizer,3,2021-11-25,D1,5
Pfizer,3,2021-11-25,D2,121
Pfizer,3,2021-11-25,DU,0
Pfizer,3,2021-11-25,R,0
Pfizer,3,2021-11-26,D1,7
Pfizer,3,2021-11-26,D2,694
Pfizer,3,2021-11-26,DU,0
Pfizer,3,2021-11-26,R,0
Pfizer,3,2021-11-27,D1,7
Pfizer,3,2021-11-27,D2,93
Pfizer,3,2021-11-27,DU,0
Pfizer,3,2021-11-27,R,0
Pfizer,3,2021-11-29,D1,10
Pfizer,3,2021-11-29,D2,83
Pfizer,3,2021-11-29,DU,0
Pfizer,3,2021-11-29,R,0
Pfizer,3,2021-11-30,D1,4
Pfizer,3,2021-11-30,D2,41
Pfizer,3,2021-11-30,DU,0
Pfizer,3,2021-11-30,R,0
Pfizer,3,2021-12-01,D1,2
Pfizer,3,2021-12-01,D2,51
Pfizer,3,2021-12-01,DU,0
Pfizer,3,2021-12-01,R,0
Pfizer,3,2021-12-02,D1,1
Pfizer,3,2021-12-02,D2,492
Pfizer,3,2021-12-02,DU,0
Pfizer,3,2021-12-02,R,1
Pfizer,3,2021-12-03,D1,7
Pfizer,3,2021-12-03,D2,129
Pfizer,3,2021-12-03,DU,0
Pfizer,3,2021-12-03,R,0
Pfizer,3,2021-12-04,D1,416
Pfizer,3,2021-12-04,D2,5079
Pfizer,3,2021-12-04,DU,0
Pfizer,3,2021-12-04,R,3
Pfizer,3,2021-12-05,D1,17
Pfizer,3,2021-12-05,D2,171
Pfizer,3,2021-12-05,DU,0
Pfizer,3,2021-12-05,R,0
Pfizer,3,2021-12-06,D1,8
Pfizer,3,2021-12-06,D2,77
Pfizer,3,2021-12-06,DU,0
Pfizer,3,2021-12-06,R,0
Pfizer,3,2021-12-07,D1,804
Pfizer,3,2021-12-07,D2,8774
Pfizer,3,2021-12-07,DU,0
Pfizer,3,2021-12-07,R,3
Pfizer,3,2021-12-08,D1,3
Pfizer,3,2021-12-08,D2,45
Pfizer,3,2021-12-08,DU,0
Pfizer,3,2021-12-08,R,1
Pfizer,3,2021-12-09,D1,1
Pfizer,3,2021-12-09,D2,28
Pfizer,3,2021-12-09,DU,0
Pfizer,3,2021-12-09,R,0
Pfizer,3,2021-12-10,D1,0
Pfizer,3,2021-12-10,D2,34
Pfizer,3,2021-12-10,DU,0
Pfizer,3,2021-12-10,R,0
Pfizer,3,2021-12-11,D1,0
Pfizer,3,2021-12-11,D2,4
Pfizer,3,2021-12-11,DU,0
Pfizer,3,2021-12-11,R,0
Pfizer,3,2021-12-12,D1,0
Pfizer,3,2021-12-12,D2,4
Pfizer,3,2021-12-12,DU,0
Pfizer,3,2021-12-12,R,0
Pfizer,3,2021-12-13,D1,0
Pfizer,3,2021-12-13,D2,20
Pfizer,3,2021-12-13,DU,0
Pfizer,3,2021-12-13,R,0
Pfizer,3,2021-12-14,D1,810
Pfizer,3,2021-12-14,D2,6799
Pfizer,3,2021-12-14,DU,0
Pfizer,3,2021-12-14,R,14
Pfizer,3,2021-12-15,D1,1
Pfizer,3,2021-12-15,D2,28
Pfizer,3,2021-12-15,DU,0
Pfizer,3,2021-12-15,R,0
Pfizer,3,2021-12-16,D1,0
Pfizer,3,2021-12-16,D2,23
Pfizer,3,2021-12-16,DU,0
Pfizer,3,2021-12-16,R,0
Pfizer,3,2021-12-17,D1,544
Pfizer,3,2021-12-17,D2,4498
Pfizer,3,2021-12-17,DU,0
Pfizer,3,2021-12-17,R,8
Pfizer,3,2021-12-18,D1,0
Pfizer,3,2021-12-18,D2,1
Pfizer,3,2021-12-18,DU,0
Pfizer,3,2021-12-18,R,0
Pfizer,3,2021-12-19,D1,15
Pfizer,3,2021-12-19,D2,124
Pfizer,3,2021-12-19,DU,0
Pfizer,3,2021-12-19,R,0
Pfizer,3,2021-12-20,D1,193
Pfizer,3,2021-12-20,D2,1354
Pfizer,3,2021-12-20,DU,0
Pfizer,3,2021-12-20,R,7
Pfizer,3,2021-12-21,D1,1
Pfizer,3,2021-12-21,D2,22
Pfizer,3,2021-12-21,DU,0
Pfizer,3,2021-12-21,R,0
Pfizer,3,2021-12-22,D1,2
Pfizer,3,2021-12-22,D2,26
Pfizer,3,2021-12-22,DU,0
Pfizer,3,2021-12-22,R,0
Pfizer,3,2021-12-23,D1,144
Pfizer,3,2021-12-23,D2,924
Pfizer,3,2021-12-23,DU,0
Pfizer,3,2021-12-23,R,3
Pfizer,3,2021-12-26,D1,5
Pfizer,3,2021-12-26,D2,10
Pfizer,3,2021-12-26,DU,0
Pfizer,3,2021-12-26,R,0
Pfizer,3,2021-12-27,D1,470
Pfizer,3,2021-12-27,D2,2362
Pfizer,3,2021-12-27,DU,0
Pfizer,3,2021-12-27,R,9
Pfizer,3,2021-12-28,D1,487
Pfizer,3,2021-12-28,D2,2845
Pfizer,3,2021-12-28,DU,0
Pfizer,3,2021-12-28,R,9
Pfizer,3,2021-12-29,D1,1
Pfizer,3,2021-12-29,D2,11
Pfizer,3,2021-12-29,DU,0
Pfizer,3,2021-12-29,R,0
Pfizer,3,2021-12-30,D1,0
Pfizer,3,2021-12-30,D2,2
Pfizer,3,2021-12-30,DU,0
Pfizer,3,2021-12-30,R,0
Pfizer,3,2022-01-02,D1,0
Pfizer,3,2022-01-02,D2,1
Pfizer,3,2022-01-02,DU,0
Pfizer,3,2022-01-02,R,0
Pfizer,3,2022-01-03,D1,343
Pfizer,3,2022-01-03,D2,1572
Pfizer,3,2022-01-03,DU,0
Pfizer,3,2022-01-03,R,6
Pfizer,3,2022-01-04,D1,666
Pfizer,3,2022-01-04,D2,3108
Pfizer,3,2022-01-04,DU,0
Pfizer,3,2022-01-04,R,12
Pfizer,3,2022-01-05,D1,6
Pfizer,3,2022-01-05,D2,30
Pfizer,3,2022-01-05,DU,0
Pfizer,3,2022-01-05,R,0
Pfizer,3,2022-01-06,D1,0
Pfizer,3,2022-01-06,D2,7
Pfizer,3,2022-01-06,DU,0
Pfizer,3,2022-01-06,R,1
Pfizer,3,2022-01-07,D1,4
Pfizer,3,2022-01-07,D2,19
Pfizer,3,2022-01-07,DU,0
Pfizer,3,2022-01-07,R,1
Pfizer,3,2022-01-08,D1,14
Pfizer,3,2022-01-08,D2,40
Pfizer,3,2022-01-08,DU,0
Pfizer,3,2022-01-08,R,1
Pfizer,3,2022-01-09,D1,0
Pfizer,3,2022-01-09,D2,2
Pfizer,3,2022-01-09,DU,0
Pfizer,3,2022-01-09,R,0
Pfizer,3,2022-01-10,D1,608
Pfizer,3,2022-01-10,D2,2147
Pfizer,3,2022-01-10,DU,0
Pfizer,3,2022-01-10,R,7
Pfizer,3,2022-01-11,D1,571
Pfizer,3,2022-01-11,D2,1902
Pfizer,3,2022-01-11,DU,0
Pfizer,3,2022-01-11,R,14
Pfizer,3,2022-01-12,D1,2
Pfizer,3,2022-01-12,D2,18
Pfizer,3,2022-01-12,DU,0
Pfizer,3,2022-01-12,R,0
Pfizer,3,2022-01-13,D1,650
Pfizer,3,2022-01-13,D2,2307
Pfizer,3,2022-01-13,DU,0
Pfizer,3,2022-01-13,R,13
Pfizer,3,2022-01-14,D1,23
Pfizer,3,2022-01-14,D2,90
Pfizer,3,2022-01-14,DU,0
Pfizer,3,2022-01-14,R,0
Pfizer,4,2021-02-01,D1,1
Pfizer,4,2021-02-01,D2,0
Pfizer,4,2021-02-01,DU,0
Pfizer,4,2021-02-01,R,0
Pfizer,4,2021-02-03,D1,1
Pfizer,4,2021-02-03,D2,0
Pfizer,4,2021-02-03,DU,0
Pfizer,4,2021-02-03,R,0
Pfizer,4,2021-02-13,D1,1
Pfizer,4,2021-02-13,D2,0
Pfizer,4,2021-02-13,DU,0
Pfizer,4,2021-02-13,R,0
Pfizer,4,2021-02-17,D1,1
Pfizer,4,2021-02-17,D2,0
Pfizer,4,2021-02-17,DU,0
Pfizer,4,2021-02-17,R,0
Pfizer,4,2021-02-18,D1,1
Pfizer,4,2021-02-18,D2,0
Pfizer,4,2021-02-18,DU,0
Pfizer,4,2021-02-18,R,0
Pfizer,4,2021-02-21,D1,8
Pfizer,4,2021-02-21,D2,0
Pfizer,4,2021-02-21,DU,0
Pfizer,4,2021-02-21,R,0
Pfizer,4,2021-02-22,D1,1
Pfizer,4,2021-02-22,D2,0
Pfizer,4,2021-02-22,DU,0
Pfizer,4,2021-02-22,R,0
Pfizer,4,2021-03-16,D1,1
Pfizer,4,2021-03-16,D2,0
Pfizer,4,2021-03-16,DU,0
Pfizer,4,2021-03-16,R,0
Pfizer,4,2021-04-08,D1,1
Pfizer,4,2021-04-08,D2,0
Pfizer,4,2021-04-08,DU,0
Pfizer,4,2021-04-08,R,0
Pfizer,4,2021-04-10,D1,4
Pfizer,4,2021-04-10,D2,0
Pfizer,4,2021-04-10,DU,0
Pfizer,4,2021-04-10,R,0
Pfizer,4,2021-04-13,D1,1
Pfizer,4,2021-04-13,D2,0
Pfizer,4,2021-04-13,DU,0
Pfizer,4,2021-04-13,R,0
Pfizer,4,2021-04-14,D1,1
Pfizer,4,2021-04-14,D2,0
Pfizer,4,2021-04-14,DU,0
Pfizer,4,2021-04-14,R,0
Pfizer,4,2021-04-19,D1,1
Pfizer,4,2021-04-19,D2,0
Pfizer,4,2021-04-19,DU,0
Pfizer,4,2021-04-19,R,0
Pfizer,4,2021-04-24,D1,1
Pfizer,4,2021-04-24,D2,0
Pfizer,4,2021-04-24,DU,0
Pfizer,4,2021-04-24,R,0
Pfizer,4,2021-05-02,D1,2
Pfizer,4,2021-05-02,D2,0
Pfizer,4,2021-05-02,DU,0
Pfizer,4,2021-05-02,R,0
Pfizer,4,2021-05-04,D1,0
Pfizer,4,2021-05-04,D2,1
Pfizer,4,2021-05-04,DU,0
Pfizer,4,2021-05-04,R,0
Pfizer,4,2021-05-05,D1,1
Pfizer,4,2021-05-05,D2,0
Pfizer,4,2021-05-05,DU,0
Pfizer,4,2021-05-05,R,0
Pfizer,4,2021-05-06,D1,32
Pfizer,4,2021-05-06,D2,0
Pfizer,4,2021-05-06,DU,0
Pfizer,4,2021-05-06,R,0
Pfizer,4,2021-05-07,D1,11
Pfizer,4,2021-05-07,D2,0
Pfizer,4,2021-05-07,DU,0
Pfizer,4,2021-05-07,R,0
Pfizer,4,2021-05-08,D1,2
Pfizer,4,2021-05-08,D2,0
Pfizer,4,2021-05-08,DU,0
Pfizer,4,2021-05-08,R,0
Pfizer,4,2021-05-10,D1,3
Pfizer,4,2021-05-10,D2,0
Pfizer,4,2021-05-10,DU,0
Pfizer,4,2021-05-10,R,0
Pfizer,4,2021-05-12,D1,2
Pfizer,4,2021-05-12,D2,0
Pfizer,4,2021-05-12,DU,0
Pfizer,4,2021-05-12,R,0
Pfizer,4,2021-05-13,D1,1
Pfizer,4,2021-05-13,D2,0
Pfizer,4,2021-05-13,DU,0
Pfizer,4,2021-05-13,R,0
Pfizer,4,2021-05-14,D1,156
Pfizer,4,2021-05-14,D2,1
Pfizer,4,2021-05-14,DU,0
Pfizer,4,2021-05-14,R,0
Pfizer,4,2021-05-15,D1,85
Pfizer,4,2021-05-15,D2,0
Pfizer,4,2021-05-15,DU,0
Pfizer,4,2021-05-15,R,0
Pfizer,4,2021-05-16,D1,1
Pfizer,4,2021-05-16,D2,0
Pfizer,4,2021-05-16,DU,0
Pfizer,4,2021-05-16,R,0
Pfizer,4,2021-05-17,D1,305
Pfizer,4,2021-05-17,D2,0
Pfizer,4,2021-05-17,DU,0
Pfizer,4,2021-05-17,R,0
Pfizer,4,2021-05-18,D1,510
Pfizer,4,2021-05-18,D2,0
Pfizer,4,2021-05-18,DU,0
Pfizer,4,2021-05-18,R,0
Pfizer,4,2021-05-19,D1,319
Pfizer,4,2021-05-19,D2,1
Pfizer,4,2021-05-19,DU,0
Pfizer,4,2021-05-19,R,0
Pfizer,4,2021-05-20,D1,132
Pfizer,4,2021-05-20,D2,0
Pfizer,4,2021-05-20,DU,0
Pfizer,4,2021-05-20,R,0
Pfizer,4,2021-05-21,D1,37
Pfizer,4,2021-05-21,D2,0
Pfizer,4,2021-05-21,DU,0
Pfizer,4,2021-05-21,R,0
Pfizer,4,2021-05-22,D1,2
Pfizer,4,2021-05-22,D2,0
Pfizer,4,2021-05-22,DU,0
Pfizer,4,2021-05-22,R,0
Pfizer,4,2021-05-24,D1,20
Pfizer,4,2021-05-24,D2,0
Pfizer,4,2021-05-24,DU,0
Pfizer,4,2021-05-24,R,0
Pfizer,4,2021-05-25,D1,310
Pfizer,4,2021-05-25,D2,0
Pfizer,4,2021-05-25,DU,0
Pfizer,4,2021-05-25,R,0
Pfizer,4,2021-05-26,D1,263
Pfizer,4,2021-05-26,D2,0
Pfizer,4,2021-05-26,DU,0
Pfizer,4,2021-05-26,R,0
Pfizer,4,2021-05-27,D1,1156
Pfizer,4,2021-05-27,D2,0
Pfizer,4,2021-05-27,DU,0
Pfizer,4,2021-05-27,R,0
Pfizer,4,2021-05-28,D1,2541
Pfizer,4,2021-05-28,D2,0
Pfizer,4,2021-05-28,DU,0
Pfizer,4,2021-05-28,R,0
Pfizer,4,2021-05-29,D1,141
Pfizer,4,2021-05-29,D2,0
Pfizer,4,2021-05-29,DU,0
Pfizer,4,2021-05-29,R,0
Pfizer,4,2021-05-30,D1,2
Pfizer,4,2021-05-30,D2,0
Pfizer,4,2021-05-30,DU,0
Pfizer,4,2021-05-30,R,0
Pfizer,4,2021-05-31,D1,11
Pfizer,4,2021-05-31,D2,0
Pfizer,4,2021-05-31,DU,0
Pfizer,4,2021-05-31,R,0
Pfizer,4,2021-06-01,D1,27
Pfizer,4,2021-06-01,D2,0
Pfizer,4,2021-06-01,DU,0
Pfizer,4,2021-06-01,R,0
Pfizer,4,2021-06-02,D1,1175
Pfizer,4,2021-06-02,D2,0
Pfizer,4,2021-06-02,DU,0
Pfizer,4,2021-06-02,R,0
Pfizer,4,2021-06-03,D1,745
Pfizer,4,2021-06-03,D2,0
Pfizer,4,2021-06-03,DU,0
Pfizer,4,2021-06-03,R,0
Pfizer,4,2021-06-04,D1,447
Pfizer,4,2021-06-04,D2,4
Pfizer,4,2021-06-04,DU,0
Pfizer,4,2021-06-04,R,0
Pfizer,4,2021-06-05,D1,236
Pfizer,4,2021-06-05,D2,0
Pfizer,4,2021-06-05,DU,0
Pfizer,4,2021-06-05,R,0
Pfizer,4,2021-06-06,D1,497
Pfizer,4,2021-06-06,D2,0
Pfizer,4,2021-06-06,DU,0
Pfizer,4,2021-06-06,R,0
Pfizer,4,2021-06-07,D1,4178
Pfizer,4,2021-06-07,D2,13
Pfizer,4,2021-06-07,DU,0
Pfizer,4,2021-06-07,R,0
Pfizer,4,2021-06-08,D1,2573
Pfizer,4,2021-06-08,D2,13
Pfizer,4,2021-06-08,DU,0
Pfizer,4,2021-06-08,R,0
Pfizer,4,2021-06-09,D1,1715
Pfizer,4,2021-06-09,D2,0
Pfizer,4,2021-06-09,DU,0
Pfizer,4,2021-06-09,R,0
Pfizer,4,2021-06-10,D1,1472
Pfizer,4,2021-06-10,D2,0
Pfizer,4,2021-06-10,DU,0
Pfizer,4,2021-06-10,R,0
Pfizer,4,2021-06-11,D1,4131
Pfizer,4,2021-06-11,D2,0
Pfizer,4,2021-06-11,DU,0
Pfizer,4,2021-06-11,R,0
Pfizer,4,2021-06-12,D1,3690
Pfizer,4,2021-06-12,D2,0
Pfizer,4,2021-06-12,DU,0
Pfizer,4,2021-06-12,R,0
Pfizer,4,2021-06-13,D1,284
Pfizer,4,2021-06-13,D2,0
Pfizer,4,2021-06-13,DU,0
Pfizer,4,2021-06-13,R,0
Pfizer,4,2021-06-14,D1,3710
Pfizer,4,2021-06-14,D2,7
Pfizer,4,2021-06-14,DU,0
Pfizer,4,2021-06-14,R,1
Pfizer,4,2021-06-15,D1,3090
Pfizer,4,2021-06-15,D2,0
Pfizer,4,2021-06-15,DU,0
Pfizer,4,2021-06-15,R,0
Pfizer,4,2021-06-16,D1,1929
Pfizer,4,2021-06-16,D2,1
Pfizer,4,2021-06-16,DU,0
Pfizer,4,2021-06-16,R,0
Pfizer,4,2021-06-17,D1,1684
Pfizer,4,2021-06-17,D2,2
Pfizer,4,2021-06-17,DU,0
Pfizer,4,2021-06-17,R,0
Pfizer,4,2021-06-18,D1,1189
Pfizer,4,2021-06-18,D2,0
Pfizer,4,2021-06-18,DU,0
Pfizer,4,2021-06-18,R,1
Pfizer,4,2021-06-19,D1,1026
Pfizer,4,2021-06-19,D2,1
Pfizer,4,2021-06-19,DU,0
Pfizer,4,2021-06-19,R,0
Pfizer,4,2021-06-20,D1,12
Pfizer,4,2021-06-20,D2,1
Pfizer,4,2021-06-20,DU,0
Pfizer,4,2021-06-20,R,0
Pfizer,4,2021-06-21,D1,1401
Pfizer,4,2021-06-21,D2,17
Pfizer,4,2021-06-21,DU,0
Pfizer,4,2021-06-21,R,0
Pfizer,4,2021-06-22,D1,1245
Pfizer,4,2021-06-22,D2,2
Pfizer,4,2021-06-22,DU,0
Pfizer,4,2021-06-22,R,1
Pfizer,4,2021-06-23,D1,1018
Pfizer,4,2021-06-23,D2,1
Pfizer,4,2021-06-23,DU,0
Pfizer,4,2021-06-23,R,0
Pfizer,4,2021-06-24,D1,1438
Pfizer,4,2021-06-24,D2,2
Pfizer,4,2021-06-24,DU,0
Pfizer,4,2021-06-24,R,0
Pfizer,4,2021-06-25,D1,2130
Pfizer,4,2021-06-25,D2,2
Pfizer,4,2021-06-25,DU,0
Pfizer,4,2021-06-25,R,0
Pfizer,4,2021-06-26,D1,593
Pfizer,4,2021-06-26,D2,0
Pfizer,4,2021-06-26,DU,0
Pfizer,4,2021-06-26,R,0
Pfizer,4,2021-06-27,D1,167
Pfizer,4,2021-06-27,D2,0
Pfizer,4,2021-06-27,DU,0
Pfizer,4,2021-06-27,R,0
Pfizer,4,2021-06-28,D1,1040
Pfizer,4,2021-06-28,D2,1
Pfizer,4,2021-06-28,DU,0
Pfizer,4,2021-06-28,R,0
Pfizer,4,2021-06-29,D1,874
Pfizer,4,2021-06-29,D2,2
Pfizer,4,2021-06-29,DU,0
Pfizer,4,2021-06-29,R,0
Pfizer,4,2021-06-30,D1,599
Pfizer,4,2021-06-30,D2,0
Pfizer,4,2021-06-30,DU,0
Pfizer,4,2021-06-30,R,0
Pfizer,4,2021-07-01,D1,300
Pfizer,4,2021-07-01,D2,1
Pfizer,4,2021-07-01,DU,0
Pfizer,4,2021-07-01,R,0
Pfizer,4,2021-07-02,D1,831
Pfizer,4,2021-07-02,D2,2
Pfizer,4,2021-07-02,DU,0
Pfizer,4,2021-07-02,R,0
Pfizer,4,2021-07-03,D1,184
Pfizer,4,2021-07-03,D2,0
Pfizer,4,2021-07-03,DU,0
Pfizer,4,2021-07-03,R,0
Pfizer,4,2021-07-04,D1,17
Pfizer,4,2021-07-04,D2,0
Pfizer,4,2021-07-04,DU,0
Pfizer,4,2021-07-04,R,0
Pfizer,4,2021-07-05,D1,854
Pfizer,4,2021-07-05,D2,0
Pfizer,4,2021-07-05,DU,0
Pfizer,4,2021-07-05,R,0
Pfizer,4,2021-07-06,D1,940
Pfizer,4,2021-07-06,D2,0
Pfizer,4,2021-07-06,DU,0
Pfizer,4,2021-07-06,R,0
Pfizer,4,2021-07-07,D1,992
Pfizer,4,2021-07-07,D2,1
Pfizer,4,2021-07-07,DU,0
Pfizer,4,2021-07-07,R,0
Pfizer,4,2021-07-08,D1,1095
Pfizer,4,2021-07-08,D2,2
Pfizer,4,2021-07-08,DU,0
Pfizer,4,2021-07-08,R,0
Pfizer,4,2021-07-09,D1,495
Pfizer,4,2021-07-09,D2,0
Pfizer,4,2021-07-09,DU,0
Pfizer,4,2021-07-09,R,0
Pfizer,4,2021-07-10,D1,124
Pfizer,4,2021-07-10,D2,0
Pfizer,4,2021-07-10,DU,0
Pfizer,4,2021-07-10,R,0
Pfizer,4,2021-07-11,D1,8
Pfizer,4,2021-07-11,D2,0
Pfizer,4,2021-07-11,DU,0
Pfizer,4,2021-07-11,R,0
Pfizer,4,2021-07-12,D1,614
Pfizer,4,2021-07-12,D2,6
Pfizer,4,2021-07-12,DU,0
Pfizer,4,2021-07-12,R,0
Pfizer,4,2021-07-13,D1,495
Pfizer,4,2021-07-13,D2,0
Pfizer,4,2021-07-13,DU,0
Pfizer,4,2021-07-13,R,0
Pfizer,4,2021-07-14,D1,1330
Pfizer,4,2021-07-14,D2,0
Pfizer,4,2021-07-14,DU,0
Pfizer,4,2021-07-14,R,0
Pfizer,4,2021-07-15,D1,1239
Pfizer,4,2021-07-15,D2,0
Pfizer,4,2021-07-15,DU,0
Pfizer,4,2021-07-15,R,0
Pfizer,4,2021-07-16,D1,1133
Pfizer,4,2021-07-16,D2,1
Pfizer,4,2021-07-16,DU,0
Pfizer,4,2021-07-16,R,0
Pfizer,4,2021-07-17,D1,609
Pfizer,4,2021-07-17,D2,1
Pfizer,4,2021-07-17,DU,0
Pfizer,4,2021-07-17,R,0
Pfizer,4,2021-07-18,D1,28
Pfizer,4,2021-07-18,D2,0
Pfizer,4,2021-07-18,DU,0
Pfizer,4,2021-07-18,R,0
Pfizer,4,2021-07-19,D1,447
Pfizer,4,2021-07-19,D2,1
Pfizer,4,2021-07-19,DU,0
Pfizer,4,2021-07-19,R,0
Pfizer,4,2021-07-20,D1,528
Pfizer,4,2021-07-20,D2,1
Pfizer,4,2021-07-20,DU,0
Pfizer,4,2021-07-20,R,1
Pfizer,4,2021-07-21,D1,457
Pfizer,4,2021-07-21,D2,2
Pfizer,4,2021-07-21,DU,0
Pfizer,4,2021-07-21,R,0
Pfizer,4,2021-07-22,D1,828
Pfizer,4,2021-07-22,D2,1
Pfizer,4,2021-07-22,DU,0
Pfizer,4,2021-07-22,R,0
Pfizer,4,2021-07-23,D1,1406
Pfizer,4,2021-07-23,D2,3
Pfizer,4,2021-07-23,DU,0
Pfizer,4,2021-07-23,R,0
Pfizer,4,2021-07-24,D1,830
Pfizer,4,2021-07-24,D2,1
Pfizer,4,2021-07-24,DU,0
Pfizer,4,2021-07-24,R,0
Pfizer,4,2021-07-25,D1,11
Pfizer,4,2021-07-25,D2,0
Pfizer,4,2021-07-25,DU,0
Pfizer,4,2021-07-25,R,0
Pfizer,4,2021-07-26,D1,1314
Pfizer,4,2021-07-26,D2,5
Pfizer,4,2021-07-26,DU,0
Pfizer,4,2021-07-26,R,0
Pfizer,4,2021-07-27,D1,15579
Pfizer,4,2021-07-27,D2,12
Pfizer,4,2021-07-27,DU,0
Pfizer,4,2021-07-27,R,0
Pfizer,4,2021-07-28,D1,2498
Pfizer,4,2021-07-28,D2,11
Pfizer,4,2021-07-28,DU,0
Pfizer,4,2021-07-28,R,0
Pfizer,4,2021-07-29,D1,10404
Pfizer,4,2021-07-29,D2,27
Pfizer,4,2021-07-29,DU,0
Pfizer,4,2021-07-29,R,0
Pfizer,4,2021-07-30,D1,17774
Pfizer,4,2021-07-30,D2,21
Pfizer,4,2021-07-30,DU,0
Pfizer,4,2021-07-30,R,0
Pfizer,4,2021-07-31,D1,9709
Pfizer,4,2021-07-31,D2,4
Pfizer,4,2021-07-31,DU,0
Pfizer,4,2021-07-31,R,0
Pfizer,4,2021-08-01,D1,169
Pfizer,4,2021-08-01,D2,0
Pfizer,4,2021-08-01,DU,0
Pfizer,4,2021-08-01,R,0
Pfizer,4,2021-08-02,D1,10922
Pfizer,4,2021-08-02,D2,17
Pfizer,4,2021-08-02,DU,0
Pfizer,4,2021-08-02,R,0
Pfizer,4,2021-08-03,D1,13489
Pfizer,4,2021-08-03,D2,31
Pfizer,4,2021-08-03,DU,0
Pfizer,4,2021-08-03,R,0
Pfizer,4,2021-08-04,D1,12041
Pfizer,4,2021-08-04,D2,10
Pfizer,4,2021-08-04,DU,0
Pfizer,4,2021-08-04,R,1
Pfizer,4,2021-08-05,D1,14899
Pfizer,4,2021-08-05,D2,16
Pfizer,4,2021-08-05,DU,0
Pfizer,4,2021-08-05,R,0
Pfizer,4,2021-08-06,D1,27469
Pfizer,4,2021-08-06,D2,126
Pfizer,4,2021-08-06,DU,0
Pfizer,4,2021-08-06,R,0
Pfizer,4,2021-08-07,D1,10858
Pfizer,4,2021-08-07,D2,70
Pfizer,4,2021-08-07,DU,0
Pfizer,4,2021-08-07,R,0
Pfizer,4,2021-08-08,D1,148
Pfizer,4,2021-08-08,D2,1
Pfizer,4,2021-08-08,DU,0
Pfizer,4,2021-08-08,R,0
Pfizer,4,2021-08-09,D1,14702
Pfizer,4,2021-08-09,D2,216
Pfizer,4,2021-08-09,DU,0
Pfizer,4,2021-08-09,R,0
Pfizer,4,2021-08-10,D1,31429
Pfizer,4,2021-08-10,D2,357
Pfizer,4,2021-08-10,DU,0
Pfizer,4,2021-08-10,R,0
Pfizer,4,2021-08-11,D1,31194
Pfizer,4,2021-08-11,D2,266
Pfizer,4,2021-08-11,DU,0
Pfizer,4,2021-08-11,R,1
Pfizer,4,2021-08-12,D1,39182
Pfizer,4,2021-08-12,D2,150
Pfizer,4,2021-08-12,DU,0
Pfizer,4,2021-08-12,R,1
Pfizer,4,2021-08-13,D1,75084
Pfizer,4,2021-08-13,D2,105
Pfizer,4,2021-08-13,DU,0
Pfizer,4,2021-08-13,R,0
Pfizer,4,2021-08-14,D1,77756
Pfizer,4,2021-08-14,D2,55
Pfizer,4,2021-08-14,DU,0
Pfizer,4,2021-08-14,R,1
Pfizer,4,2021-08-15,D1,46327
Pfizer,4,2021-08-15,D2,19
Pfizer,4,2021-08-15,DU,0
Pfizer,4,2021-08-15,R,0
Pfizer,4,2021-08-16,D1,25252
Pfizer,4,2021-08-16,D2,113
Pfizer,4,2021-08-16,DU,0
Pfizer,4,2021-08-16,R,1
Pfizer,4,2021-08-17,D1,17823
Pfizer,4,2021-08-17,D2,235
Pfizer,4,2021-08-17,DU,0
Pfizer,4,2021-08-17,R,0
Pfizer,4,2021-08-18,D1,10894
Pfizer,4,2021-08-18,D2,361
Pfizer,4,2021-08-18,DU,0
Pfizer,4,2021-08-18,R,0
Pfizer,4,2021-08-19,D1,11326
Pfizer,4,2021-08-19,D2,930
Pfizer,4,2021-08-19,DU,0
Pfizer,4,2021-08-19,R,0
Pfizer,4,2021-08-20,D1,4148
Pfizer,4,2021-08-20,D2,1938
Pfizer,4,2021-08-20,DU,0
Pfizer,4,2021-08-20,R,0
Pfizer,4,2021-08-21,D1,5113
Pfizer,4,2021-08-21,D2,238
Pfizer,4,2021-08-21,DU,0
Pfizer,4,2021-08-21,R,2
Pfizer,4,2021-08-22,D1,399
Pfizer,4,2021-08-22,D2,6
Pfizer,4,2021-08-22,DU,0
Pfizer,4,2021-08-22,R,3
Pfizer,4,2021-08-23,D1,3171
Pfizer,4,2021-08-23,D2,373
Pfizer,4,2021-08-23,DU,0
Pfizer,4,2021-08-23,R,0
Pfizer,4,2021-08-24,D1,3274
Pfizer,4,2021-08-24,D2,255
Pfizer,4,2021-08-24,DU,0
Pfizer,4,2021-08-24,R,0
Pfizer,4,2021-08-25,D1,3564
Pfizer,4,2021-08-25,D2,800
Pfizer,4,2021-08-25,DU,0
Pfizer,4,2021-08-25,R,0
Pfizer,4,2021-08-26,D1,2013
Pfizer,4,2021-08-26,D2,617
Pfizer,4,2021-08-26,DU,0
Pfizer,4,2021-08-26,R,0
Pfizer,4,2021-08-27,D1,1784
Pfizer,4,2021-08-27,D2,758
Pfizer,4,2021-08-27,DU,0
Pfizer,4,2021-08-27,R,0
Pfizer,4,2021-08-28,D1,810
Pfizer,4,2021-08-28,D2,561
Pfizer,4,2021-08-28,DU,0
Pfizer,4,2021-08-28,R,0
Pfizer,4,2021-08-29,D1,234
Pfizer,4,2021-08-29,D2,211
Pfizer,4,2021-08-29,DU,0
Pfizer,4,2021-08-29,R,2
Pfizer,4,2021-08-30,D1,3106
Pfizer,4,2021-08-30,D2,2716
Pfizer,4,2021-08-30,DU,0
Pfizer,4,2021-08-30,R,2
Pfizer,4,2021-08-31,D1,3666
Pfizer,4,2021-08-31,D2,2277
Pfizer,4,2021-08-31,DU,0
Pfizer,4,2021-08-31,R,1
Pfizer,4,2021-09-01,D1,3331
Pfizer,4,2021-09-01,D2,1662
Pfizer,4,2021-09-01,DU,0
Pfizer,4,2021-09-01,R,1
Pfizer,4,2021-09-02,D1,2760
Pfizer,4,2021-09-02,D2,1745
Pfizer,4,2021-09-02,DU,0
Pfizer,4,2021-09-02,R,0
Pfizer,4,2021-09-03,D1,2171
Pfizer,4,2021-09-03,D2,3757
Pfizer,4,2021-09-03,DU,0
Pfizer,4,2021-09-03,R,1
Pfizer,4,2021-09-04,D1,470
Pfizer,4,2021-09-04,D2,2117
Pfizer,4,2021-09-04,DU,0
Pfizer,4,2021-09-04,R,0
Pfizer,4,2021-09-05,D1,26
Pfizer,4,2021-09-05,D2,56
Pfizer,4,2021-09-05,DU,0
Pfizer,4,2021-09-05,R,0
Pfizer,4,2021-09-06,D1,579
Pfizer,4,2021-09-06,D2,1752
Pfizer,4,2021-09-06,DU,0
Pfizer,4,2021-09-06,R,0
Pfizer,4,2021-09-07,D1,122
Pfizer,4,2021-09-07,D2,252
Pfizer,4,2021-09-07,DU,0
Pfizer,4,2021-09-07,R,0
Pfizer,4,2021-09-08,D1,686
Pfizer,4,2021-09-08,D2,2879
Pfizer,4,2021-09-08,DU,0
Pfizer,4,2021-09-08,R,1
Pfizer,4,2021-09-09,D1,701
Pfizer,4,2021-09-09,D2,2172
Pfizer,4,2021-09-09,DU,0
Pfizer,4,2021-09-09,R,1
Pfizer,4,2021-09-10,D1,742
Pfizer,4,2021-09-10,D2,1880
Pfizer,4,2021-09-10,DU,0
Pfizer,4,2021-09-10,R,1
Pfizer,4,2021-09-11,D1,278
Pfizer,4,2021-09-11,D2,853
Pfizer,4,2021-09-11,DU,0
Pfizer,4,2021-09-11,R,0
Pfizer,4,2021-09-12,D1,58
Pfizer,4,2021-09-12,D2,118
Pfizer,4,2021-09-12,DU,0
Pfizer,4,2021-09-12,R,1
Pfizer,4,2021-09-13,D1,1049
Pfizer,4,2021-09-13,D2,2558
Pfizer,4,2021-09-13,DU,0
Pfizer,4,2021-09-13,R,2
Pfizer,4,2021-09-14,D1,1090
Pfizer,4,2021-09-14,D2,3356
Pfizer,4,2021-09-14,DU,0
Pfizer,4,2021-09-14,R,1
Pfizer,4,2021-09-15,D1,861
Pfizer,4,2021-09-15,D2,2333
Pfizer,4,2021-09-15,DU,0
Pfizer,4,2021-09-15,R,8
Pfizer,4,2021-09-16,D1,1677
Pfizer,4,2021-09-16,D2,2379
Pfizer,4,2021-09-16,DU,0
Pfizer,4,2021-09-16,R,12
Pfizer,4,2021-09-17,D1,1691
Pfizer,4,2021-09-17,D2,2414
Pfizer,4,2021-09-17,DU,0
Pfizer,4,2021-09-17,R,14
Pfizer,4,2021-09-18,D1,234
Pfizer,4,2021-09-18,D2,709
Pfizer,4,2021-09-18,DU,0
Pfizer,4,2021-09-18,R,0
Pfizer,4,2021-09-19,D1,45
Pfizer,4,2021-09-19,D2,131
Pfizer,4,2021-09-19,DU,0
Pfizer,4,2021-09-19,R,0
Pfizer,4,2021-09-20,D1,1292
Pfizer,4,2021-09-20,D2,1742
Pfizer,4,2021-09-20,DU,0
Pfizer,4,2021-09-20,R,38
Pfizer,4,2021-09-21,D1,1322
Pfizer,4,2021-09-21,D2,1567
Pfizer,4,2021-09-21,DU,0
Pfizer,4,2021-09-21,R,37
Pfizer,4,2021-09-22,D1,1494
Pfizer,4,2021-09-22,D2,1472
Pfizer,4,2021-09-22,DU,0
Pfizer,4,2021-09-22,R,45
Pfizer,4,2021-09-23,D1,730
Pfizer,4,2021-09-23,D2,1362
Pfizer,4,2021-09-23,DU,0
Pfizer,4,2021-09-23,R,84
Pfizer,4,2021-09-24,D1,793
Pfizer,4,2021-09-24,D2,3948
Pfizer,4,2021-09-24,DU,0
Pfizer,4,2021-09-24,R,60
Pfizer,4,2021-09-25,D1,262
Pfizer,4,2021-09-25,D2,1855
Pfizer,4,2021-09-25,DU,0
Pfizer,4,2021-09-25,R,16
Pfizer,4,2021-09-26,D1,24
Pfizer,4,2021-09-26,D2,371
Pfizer,4,2021-09-26,DU,0
Pfizer,4,2021-09-26,R,2
Pfizer,4,2021-09-27,D1,751
Pfizer,4,2021-09-27,D2,5247
Pfizer,4,2021-09-27,DU,0
Pfizer,4,2021-09-27,R,80
Pfizer,4,2021-09-28,D1,639
Pfizer,4,2021-09-28,D2,5713
Pfizer,4,2021-09-28,DU,0
Pfizer,4,2021-09-28,R,86
Pfizer,4,2021-09-29,D1,570
Pfizer,4,2021-09-29,D2,5337
Pfizer,4,2021-09-29,DU,0
Pfizer,4,2021-09-29,R,133
Pfizer,4,2021-09-30,D1,386
Pfizer,4,2021-09-30,D2,5816
Pfizer,4,2021-09-30,DU,0
Pfizer,4,2021-09-30,R,149
Pfizer,4,2021-10-01,D1,384
Pfizer,4,2021-10-01,D2,7211
Pfizer,4,2021-10-01,DU,0
Pfizer,4,2021-10-01,R,157
Pfizer,4,2021-10-02,D1,448
Pfizer,4,2021-10-02,D2,6532
Pfizer,4,2021-10-02,DU,0
Pfizer,4,2021-10-02,R,449
Pfizer,4,2021-10-03,D1,12
Pfizer,4,2021-10-03,D2,211
Pfizer,4,2021-10-03,DU,0
Pfizer,4,2021-10-03,R,8
Pfizer,4,2021-10-04,D1,355
Pfizer,4,2021-10-04,D2,6697
Pfizer,4,2021-10-04,DU,0
Pfizer,4,2021-10-04,R,2443
Pfizer,4,2021-10-05,D1,468
Pfizer,4,2021-10-05,D2,10207
Pfizer,4,2021-10-05,DU,0
Pfizer,4,2021-10-05,R,3384
Pfizer,4,2021-10-06,D1,883
Pfizer,4,2021-10-06,D2,15218
Pfizer,4,2021-10-06,DU,0
Pfizer,4,2021-10-06,R,3758
Pfizer,4,2021-10-07,D1,850
Pfizer,4,2021-10-07,D2,14782
Pfizer,4,2021-10-07,DU,0
Pfizer,4,2021-10-07,R,3315
Pfizer,4,2021-10-08,D1,704
Pfizer,4,2021-10-08,D2,17169
Pfizer,4,2021-10-08,DU,0
Pfizer,4,2021-10-08,R,2778
Pfizer,4,2021-10-09,D1,240
Pfizer,4,2021-10-09,D2,7956
Pfizer,4,2021-10-09,DU,0
Pfizer,4,2021-10-09,R,492
Pfizer,4,2021-10-10,D1,17
Pfizer,4,2021-10-10,D2,1507
Pfizer,4,2021-10-10,DU,0
Pfizer,4,2021-10-10,R,52
Pfizer,4,2021-10-11,D1,177
Pfizer,4,2021-10-11,D2,6254
Pfizer,4,2021-10-11,DU,0
Pfizer,4,2021-10-11,R,356
Pfizer,4,2021-10-12,D1,54
Pfizer,4,2021-10-12,D2,2132
Pfizer,4,2021-10-12,DU,0
Pfizer,4,2021-10-12,R,79
Pfizer,4,2021-10-13,D1,920
Pfizer,4,2021-10-13,D2,21065
Pfizer,4,2021-10-13,DU,0
Pfizer,4,2021-10-13,R,1858
Pfizer,4,2021-10-14,D1,945
Pfizer,4,2021-10-14,D2,18717
Pfizer,4,2021-10-14,DU,0
Pfizer,4,2021-10-14,R,1933
Pfizer,4,2021-10-15,D1,1061
Pfizer,4,2021-10-15,D2,15881
Pfizer,4,2021-10-15,DU,0
Pfizer,4,2021-10-15,R,1527
Pfizer,4,2021-10-16,D1,713
Pfizer,4,2021-10-16,D2,12210
Pfizer,4,2021-10-16,DU,0
Pfizer,4,2021-10-16,R,847
Pfizer,4,2021-10-17,D1,20
Pfizer,4,2021-10-17,D2,753
Pfizer,4,2021-10-17,DU,0
Pfizer,4,2021-10-17,R,30
Pfizer,4,2021-10-18,D1,838
Pfizer,4,2021-10-18,D2,11014
Pfizer,4,2021-10-18,DU,0
Pfizer,4,2021-10-18,R,972
Pfizer,4,2021-10-19,D1,1043
Pfizer,4,2021-10-19,D2,15918
Pfizer,4,2021-10-19,DU,0
Pfizer,4,2021-10-19,R,1245
Pfizer,4,2021-10-20,D1,1007
Pfizer,4,2021-10-20,D2,13860
Pfizer,4,2021-10-20,DU,0
Pfizer,4,2021-10-20,R,1076
Pfizer,4,2021-10-21,D1,966
Pfizer,4,2021-10-21,D2,13454
Pfizer,4,2021-10-21,DU,0
Pfizer,4,2021-10-21,R,985
Pfizer,4,2021-10-22,D1,1028
Pfizer,4,2021-10-22,D2,14216
Pfizer,4,2021-10-22,DU,0
Pfizer,4,2021-10-22,R,1030
Pfizer,4,2021-10-23,D1,329
Pfizer,4,2021-10-23,D2,5141
Pfizer,4,2021-10-23,DU,0
Pfizer,4,2021-10-23,R,287
Pfizer,4,2021-10-24,D1,35
Pfizer,4,2021-10-24,D2,171
Pfizer,4,2021-10-24,DU,0
Pfizer,4,2021-10-24,R,12
Pfizer,4,2021-10-25,D1,1049
Pfizer,4,2021-10-25,D2,12870
Pfizer,4,2021-10-25,DU,0
Pfizer,4,2021-10-25,R,973
Pfizer,4,2021-10-26,D1,1095
Pfizer,4,2021-10-26,D2,12604
Pfizer,4,2021-10-26,DU,0
Pfizer,4,2021-10-26,R,1132
Pfizer,4,2021-10-27,D1,1127
Pfizer,4,2021-10-27,D2,12866
Pfizer,4,2021-10-27,DU,0
Pfizer,4,2021-10-27,R,1280
Pfizer,4,2021-10-28,D1,949
Pfizer,4,2021-10-28,D2,10364
Pfizer,4,2021-10-28,DU,0
Pfizer,4,2021-10-28,R,1471
Pfizer,4,2021-10-29,D1,563
Pfizer,4,2021-10-29,D2,8337
Pfizer,4,2021-10-29,DU,0
Pfizer,4,2021-10-29,R,781
Pfizer,4,2021-10-30,D1,198
Pfizer,4,2021-10-30,D2,3325
Pfizer,4,2021-10-30,DU,0
Pfizer,4,2021-10-30,R,263
Pfizer,4,2021-10-31,D1,16
Pfizer,4,2021-10-31,D2,198
Pfizer,4,2021-10-31,DU,0
Pfizer,4,2021-10-31,R,19
Pfizer,4,2021-11-01,D1,103
Pfizer,4,2021-11-01,D2,1992
Pfizer,4,2021-11-01,DU,0
Pfizer,4,2021-11-01,R,297
Pfizer,4,2021-11-02,D1,66
Pfizer,4,2021-11-02,D2,820
Pfizer,4,2021-11-02,DU,0
Pfizer,4,2021-11-02,R,208
Pfizer,4,2021-11-03,D1,930
Pfizer,4,2021-11-03,D2,16544
Pfizer,4,2021-11-03,DU,0
Pfizer,4,2021-11-03,R,1132
Pfizer,4,2021-11-04,D1,935
Pfizer,4,2021-11-04,D2,15826
Pfizer,4,2021-11-04,DU,0
Pfizer,4,2021-11-04,R,1094
Pfizer,4,2021-11-05,D1,890
Pfizer,4,2021-11-05,D2,19053
Pfizer,4,2021-11-05,DU,2
Pfizer,4,2021-11-05,R,1143
Pfizer,4,2021-11-06,D1,271
Pfizer,4,2021-11-06,D2,6727
Pfizer,4,2021-11-06,DU,0
Pfizer,4,2021-11-06,R,309
Pfizer,4,2021-11-07,D1,16
Pfizer,4,2021-11-07,D2,252
Pfizer,4,2021-11-07,DU,0
Pfizer,4,2021-11-07,R,26
Pfizer,4,2021-11-08,D1,806
Pfizer,4,2021-11-08,D2,20456
Pfizer,4,2021-11-08,DU,0
Pfizer,4,2021-11-08,R,857
Pfizer,4,2021-11-09,D1,699
Pfizer,4,2021-11-09,D2,15161
Pfizer,4,2021-11-09,DU,0
Pfizer,4,2021-11-09,R,931
Pfizer,4,2021-11-10,D1,595
Pfizer,4,2021-11-10,D2,9444
Pfizer,4,2021-11-10,DU,0
Pfizer,4,2021-11-10,R,528
Pfizer,4,2021-11-11,D1,786
Pfizer,4,2021-11-11,D2,10424
Pfizer,4,2021-11-11,DU,2
Pfizer,4,2021-11-11,R,767
Pfizer,4,2021-11-12,D1,730
Pfizer,4,2021-11-12,D2,9638
Pfizer,4,2021-11-12,DU,0
Pfizer,4,2021-11-12,R,766
Pfizer,4,2021-11-13,D1,291
Pfizer,4,2021-11-13,D2,4503
Pfizer,4,2021-11-13,DU,0
Pfizer,4,2021-11-13,R,180
Pfizer,4,2021-11-14,D1,28
Pfizer,4,2021-11-14,D2,177
Pfizer,4,2021-11-14,DU,0
Pfizer,4,2021-11-14,R,10
Pfizer,4,2021-11-15,D1,59
Pfizer,4,2021-11-15,D2,754
Pfizer,4,2021-11-15,DU,0
Pfizer,4,2021-11-15,R,60
Pfizer,4,2021-11-16,D1,592
Pfizer,4,2021-11-16,D2,5753
Pfizer,4,2021-11-16,DU,0
Pfizer,4,2021-11-16,R,440
Pfizer,4,2021-11-17,D1,592
Pfizer,4,2021-11-17,D2,7062
Pfizer,4,2021-11-17,DU,0
Pfizer,4,2021-11-17,R,578
Pfizer,4,2021-11-18,D1,585
Pfizer,4,2021-11-18,D2,70
Pfizer,4,2021-11-18,DU,0
Pfizer,4,2021-11-18,R,669
Pfizer,4,2021-11-19,D1,6
Pfizer,4,2021-11-19,D2,49
Pfizer,4,2021-11-19,DU,0
Pfizer,4,2021-11-19,R,8
Pfizer,4,2021-11-20,D1,342
Pfizer,4,2021-11-20,D2,32
Pfizer,4,2021-11-20,DU,0
Pfizer,4,2021-11-20,R,454
Pfizer,4,2021-11-21,D1,27
Pfizer,4,2021-11-21,D2,0
Pfizer,4,2021-11-21,DU,0
Pfizer,4,2021-11-21,R,28
Pfizer,4,2021-11-22,D1,6
Pfizer,4,2021-11-22,D2,45
Pfizer,4,2021-11-22,DU,0
Pfizer,4,2021-11-22,R,8
Pfizer,4,2021-11-23,D1,71
Pfizer,4,2021-11-23,D2,5378
Pfizer,4,2021-11-23,DU,0
Pfizer,4,2021-11-23,R,86
Pfizer,4,2021-11-24,D1,25
Pfizer,4,2021-11-24,D2,58
Pfizer,4,2021-11-24,DU,0
Pfizer,4,2021-11-24,R,12
Pfizer,4,2021-11-25,D1,5
Pfizer,4,2021-11-25,D2,37
Pfizer,4,2021-11-25,DU,0
Pfizer,4,2021-11-25,R,4
Pfizer,4,2021-11-26,D1,3
Pfizer,4,2021-11-26,D2,3518
Pfizer,4,2021-11-26,DU,0
Pfizer,4,2021-11-26,R,8
Pfizer,4,2021-11-27,D1,4
Pfizer,4,2021-11-27,D2,8
Pfizer,4,2021-11-27,DU,0
Pfizer,4,2021-11-27,R,6
Pfizer,4,2021-11-29,D1,5
Pfizer,4,2021-11-29,D2,27
Pfizer,4,2021-11-29,DU,0
Pfizer,4,2021-11-29,R,4
Pfizer,4,2021-11-30,D1,2
Pfizer,4,2021-11-30,D2,27
Pfizer,4,2021-11-30,DU,0
Pfizer,4,2021-11-30,R,11
Pfizer,4,2021-12-01,D1,3
Pfizer,4,2021-12-01,D2,22
Pfizer,4,2021-12-01,DU,0
Pfizer,4,2021-12-01,R,11
Pfizer,4,2021-12-02,D1,3
Pfizer,4,2021-12-02,D2,3403
Pfizer,4,2021-12-02,DU,0
Pfizer,4,2021-12-02,R,0
Pfizer,4,2021-12-03,D1,8
Pfizer,4,2021-12-03,D2,41
Pfizer,4,2021-12-03,DU,0
Pfizer,4,2021-12-03,R,14
Pfizer,4,2021-12-04,D1,243
Pfizer,4,2021-12-04,D2,23
Pfizer,4,2021-12-04,DU,0
Pfizer,4,2021-12-04,R,803
Pfizer,4,2021-12-05,D1,23
Pfizer,4,2021-12-05,D2,69
Pfizer,4,2021-12-05,DU,0
Pfizer,4,2021-12-05,R,38
Pfizer,4,2021-12-06,D1,0
Pfizer,4,2021-12-06,D2,13
Pfizer,4,2021-12-06,DU,0
Pfizer,4,2021-12-06,R,22
Pfizer,4,2021-12-07,D1,370
Pfizer,4,2021-12-07,D2,293
Pfizer,4,2021-12-07,DU,0
Pfizer,4,2021-12-07,R,1248
Pfizer,4,2021-12-08,D1,3
Pfizer,4,2021-12-08,D2,6
Pfizer,4,2021-12-08,DU,0
Pfizer,4,2021-12-08,R,18
Pfizer,4,2021-12-09,D1,1
Pfizer,4,2021-12-09,D2,1
Pfizer,4,2021-12-09,DU,0
Pfizer,4,2021-12-09,R,19
Pfizer,4,2021-12-10,D1,1
Pfizer,4,2021-12-10,D2,0
Pfizer,4,2021-12-10,DU,0
Pfizer,4,2021-12-10,R,15
Pfizer,4,2021-12-11,D1,0
Pfizer,4,2021-12-11,D2,0
Pfizer,4,2021-12-11,DU,0
Pfizer,4,2021-12-11,R,3
Pfizer,4,2021-12-12,D1,0
Pfizer,4,2021-12-12,D2,0
Pfizer,4,2021-12-12,DU,0
Pfizer,4,2021-12-12,R,5
Pfizer,4,2021-12-13,D1,0
Pfizer,4,2021-12-13,D2,1
Pfizer,4,2021-12-13,DU,0
Pfizer,4,2021-12-13,R,7
Pfizer,4,2021-12-14,D1,404
Pfizer,4,2021-12-14,D2,102
Pfizer,4,2021-12-14,DU,0
Pfizer,4,2021-12-14,R,1794
Pfizer,4,2021-12-15,D1,1
Pfizer,4,2021-12-15,D2,4
Pfizer,4,2021-12-15,DU,0
Pfizer,4,2021-12-15,R,7
Pfizer,4,2021-12-16,D1,0
Pfizer,4,2021-12-16,D2,7
Pfizer,4,2021-12-16,DU,0
Pfizer,4,2021-12-16,R,9
Pfizer,4,2021-12-17,D1,332
Pfizer,4,2021-12-17,D2,1181
Pfizer,4,2021-12-17,DU,0
Pfizer,4,2021-12-17,R,1516
Pfizer,4,2021-12-18,D1,0
Pfizer,4,2021-12-18,D2,0
Pfizer,4,2021-12-18,DU,0
Pfizer,4,2021-12-18,R,1
Pfizer,4,2021-12-19,D1,15
Pfizer,4,2021-12-19,D2,49
Pfizer,4,2021-12-19,DU,0
Pfizer,4,2021-12-19,R,170
Pfizer,4,2021-12-20,D1,94
Pfizer,4,2021-12-20,D2,346
Pfizer,4,2021-12-20,DU,0
Pfizer,4,2021-12-20,R,956
Pfizer,4,2021-12-21,D1,0
Pfizer,4,2021-12-21,D2,4
Pfizer,4,2021-12-21,DU,0
Pfizer,4,2021-12-21,R,9
Pfizer,4,2021-12-22,D1,2
Pfizer,4,2021-12-22,D2,6
Pfizer,4,2021-12-22,DU,0
Pfizer,4,2021-12-22,R,21
Pfizer,4,2021-12-23,D1,73
Pfizer,4,2021-12-23,D2,289
Pfizer,4,2021-12-23,DU,0
Pfizer,4,2021-12-23,R,859
Pfizer,4,2021-12-24,D1,0
Pfizer,4,2021-12-24,D2,0
Pfizer,4,2021-12-24,DU,0
Pfizer,4,2021-12-24,R,1
Pfizer,4,2021-12-26,D1,4
Pfizer,4,2021-12-26,D2,5
Pfizer,4,2021-12-26,DU,0
Pfizer,4,2021-12-26,R,65
Pfizer,4,2021-12-27,D1,243
Pfizer,4,2021-12-27,D2,707
Pfizer,4,2021-12-27,DU,0
Pfizer,4,2021-12-27,R,5517
Pfizer,4,2021-12-28,D1,299
Pfizer,4,2021-12-28,D2,954
Pfizer,4,2021-12-28,DU,0
Pfizer,4,2021-12-28,R,5083
Pfizer,4,2021-12-29,D1,0
Pfizer,4,2021-12-29,D2,4
Pfizer,4,2021-12-29,DU,0
Pfizer,4,2021-12-29,R,44
Pfizer,4,2021-12-30,D1,0
Pfizer,4,2021-12-30,D2,1
Pfizer,4,2021-12-30,DU,0
Pfizer,4,2021-12-30,R,1
Pfizer,4,2022-01-03,D1,187
Pfizer,4,2022-01-03,D2,465
Pfizer,4,2022-01-03,DU,0
Pfizer,4,2022-01-03,R,6579
Pfizer,4,2022-01-04,D1,319
Pfizer,4,2022-01-04,D2,877
Pfizer,4,2022-01-04,DU,0
Pfizer,4,2022-01-04,R,10611
Pfizer,4,2022-01-05,D1,2
Pfizer,4,2022-01-05,D2,10
Pfizer,4,2022-01-05,DU,0
Pfizer,4,2022-01-05,R,154
Pfizer,4,2022-01-06,D1,0
Pfizer,4,2022-01-06,D2,3
Pfizer,4,2022-01-06,DU,0
Pfizer,4,2022-01-06,R,58
Pfizer,4,2022-01-07,D1,3
Pfizer,4,2022-01-07,D2,8
Pfizer,4,2022-01-07,DU,0
Pfizer,4,2022-01-07,R,66
Pfizer,4,2022-01-08,D1,10
Pfizer,4,2022-01-08,D2,18
Pfizer,4,2022-01-08,DU,0
Pfizer,4,2022-01-08,R,250
Pfizer,4,2022-01-09,D1,0
Pfizer,4,2022-01-09,D2,0
Pfizer,4,2022-01-09,DU,0
Pfizer,4,2022-01-09,R,37
Pfizer,4,2022-01-10,D1,379
Pfizer,4,2022-01-10,D2,870
Pfizer,4,2022-01-10,DU,0
Pfizer,4,2022-01-10,R,11583
Pfizer,4,2022-01-11,D1,304
Pfizer,4,2022-01-11,D2,768
Pfizer,4,2022-01-11,DU,0
Pfizer,4,2022-01-11,R,9082
Pfizer,4,2022-01-12,D1,0
Pfizer,4,2022-01-12,D2,12
Pfizer,4,2022-01-12,DU,2
Pfizer,4,2022-01-12,R,127
Pfizer,4,2022-01-13,D1,361
Pfizer,4,2022-01-13,D2,1005
Pfizer,4,2022-01-13,DU,0
Pfizer,4,2022-01-13,R,10959
Pfizer,4,2022-01-14,D1,21
Pfizer,4,2022-01-14,D2,32
Pfizer,4,2022-01-14,DU,0
Pfizer,4,2022-01-14,R,658
Pfizer,5,2021-02-05,D1,1
Pfizer,5,2021-02-05,D2,0
Pfizer,5,2021-02-05,DU,0
Pfizer,5,2021-02-05,R,0
Pfizer,5,2021-02-06,D1,1
Pfizer,5,2021-02-06,D2,0
Pfizer,5,2021-02-06,DU,0
Pfizer,5,2021-02-06,R,0
Pfizer,5,2021-02-21,D1,1
Pfizer,5,2021-02-21,D2,0
Pfizer,5,2021-02-21,DU,0
Pfizer,5,2021-02-21,R,0
Pfizer,5,2021-02-25,D1,2
Pfizer,5,2021-02-25,D2,0
Pfizer,5,2021-02-25,DU,0
Pfizer,5,2021-02-25,R,0
Pfizer,5,2021-03-26,D1,1
Pfizer,5,2021-03-26,D2,0
Pfizer,5,2021-03-26,DU,0
Pfizer,5,2021-03-26,R,0
Pfizer,5,2021-04-02,D1,1
Pfizer,5,2021-04-02,D2,0
Pfizer,5,2021-04-02,DU,0
Pfizer,5,2021-04-02,R,0
Pfizer,5,2021-04-10,D1,1
Pfizer,5,2021-04-10,D2,0
Pfizer,5,2021-04-10,DU,0
Pfizer,5,2021-04-10,R,0
Pfizer,5,2021-04-23,D1,1
Pfizer,5,2021-04-23,D2,0
Pfizer,5,2021-04-23,DU,0
Pfizer,5,2021-04-23,R,0
Pfizer,5,2021-04-26,D1,1
Pfizer,5,2021-04-26,D2,0
Pfizer,5,2021-04-26,DU,0
Pfizer,5,2021-04-26,R,0
Pfizer,5,2021-04-27,D1,1
Pfizer,5,2021-04-27,D2,0
Pfizer,5,2021-04-27,DU,0
Pfizer,5,2021-04-27,R,0
Pfizer,5,2021-04-28,D1,1
Pfizer,5,2021-04-28,D2,0
Pfizer,5,2021-04-28,DU,0
Pfizer,5,2021-04-28,R,0
Pfizer,5,2021-05-02,D1,2
Pfizer,5,2021-05-02,D2,0
Pfizer,5,2021-05-02,DU,0
Pfizer,5,2021-05-02,R,0
Pfizer,5,2021-05-04,D1,1
Pfizer,5,2021-05-04,D2,0
Pfizer,5,2021-05-04,DU,0
Pfizer,5,2021-05-04,R,0
Pfizer,5,2021-05-05,D1,2
Pfizer,5,2021-05-05,D2,0
Pfizer,5,2021-05-05,DU,0
Pfizer,5,2021-05-05,R,0
Pfizer,5,2021-05-06,D1,52
Pfizer,5,2021-05-06,D2,1
Pfizer,5,2021-05-06,DU,0
Pfizer,5,2021-05-06,R,0
Pfizer,5,2021-05-07,D1,20
Pfizer,5,2021-05-07,D2,0
Pfizer,5,2021-05-07,DU,0
Pfizer,5,2021-05-07,R,0
Pfizer,5,2021-05-08,D1,7
Pfizer,5,2021-05-08,D2,0
Pfizer,5,2021-05-08,DU,0
Pfizer,5,2021-05-08,R,0
Pfizer,5,2021-05-09,D1,2
Pfizer,5,2021-05-09,D2,0
Pfizer,5,2021-05-09,DU,0
Pfizer,5,2021-05-09,R,0
Pfizer,5,2021-05-10,D1,5
Pfizer,5,2021-05-10,D2,0
Pfizer,5,2021-05-10,DU,0
Pfizer,5,2021-05-10,R,0
Pfizer,5,2021-05-11,D1,2
Pfizer,5,2021-05-11,D2,0
Pfizer,5,2021-05-11,DU,0
Pfizer,5,2021-05-11,R,0
Pfizer,5,2021-05-12,D1,3
Pfizer,5,2021-05-12,D2,0
Pfizer,5,2021-05-12,DU,0
Pfizer,5,2021-05-12,R,0
Pfizer,5,2021-05-13,D1,2
Pfizer,5,2021-05-13,D2,0
Pfizer,5,2021-05-13,DU,0
Pfizer,5,2021-05-13,R,0
Pfizer,5,2021-05-14,D1,211
Pfizer,5,2021-05-14,D2,0
Pfizer,5,2021-05-14,DU,0
Pfizer,5,2021-05-14,R,0
Pfizer,5,2021-05-15,D1,132
Pfizer,5,2021-05-15,D2,0
Pfizer,5,2021-05-15,DU,0
Pfizer,5,2021-05-15,R,0
Pfizer,5,2021-05-16,D1,3
Pfizer,5,2021-05-16,D2,0
Pfizer,5,2021-05-16,DU,0
Pfizer,5,2021-05-16,R,0
Pfizer,5,2021-05-17,D1,765
Pfizer,5,2021-05-17,D2,0
Pfizer,5,2021-05-17,DU,0
Pfizer,5,2021-05-17,R,0
Pfizer,5,2021-05-18,D1,2464
Pfizer,5,2021-05-18,D2,0
Pfizer,5,2021-05-18,DU,0
Pfizer,5,2021-05-18,R,0
Pfizer,5,2021-05-19,D1,3524
Pfizer,5,2021-05-19,D2,2
Pfizer,5,2021-05-19,DU,0
Pfizer,5,2021-05-19,R,0
Pfizer,5,2021-05-20,D1,672
Pfizer,5,2021-05-20,D2,0
Pfizer,5,2021-05-20,DU,0
Pfizer,5,2021-05-20,R,0
Pfizer,5,2021-05-21,D1,196
Pfizer,5,2021-05-21,D2,0
Pfizer,5,2021-05-21,DU,0
Pfizer,5,2021-05-21,R,0
Pfizer,5,2021-05-22,D1,7
Pfizer,5,2021-05-22,D2,0
Pfizer,5,2021-05-22,DU,0
Pfizer,5,2021-05-22,R,0
Pfizer,5,2021-05-23,D1,2
Pfizer,5,2021-05-23,D2,0
Pfizer,5,2021-05-23,DU,0
Pfizer,5,2021-05-23,R,0
Pfizer,5,2021-05-24,D1,57
Pfizer,5,2021-05-24,D2,0
Pfizer,5,2021-05-24,DU,0
Pfizer,5,2021-05-24,R,0
Pfizer,5,2021-05-25,D1,1285
Pfizer,5,2021-05-25,D2,0
Pfizer,5,2021-05-25,DU,0
Pfizer,5,2021-05-25,R,0
Pfizer,5,2021-05-26,D1,974
Pfizer,5,2021-05-26,D2,0
Pfizer,5,2021-05-26,DU,0
Pfizer,5,2021-05-26,R,0
Pfizer,5,2021-05-27,D1,1125
Pfizer,5,2021-05-27,D2,0
Pfizer,5,2021-05-27,DU,0
Pfizer,5,2021-05-27,R,0
Pfizer,5,2021-05-28,D1,629
Pfizer,5,2021-05-28,D2,0
Pfizer,5,2021-05-28,DU,0
Pfizer,5,2021-05-28,R,0
Pfizer,5,2021-05-29,D1,90
Pfizer,5,2021-05-29,D2,0
Pfizer,5,2021-05-29,DU,0
Pfizer,5,2021-05-29,R,0
Pfizer,5,2021-05-30,D1,1
Pfizer,5,2021-05-30,D2,0
Pfizer,5,2021-05-30,DU,0
Pfizer,5,2021-05-30,R,0
Pfizer,5,2021-05-31,D1,25
Pfizer,5,2021-05-31,D2,0
Pfizer,5,2021-05-31,DU,0
Pfizer,5,2021-05-31,R,0
Pfizer,5,2021-06-01,D1,22
Pfizer,5,2021-06-01,D2,0
Pfizer,5,2021-06-01,DU,0
Pfizer,5,2021-06-01,R,0
Pfizer,5,2021-06-02,D1,8814
Pfizer,5,2021-06-02,D2,0
Pfizer,5,2021-06-02,DU,0
Pfizer,5,2021-06-02,R,0
Pfizer,5,2021-06-03,D1,3797
Pfizer,5,2021-06-03,D2,0
Pfizer,5,2021-06-03,DU,0
Pfizer,5,2021-06-03,R,0
Pfizer,5,2021-06-04,D1,1666
Pfizer,5,2021-06-04,D2,5
Pfizer,5,2021-06-04,DU,0
Pfizer,5,2021-06-04,R,0
Pfizer,5,2021-06-05,D1,881
Pfizer,5,2021-06-05,D2,1
Pfizer,5,2021-06-05,DU,0
Pfizer,5,2021-06-05,R,0
Pfizer,5,2021-06-06,D1,105
Pfizer,5,2021-06-06,D2,0
Pfizer,5,2021-06-06,DU,0
Pfizer,5,2021-06-06,R,0
Pfizer,5,2021-06-07,D1,2948
Pfizer,5,2021-06-07,D2,12
Pfizer,5,2021-06-07,DU,0
Pfizer,5,2021-06-07,R,0
Pfizer,5,2021-06-08,D1,2289
Pfizer,5,2021-06-08,D2,16
Pfizer,5,2021-06-08,DU,0
Pfizer,5,2021-06-08,R,0
Pfizer,5,2021-06-09,D1,1713
Pfizer,5,2021-06-09,D2,0
Pfizer,5,2021-06-09,DU,0
Pfizer,5,2021-06-09,R,0
Pfizer,5,2021-06-10,D1,1458
Pfizer,5,2021-06-10,D2,0
Pfizer,5,2021-06-10,DU,0
Pfizer,5,2021-06-10,R,0
Pfizer,5,2021-06-11,D1,7717
Pfizer,5,2021-06-11,D2,0
Pfizer,5,2021-06-11,DU,0
Pfizer,5,2021-06-11,R,0
Pfizer,5,2021-06-12,D1,6862
Pfizer,5,2021-06-12,D2,1
Pfizer,5,2021-06-12,DU,0
Pfizer,5,2021-06-12,R,0
Pfizer,5,2021-06-13,D1,433
Pfizer,5,2021-06-13,D2,0
Pfizer,5,2021-06-13,DU,0
Pfizer,5,2021-06-13,R,0
Pfizer,5,2021-06-14,D1,6451
Pfizer,5,2021-06-14,D2,3
Pfizer,5,2021-06-14,DU,0
Pfizer,5,2021-06-14,R,0
Pfizer,5,2021-06-15,D1,4829
Pfizer,5,2021-06-15,D2,1
Pfizer,5,2021-06-15,DU,0
Pfizer,5,2021-06-15,R,0
Pfizer,5,2021-06-16,D1,2821
Pfizer,5,2021-06-16,D2,1
Pfizer,5,2021-06-16,DU,0
Pfizer,5,2021-06-16,R,0
Pfizer,5,2021-06-17,D1,2127
Pfizer,5,2021-06-17,D2,0
Pfizer,5,2021-06-17,DU,0
Pfizer,5,2021-06-17,R,0
Pfizer,5,2021-06-18,D1,1441
Pfizer,5,2021-06-18,D2,1
Pfizer,5,2021-06-18,DU,0
Pfizer,5,2021-06-18,R,0
Pfizer,5,2021-06-19,D1,1340
Pfizer,5,2021-06-19,D2,0
Pfizer,5,2021-06-19,DU,0
Pfizer,5,2021-06-19,R,0
Pfizer,5,2021-06-20,D1,16
Pfizer,5,2021-06-20,D2,0
Pfizer,5,2021-06-20,DU,0
Pfizer,5,2021-06-20,R,0
Pfizer,5,2021-06-21,D1,1708
Pfizer,5,2021-06-21,D2,15
Pfizer,5,2021-06-21,DU,0
Pfizer,5,2021-06-21,R,0
Pfizer,5,2021-06-22,D1,1491
Pfizer,5,2021-06-22,D2,0
Pfizer,5,2021-06-22,DU,0
Pfizer,5,2021-06-22,R,0
Pfizer,5,2021-06-23,D1,1077
Pfizer,5,2021-06-23,D2,0
Pfizer,5,2021-06-23,DU,0
Pfizer,5,2021-06-23,R,0
Pfizer,5,2021-06-24,D1,1288
Pfizer,5,2021-06-24,D2,2
Pfizer,5,2021-06-24,DU,0
Pfizer,5,2021-06-24,R,0
Pfizer,5,2021-06-25,D1,2667
Pfizer,5,2021-06-25,D2,3
Pfizer,5,2021-06-25,DU,0
Pfizer,5,2021-06-25,R,0
Pfizer,5,2021-06-26,D1,872
Pfizer,5,2021-06-26,D2,1
Pfizer,5,2021-06-26,DU,0
Pfizer,5,2021-06-26,R,0
Pfizer,5,2021-06-27,D1,397
Pfizer,5,2021-06-27,D2,0
Pfizer,5,2021-06-27,DU,0
Pfizer,5,2021-06-27,R,0
Pfizer,5,2021-06-28,D1,1386
Pfizer,5,2021-06-28,D2,3
Pfizer,5,2021-06-28,DU,0
Pfizer,5,2021-06-28,R,0
Pfizer,5,2021-06-29,D1,1115
Pfizer,5,2021-06-29,D2,1
Pfizer,5,2021-06-29,DU,0
Pfizer,5,2021-06-29,R,0
Pfizer,5,2021-06-30,D1,1001
Pfizer,5,2021-06-30,D2,0
Pfizer,5,2021-06-30,DU,0
Pfizer,5,2021-06-30,R,0
Pfizer,5,2021-07-01,D1,412
Pfizer,5,2021-07-01,D2,0
Pfizer,5,2021-07-01,DU,0
Pfizer,5,2021-07-01,R,0
Pfizer,5,2021-07-02,D1,1942
Pfizer,5,2021-07-02,D2,0
Pfizer,5,2021-07-02,DU,0
Pfizer,5,2021-07-02,R,0
Pfizer,5,2021-07-03,D1,1358
Pfizer,5,2021-07-03,D2,0
Pfizer,5,2021-07-03,DU,0
Pfizer,5,2021-07-03,R,0
Pfizer,5,2021-07-04,D1,56
Pfizer,5,2021-07-04,D2,0
Pfizer,5,2021-07-04,DU,0
Pfizer,5,2021-07-04,R,0
Pfizer,5,2021-07-05,D1,4497
Pfizer,5,2021-07-05,D2,3
Pfizer,5,2021-07-05,DU,0
Pfizer,5,2021-07-05,R,0
Pfizer,5,2021-07-06,D1,8532
Pfizer,5,2021-07-06,D2,1
Pfizer,5,2021-07-06,DU,0
Pfizer,5,2021-07-06,R,0
Pfizer,5,2021-07-07,D1,18274
Pfizer,5,2021-07-07,D2,1
Pfizer,5,2021-07-07,DU,0
Pfizer,5,2021-07-07,R,0
Pfizer,5,2021-07-08,D1,26465
Pfizer,5,2021-07-08,D2,3
Pfizer,5,2021-07-08,DU,0
Pfizer,5,2021-07-08,R,3
Pfizer,5,2021-07-09,D1,11788
Pfizer,5,2021-07-09,D2,1
Pfizer,5,2021-07-09,DU,0
Pfizer,5,2021-07-09,R,0
Pfizer,5,2021-07-10,D1,5305
Pfizer,5,2021-07-10,D2,1
Pfizer,5,2021-07-10,DU,0
Pfizer,5,2021-07-10,R,0
Pfizer,5,2021-07-11,D1,50
Pfizer,5,2021-07-11,D2,0
Pfizer,5,2021-07-11,DU,0
Pfizer,5,2021-07-11,R,0
Pfizer,5,2021-07-12,D1,14581
Pfizer,5,2021-07-12,D2,8
Pfizer,5,2021-07-12,DU,0
Pfizer,5,2021-07-12,R,2
Pfizer,5,2021-07-13,D1,10744
Pfizer,5,2021-07-13,D2,3
Pfizer,5,2021-07-13,DU,0
Pfizer,5,2021-07-13,R,0
Pfizer,5,2021-07-14,D1,20505
Pfizer,5,2021-07-14,D2,0
Pfizer,5,2021-07-14,DU,0
Pfizer,5,2021-07-14,R,0
Pfizer,5,2021-07-15,D1,52982
Pfizer,5,2021-07-15,D2,1
Pfizer,5,2021-07-15,DU,0
Pfizer,5,2021-07-15,R,0
Pfizer,5,2021-07-16,D1,31554
Pfizer,5,2021-07-16,D2,3
Pfizer,5,2021-07-16,DU,0
Pfizer,5,2021-07-16,R,0
Pfizer,5,2021-07-17,D1,12127
Pfizer,5,2021-07-17,D2,0
Pfizer,5,2021-07-17,DU,0
Pfizer,5,2021-07-17,R,0
Pfizer,5,2021-07-18,D1,526
Pfizer,5,2021-07-18,D2,1
Pfizer,5,2021-07-18,DU,0
Pfizer,5,2021-07-18,R,0
Pfizer,5,2021-07-19,D1,12407
Pfizer,5,2021-07-19,D2,5
Pfizer,5,2021-07-19,DU,0
Pfizer,5,2021-07-19,R,0
Pfizer,5,2021-07-20,D1,6390
Pfizer,5,2021-07-20,D2,2
Pfizer,5,2021-07-20,DU,0
Pfizer,5,2021-07-20,R,0
Pfizer,5,2021-07-21,D1,3420
Pfizer,5,2021-07-21,D2,2
Pfizer,5,2021-07-21,DU,0
Pfizer,5,2021-07-21,R,0
Pfizer,5,2021-07-22,D1,7953
Pfizer,5,2021-07-22,D2,1
Pfizer,5,2021-07-22,DU,0
Pfizer,5,2021-07-22,R,0
Pfizer,5,2021-07-23,D1,7396
Pfizer,5,2021-07-23,D2,10
Pfizer,5,2021-07-23,DU,0
Pfizer,5,2021-07-23,R,0
Pfizer,5,2021-07-24,D1,4050
Pfizer,5,2021-07-24,D2,1
Pfizer,5,2021-07-24,DU,0
Pfizer,5,2021-07-24,R,0
Pfizer,5,2021-07-25,D1,48
Pfizer,5,2021-07-25,D2,0
Pfizer,5,2021-07-25,DU,0
Pfizer,5,2021-07-25,R,0
Pfizer,5,2021-07-26,D1,4096
Pfizer,5,2021-07-26,D2,12
Pfizer,5,2021-07-26,DU,0
Pfizer,5,2021-07-26,R,0
Pfizer,5,2021-07-27,D1,8601
Pfizer,5,2021-07-27,D2,22
Pfizer,5,2021-07-27,DU,0
Pfizer,5,2021-07-27,R,0
Pfizer,5,2021-07-28,D1,2612
Pfizer,5,2021-07-28,D2,23
Pfizer,5,2021-07-28,DU,0
Pfizer,5,2021-07-28,R,0
Pfizer,5,2021-07-29,D1,5714
Pfizer,5,2021-07-29,D2,57
Pfizer,5,2021-07-29,DU,0
Pfizer,5,2021-07-29,R,0
Pfizer,5,2021-07-30,D1,4869
Pfizer,5,2021-07-30,D2,46
Pfizer,5,2021-07-30,DU,0
Pfizer,5,2021-07-30,R,0
Pfizer,5,2021-07-31,D1,2016
Pfizer,5,2021-07-31,D2,18
Pfizer,5,2021-07-31,DU,0
Pfizer,5,2021-07-31,R,0
Pfizer,5,2021-08-01,D1,132
Pfizer,5,2021-08-01,D2,1
Pfizer,5,2021-08-01,DU,0
Pfizer,5,2021-08-01,R,0
Pfizer,5,2021-08-02,D1,2853
Pfizer,5,2021-08-02,D2,36
Pfizer,5,2021-08-02,DU,0
Pfizer,5,2021-08-02,R,0
Pfizer,5,2021-08-03,D1,2272
Pfizer,5,2021-08-03,D2,22
Pfizer,5,2021-08-03,DU,0
Pfizer,5,2021-08-03,R,0
Pfizer,5,2021-08-04,D1,2141
Pfizer,5,2021-08-04,D2,29
Pfizer,5,2021-08-04,DU,0
Pfizer,5,2021-08-04,R,0
Pfizer,5,2021-08-05,D1,1608
Pfizer,5,2021-08-05,D2,32
Pfizer,5,2021-08-05,DU,0
Pfizer,5,2021-08-05,R,0
Pfizer,5,2021-08-06,D1,2413
Pfizer,5,2021-08-06,D2,239
Pfizer,5,2021-08-06,DU,0
Pfizer,5,2021-08-06,R,0
Pfizer,5,2021-08-07,D1,1435
Pfizer,5,2021-08-07,D2,93
Pfizer,5,2021-08-07,DU,0
Pfizer,5,2021-08-07,R,0
Pfizer,5,2021-08-08,D1,24
Pfizer,5,2021-08-08,D2,1
Pfizer,5,2021-08-08,DU,0
Pfizer,5,2021-08-08,R,0
Pfizer,5,2021-08-09,D1,2167
Pfizer,5,2021-08-09,D2,580
Pfizer,5,2021-08-09,DU,0
Pfizer,5,2021-08-09,R,1
Pfizer,5,2021-08-10,D1,1805
Pfizer,5,2021-08-10,D2,1617
Pfizer,5,2021-08-10,DU,0
Pfizer,5,2021-08-10,R,0
Pfizer,5,2021-08-11,D1,1502
Pfizer,5,2021-08-11,D2,2670
Pfizer,5,2021-08-11,DU,0
Pfizer,5,2021-08-11,R,0
Pfizer,5,2021-08-12,D1,2191
Pfizer,5,2021-08-12,D2,928
Pfizer,5,2021-08-12,DU,0
Pfizer,5,2021-08-12,R,0
Pfizer,5,2021-08-13,D1,3736
Pfizer,5,2021-08-13,D2,532
Pfizer,5,2021-08-13,DU,0
Pfizer,5,2021-08-13,R,0
Pfizer,5,2021-08-14,D1,2581
Pfizer,5,2021-08-14,D2,191
Pfizer,5,2021-08-14,DU,0
Pfizer,5,2021-08-14,R,0
Pfizer,5,2021-08-15,D1,1017
Pfizer,5,2021-08-15,D2,65
Pfizer,5,2021-08-15,DU,0
Pfizer,5,2021-08-15,R,0
Pfizer,5,2021-08-16,D1,1946
Pfizer,5,2021-08-16,D2,285
Pfizer,5,2021-08-16,DU,0
Pfizer,5,2021-08-16,R,0
Pfizer,5,2021-08-17,D1,1551
Pfizer,5,2021-08-17,D2,864
Pfizer,5,2021-08-17,DU,0
Pfizer,5,2021-08-17,R,1
Pfizer,5,2021-08-18,D1,1028
Pfizer,5,2021-08-18,D2,1043
Pfizer,5,2021-08-18,DU,0
Pfizer,5,2021-08-18,R,2
Pfizer,5,2021-08-19,D1,1615
Pfizer,5,2021-08-19,D2,1143
Pfizer,5,2021-08-19,DU,0
Pfizer,5,2021-08-19,R,1
Pfizer,5,2021-08-20,D1,717
Pfizer,5,2021-08-20,D2,791
Pfizer,5,2021-08-20,DU,0
Pfizer,5,2021-08-20,R,0
Pfizer,5,2021-08-21,D1,908
Pfizer,5,2021-08-21,D2,288
Pfizer,5,2021-08-21,DU,0
Pfizer,5,2021-08-21,R,1
Pfizer,5,2021-08-22,D1,139
Pfizer,5,2021-08-22,D2,5
Pfizer,5,2021-08-22,DU,0
Pfizer,5,2021-08-22,R,2
Pfizer,5,2021-08-23,D1,525
Pfizer,5,2021-08-23,D2,461
Pfizer,5,2021-08-23,DU,0
Pfizer,5,2021-08-23,R,0
Pfizer,5,2021-08-24,D1,515
Pfizer,5,2021-08-24,D2,418
Pfizer,5,2021-08-24,DU,0
Pfizer,5,2021-08-24,R,0
Pfizer,5,2021-08-25,D1,578
Pfizer,5,2021-08-25,D2,5940
Pfizer,5,2021-08-25,DU,0
Pfizer,5,2021-08-25,R,1
Pfizer,5,2021-08-26,D1,393
Pfizer,5,2021-08-26,D2,3027
Pfizer,5,2021-08-26,DU,0
Pfizer,5,2021-08-26,R,0
Pfizer,5,2021-08-27,D1,392
Pfizer,5,2021-08-27,D2,2141
Pfizer,5,2021-08-27,DU,0
Pfizer,5,2021-08-27,R,0
Pfizer,5,2021-08-28,D1,170
Pfizer,5,2021-08-28,D2,1212
Pfizer,5,2021-08-28,DU,0
Pfizer,5,2021-08-28,R,1
Pfizer,5,2021-08-29,D1,76
Pfizer,5,2021-08-29,D2,59
Pfizer,5,2021-08-29,DU,0
Pfizer,5,2021-08-29,R,0
Pfizer,5,2021-08-30,D1,728
Pfizer,5,2021-08-30,D2,2417
Pfizer,5,2021-08-30,DU,0
Pfizer,5,2021-08-30,R,0
Pfizer,5,2021-08-31,D1,1016
Pfizer,5,2021-08-31,D2,2334
Pfizer,5,2021-08-31,DU,0
Pfizer,5,2021-08-31,R,2
Pfizer,5,2021-09-01,D1,977
Pfizer,5,2021-09-01,D2,1987
Pfizer,5,2021-09-01,DU,0
Pfizer,5,2021-09-01,R,1
Pfizer,5,2021-09-02,D1,787
Pfizer,5,2021-09-02,D2,2460
Pfizer,5,2021-09-02,DU,0
Pfizer,5,2021-09-02,R,0
Pfizer,5,2021-09-03,D1,711
Pfizer,5,2021-09-03,D2,7085
Pfizer,5,2021-09-03,DU,0
Pfizer,5,2021-09-03,R,0
Pfizer,5,2021-09-04,D1,165
Pfizer,5,2021-09-04,D2,3830
Pfizer,5,2021-09-04,DU,0
Pfizer,5,2021-09-04,R,0
Pfizer,5,2021-09-05,D1,11
Pfizer,5,2021-09-05,D2,141
Pfizer,5,2021-09-05,DU,0
Pfizer,5,2021-09-05,R,1
Pfizer,5,2021-09-06,D1,189
Pfizer,5,2021-09-06,D2,3076
Pfizer,5,2021-09-06,DU,0
Pfizer,5,2021-09-06,R,3
Pfizer,5,2021-09-07,D1,44
Pfizer,5,2021-09-07,D2,464
Pfizer,5,2021-09-07,DU,0
Pfizer,5,2021-09-07,R,0
Pfizer,5,2021-09-08,D1,234
Pfizer,5,2021-09-08,D2,5095
Pfizer,5,2021-09-08,DU,0
Pfizer,5,2021-09-08,R,0
Pfizer,5,2021-09-09,D1,240
Pfizer,5,2021-09-09,D2,3659
Pfizer,5,2021-09-09,DU,0
Pfizer,5,2021-09-09,R,0
Pfizer,5,2021-09-10,D1,274
Pfizer,5,2021-09-10,D2,2804
Pfizer,5,2021-09-10,DU,0
Pfizer,5,2021-09-10,R,2
Pfizer,5,2021-09-11,D1,96
Pfizer,5,2021-09-11,D2,1387
Pfizer,5,2021-09-11,DU,0
Pfizer,5,2021-09-11,R,0
Pfizer,5,2021-09-12,D1,10
Pfizer,5,2021-09-12,D2,232
Pfizer,5,2021-09-12,DU,0
Pfizer,5,2021-09-12,R,0
Pfizer,5,2021-09-13,D1,371
Pfizer,5,2021-09-13,D2,3320
Pfizer,5,2021-09-13,DU,0
Pfizer,5,2021-09-13,R,0
Pfizer,5,2021-09-14,D1,301
Pfizer,5,2021-09-14,D2,4407
Pfizer,5,2021-09-14,DU,0
Pfizer,5,2021-09-14,R,0
Pfizer,5,2021-09-15,D1,281
Pfizer,5,2021-09-15,D2,3066
Pfizer,5,2021-09-15,DU,0
Pfizer,5,2021-09-15,R,12
Pfizer,5,2021-09-16,D1,439
Pfizer,5,2021-09-16,D2,3178
Pfizer,5,2021-09-16,DU,0
Pfizer,5,2021-09-16,R,24
Pfizer,5,2021-09-17,D1,489
Pfizer,5,2021-09-17,D2,3456
Pfizer,5,2021-09-17,DU,0
Pfizer,5,2021-09-17,R,35
Pfizer,5,2021-09-18,D1,110
Pfizer,5,2021-09-18,D2,1110
Pfizer,5,2021-09-18,DU,0
Pfizer,5,2021-09-18,R,1
Pfizer,5,2021-09-19,D1,19
Pfizer,5,2021-09-19,D2,259
Pfizer,5,2021-09-19,DU,0
Pfizer,5,2021-09-19,R,0
Pfizer,5,2021-09-20,D1,388
Pfizer,5,2021-09-20,D2,2538
Pfizer,5,2021-09-20,DU,0
Pfizer,5,2021-09-20,R,73
Pfizer,5,2021-09-21,D1,420
Pfizer,5,2021-09-21,D2,2240
Pfizer,5,2021-09-21,DU,0
Pfizer,5,2021-09-21,R,59
Pfizer,5,2021-09-22,D1,449
Pfizer,5,2021-09-22,D2,2958
Pfizer,5,2021-09-22,DU,0
Pfizer,5,2021-09-22,R,76
Pfizer,5,2021-09-23,D1,235
Pfizer,5,2021-09-23,D2,4126
Pfizer,5,2021-09-23,DU,0
Pfizer,5,2021-09-23,R,125
Pfizer,5,2021-09-24,D1,225
Pfizer,5,2021-09-24,D2,13164
Pfizer,5,2021-09-24,DU,0
Pfizer,5,2021-09-24,R,123
Pfizer,5,2021-09-25,D1,108
Pfizer,5,2021-09-25,D2,7673
Pfizer,5,2021-09-25,DU,0
Pfizer,5,2021-09-25,R,38
Pfizer,5,2021-09-26,D1,18
Pfizer,5,2021-09-26,D2,1675
Pfizer,5,2021-09-26,DU,0
Pfizer,5,2021-09-26,R,6
Pfizer,5,2021-09-27,D1,302
Pfizer,5,2021-09-27,D2,15390
Pfizer,5,2021-09-27,DU,0
Pfizer,5,2021-09-27,R,165
Pfizer,5,2021-09-28,D1,288
Pfizer,5,2021-09-28,D2,19189
Pfizer,5,2021-09-28,DU,0
Pfizer,5,2021-09-28,R,203
Pfizer,5,2021-09-29,D1,240
Pfizer,5,2021-09-29,D2,21492
Pfizer,5,2021-09-29,DU,0
Pfizer,5,2021-09-29,R,298
Pfizer,5,2021-09-30,D1,221
Pfizer,5,2021-09-30,D2,22698
Pfizer,5,2021-09-30,DU,0
Pfizer,5,2021-09-30,R,282
Pfizer,5,2021-10-01,D1,193
Pfizer,5,2021-10-01,D2,18101
Pfizer,5,2021-10-01,DU,0
Pfizer,5,2021-10-01,R,272
Pfizer,5,2021-10-02,D1,190
Pfizer,5,2021-10-02,D2,12257
Pfizer,5,2021-10-02,DU,1
Pfizer,5,2021-10-02,R,823
Pfizer,5,2021-10-03,D1,10
Pfizer,5,2021-10-03,D2,427
Pfizer,5,2021-10-03,DU,0
Pfizer,5,2021-10-03,R,15
Pfizer,5,2021-10-04,D1,169
Pfizer,5,2021-10-04,D2,21798
Pfizer,5,2021-10-04,DU,0
Pfizer,5,2021-10-04,R,4372
Pfizer,5,2021-10-05,D1,256
Pfizer,5,2021-10-05,D2,18733
Pfizer,5,2021-10-05,DU,0
Pfizer,5,2021-10-05,R,5626
Pfizer,5,2021-10-06,D1,403
Pfizer,5,2021-10-06,D2,14651
Pfizer,5,2021-10-06,DU,0
Pfizer,5,2021-10-06,R,5784
Pfizer,5,2021-10-07,D1,412
Pfizer,5,2021-10-07,D2,19194
Pfizer,5,2021-10-07,DU,0
Pfizer,5,2021-10-07,R,5312
Pfizer,5,2021-10-08,D1,386
Pfizer,5,2021-10-08,D2,16506
Pfizer,5,2021-10-08,DU,0
Pfizer,5,2021-10-08,R,4090
Pfizer,5,2021-10-09,D1,140
Pfizer,5,2021-10-09,D2,6540
Pfizer,5,2021-10-09,DU,0
Pfizer,5,2021-10-09,R,702
Pfizer,5,2021-10-10,D1,10
Pfizer,5,2021-10-10,D2,239
Pfizer,5,2021-10-10,DU,0
Pfizer,5,2021-10-10,R,104
Pfizer,5,2021-10-11,D1,82
Pfizer,5,2021-10-11,D2,2360
Pfizer,5,2021-10-11,DU,0
Pfizer,5,2021-10-11,R,527
Pfizer,5,2021-10-12,D1,32
Pfizer,5,2021-10-12,D2,533
Pfizer,5,2021-10-12,DU,0
Pfizer,5,2021-10-12,R,152
Pfizer,5,2021-10-13,D1,419
Pfizer,5,2021-10-13,D2,11438
Pfizer,5,2021-10-13,DU,0
Pfizer,5,2021-10-13,R,2401
Pfizer,5,2021-10-14,D1,397
Pfizer,5,2021-10-14,D2,10246
Pfizer,5,2021-10-14,DU,0
Pfizer,5,2021-10-14,R,2843
Pfizer,5,2021-10-15,D1,488
Pfizer,5,2021-10-15,D2,9406
Pfizer,5,2021-10-15,DU,0
Pfizer,5,2021-10-15,R,2165
Pfizer,5,2021-10-16,D1,372
Pfizer,5,2021-10-16,D2,6475
Pfizer,5,2021-10-16,DU,0
Pfizer,5,2021-10-16,R,1253
Pfizer,5,2021-10-17,D1,12
Pfizer,5,2021-10-17,D2,133
Pfizer,5,2021-10-17,DU,0
Pfizer,5,2021-10-17,R,79
Pfizer,5,2021-10-18,D1,421
Pfizer,5,2021-10-18,D2,7626
Pfizer,5,2021-10-18,DU,0
Pfizer,5,2021-10-18,R,1245
Pfizer,5,2021-10-19,D1,488
Pfizer,5,2021-10-19,D2,8385
Pfizer,5,2021-10-19,DU,0
Pfizer,5,2021-10-19,R,1588
Pfizer,5,2021-10-20,D1,484
Pfizer,5,2021-10-20,D2,7850
Pfizer,5,2021-10-20,DU,2
Pfizer,5,2021-10-20,R,1434
Pfizer,5,2021-10-21,D1,501
Pfizer,5,2021-10-21,D2,6841
Pfizer,5,2021-10-21,DU,1
Pfizer,5,2021-10-21,R,1280
Pfizer,5,2021-10-22,D1,461
Pfizer,5,2021-10-22,D2,6951
Pfizer,5,2021-10-22,DU,0
Pfizer,5,2021-10-22,R,1554
Pfizer,5,2021-10-23,D1,172
Pfizer,5,2021-10-23,D2,2514
Pfizer,5,2021-10-23,DU,0
Pfizer,5,2021-10-23,R,399
Pfizer,5,2021-10-24,D1,19
Pfizer,5,2021-10-24,D2,98
Pfizer,5,2021-10-24,DU,0
Pfizer,5,2021-10-24,R,23
Pfizer,5,2021-10-25,D1,462
Pfizer,5,2021-10-25,D2,6277
Pfizer,5,2021-10-25,DU,0
Pfizer,5,2021-10-25,R,1384
Pfizer,5,2021-10-26,D1,505
Pfizer,5,2021-10-26,D2,4340
Pfizer,5,2021-10-26,DU,0
Pfizer,5,2021-10-26,R,1561
Pfizer,5,2021-10-27,D1,477
Pfizer,5,2021-10-27,D2,3998
Pfizer,5,2021-10-27,DU,0
Pfizer,5,2021-10-27,R,1853
Pfizer,5,2021-10-28,D1,392
Pfizer,5,2021-10-28,D2,2756
Pfizer,5,2021-10-28,DU,0
Pfizer,5,2021-10-28,R,2152
Pfizer,5,2021-10-29,D1,259
Pfizer,5,2021-10-29,D2,1685
Pfizer,5,2021-10-29,DU,0
Pfizer,5,2021-10-29,R,1199
Pfizer,5,2021-10-30,D1,91
Pfizer,5,2021-10-30,D2,728
Pfizer,5,2021-10-30,DU,0
Pfizer,5,2021-10-30,R,313
Pfizer,5,2021-10-31,D1,4
Pfizer,5,2021-10-31,D2,55
Pfizer,5,2021-10-31,DU,0
Pfizer,5,2021-10-31,R,40
Pfizer,5,2021-11-01,D1,60
Pfizer,5,2021-11-01,D2,449
Pfizer,5,2021-11-01,DU,0
Pfizer,5,2021-11-01,R,439
Pfizer,5,2021-11-02,D1,36
Pfizer,5,2021-11-02,D2,190
Pfizer,5,2021-11-02,DU,0
Pfizer,5,2021-11-02,R,320
Pfizer,5,2021-11-03,D1,440
Pfizer,5,2021-11-03,D2,3259
Pfizer,5,2021-11-03,DU,0
Pfizer,5,2021-11-03,R,1718
Pfizer,5,2021-11-04,D1,444
Pfizer,5,2021-11-04,D2,2767
Pfizer,5,2021-11-04,DU,0
Pfizer,5,2021-11-04,R,1594
Pfizer,5,2021-11-05,D1,427
Pfizer,5,2021-11-05,D2,2732
Pfizer,5,2021-11-05,DU,0
Pfizer,5,2021-11-05,R,1564
Pfizer,5,2021-11-06,D1,99
Pfizer,5,2021-11-06,D2,828
Pfizer,5,2021-11-06,DU,0
Pfizer,5,2021-11-06,R,435
Pfizer,5,2021-11-07,D1,17
Pfizer,5,2021-11-07,D2,51
Pfizer,5,2021-11-07,DU,0
Pfizer,5,2021-11-07,R,40
Pfizer,5,2021-11-08,D1,320
Pfizer,5,2021-11-08,D2,2457
Pfizer,5,2021-11-08,DU,0
Pfizer,5,2021-11-08,R,1190
Pfizer,5,2021-11-09,D1,306
Pfizer,5,2021-11-09,D2,2054
Pfizer,5,2021-11-09,DU,2
Pfizer,5,2021-11-09,R,1174
Pfizer,5,2021-11-10,D1,249
Pfizer,5,2021-11-10,D2,1411
Pfizer,5,2021-11-10,DU,0
Pfizer,5,2021-11-10,R,746
Pfizer,5,2021-11-11,D1,406
Pfizer,5,2021-11-11,D2,1722
Pfizer,5,2021-11-11,DU,6
Pfizer,5,2021-11-11,R,1032
Pfizer,5,2021-11-12,D1,351
Pfizer,5,2021-11-12,D2,1846
Pfizer,5,2021-11-12,DU,0
Pfizer,5,2021-11-12,R,1045
Pfizer,5,2021-11-13,D1,159
Pfizer,5,2021-11-13,D2,675
Pfizer,5,2021-11-13,DU,0
Pfizer,5,2021-11-13,R,274
Pfizer,5,2021-11-14,D1,9
Pfizer,5,2021-11-14,D2,54
Pfizer,5,2021-11-14,DU,0
Pfizer,5,2021-11-14,R,28
Pfizer,5,2021-11-15,D1,38
Pfizer,5,2021-11-15,D2,161
Pfizer,5,2021-11-15,DU,0
Pfizer,5,2021-11-15,R,85
Pfizer,5,2021-11-16,D1,261
Pfizer,5,2021-11-16,D2,1133
Pfizer,5,2021-11-16,DU,0
Pfizer,5,2021-11-16,R,622
Pfizer,5,2021-11-17,D1,305
Pfizer,5,2021-11-17,D2,1451
Pfizer,5,2021-11-17,DU,0
Pfizer,5,2021-11-17,R,841
Pfizer,5,2021-11-18,D1,288
Pfizer,5,2021-11-18,D2,10
Pfizer,5,2021-11-18,DU,0
Pfizer,5,2021-11-18,R,941
Pfizer,5,2021-11-19,D1,0
Pfizer,5,2021-11-19,D2,21
Pfizer,5,2021-11-19,DU,0
Pfizer,5,2021-11-19,R,9
Pfizer,5,2021-11-20,D1,201
Pfizer,5,2021-11-20,D2,14
Pfizer,5,2021-11-20,DU,0
Pfizer,5,2021-11-20,R,754
Pfizer,5,2021-11-21,D1,16
Pfizer,5,2021-11-21,D2,1
Pfizer,5,2021-11-21,DU,0
Pfizer,5,2021-11-21,R,42
Pfizer,5,2021-11-22,D1,1
Pfizer,5,2021-11-22,D2,8
Pfizer,5,2021-11-22,DU,0
Pfizer,5,2021-11-22,R,6
Pfizer,5,2021-11-23,D1,40
Pfizer,5,2021-11-23,D2,1403
Pfizer,5,2021-11-23,DU,0
Pfizer,5,2021-11-23,R,142
Pfizer,5,2021-11-24,D1,7
Pfizer,5,2021-11-24,D2,14
Pfizer,5,2021-11-24,DU,0
Pfizer,5,2021-11-24,R,24
Pfizer,5,2021-11-25,D1,4
Pfizer,5,2021-11-25,D2,9
Pfizer,5,2021-11-25,DU,0
Pfizer,5,2021-11-25,R,7
Pfizer,5,2021-11-26,D1,2
Pfizer,5,2021-11-26,D2,1099
Pfizer,5,2021-11-26,DU,0
Pfizer,5,2021-11-26,R,8
Pfizer,5,2021-11-27,D1,8
Pfizer,5,2021-11-27,D2,5
Pfizer,5,2021-11-27,DU,0
Pfizer,5,2021-11-27,R,7
Pfizer,5,2021-11-28,D1,0
Pfizer,5,2021-11-28,D2,1
Pfizer,5,2021-11-28,DU,0
Pfizer,5,2021-11-28,R,0
Pfizer,5,2021-11-29,D1,2
Pfizer,5,2021-11-29,D2,8
Pfizer,5,2021-11-29,DU,0
Pfizer,5,2021-11-29,R,15
Pfizer,5,2021-11-30,D1,2
Pfizer,5,2021-11-30,D2,5
Pfizer,5,2021-11-30,DU,0
Pfizer,5,2021-11-30,R,14
Pfizer,5,2021-12-01,D1,1
Pfizer,5,2021-12-01,D2,1
Pfizer,5,2021-12-01,DU,0
Pfizer,5,2021-12-01,R,52
Pfizer,5,2021-12-02,D1,2
Pfizer,5,2021-12-02,D2,1001
Pfizer,5,2021-12-02,DU,0
Pfizer,5,2021-12-02,R,43
Pfizer,5,2021-12-03,D1,4
Pfizer,5,2021-12-03,D2,13
Pfizer,5,2021-12-03,DU,0
Pfizer,5,2021-12-03,R,95
Pfizer,5,2021-12-04,D1,150
Pfizer,5,2021-12-04,D2,16
Pfizer,5,2021-12-04,DU,0
Pfizer,5,2021-12-04,R,3418
Pfizer,5,2021-12-05,D1,11
Pfizer,5,2021-12-05,D2,23
Pfizer,5,2021-12-05,DU,0
Pfizer,5,2021-12-05,R,195
Pfizer,5,2021-12-06,D1,2
Pfizer,5,2021-12-06,D2,11
Pfizer,5,2021-12-06,DU,0
Pfizer,5,2021-12-06,R,62
Pfizer,5,2021-12-07,D1,218
Pfizer,5,2021-12-07,D2,95
Pfizer,5,2021-12-07,DU,0
Pfizer,5,2021-12-07,R,3867
Pfizer,5,2021-12-08,D1,0
Pfizer,5,2021-12-08,D2,1
Pfizer,5,2021-12-08,DU,0
Pfizer,5,2021-12-08,R,68
Pfizer,5,2021-12-09,D1,0
Pfizer,5,2021-12-09,D2,1
Pfizer,5,2021-12-09,DU,0
Pfizer,5,2021-12-09,R,65
Pfizer,5,2021-12-10,D1,0
Pfizer,5,2021-12-10,D2,0
Pfizer,5,2021-12-10,DU,0
Pfizer,5,2021-12-10,R,54
Pfizer,5,2021-12-11,D1,0
Pfizer,5,2021-12-11,D2,0
Pfizer,5,2021-12-11,DU,0
Pfizer,5,2021-12-11,R,20
Pfizer,5,2021-12-12,D1,0
Pfizer,5,2021-12-12,D2,0
Pfizer,5,2021-12-12,DU,0
Pfizer,5,2021-12-12,R,11
Pfizer,5,2021-12-13,D1,1
Pfizer,5,2021-12-13,D2,0
Pfizer,5,2021-12-13,DU,0
Pfizer,5,2021-12-13,R,49
Pfizer,5,2021-12-14,D1,222
Pfizer,5,2021-12-14,D2,52
Pfizer,5,2021-12-14,DU,0
Pfizer,5,2021-12-14,R,5965
Pfizer,5,2021-12-15,D1,0
Pfizer,5,2021-12-15,D2,1
Pfizer,5,2021-12-15,DU,0
Pfizer,5,2021-12-15,R,128
Pfizer,5,2021-12-16,D1,0
Pfizer,5,2021-12-16,D2,1
Pfizer,5,2021-12-16,DU,0
Pfizer,5,2021-12-16,R,130
Pfizer,5,2021-12-17,D1,178
Pfizer,5,2021-12-17,D2,393
Pfizer,5,2021-12-17,DU,0
Pfizer,5,2021-12-17,R,7213
Pfizer,5,2021-12-18,D1,0
Pfizer,5,2021-12-18,D2,0
Pfizer,5,2021-12-18,DU,0
Pfizer,5,2021-12-18,R,71
Pfizer,5,2021-12-19,D1,6
Pfizer,5,2021-12-19,D2,21
Pfizer,5,2021-12-19,DU,0
Pfizer,5,2021-12-19,R,751
Pfizer,5,2021-12-20,D1,40
Pfizer,5,2021-12-20,D2,114
Pfizer,5,2021-12-20,DU,0
Pfizer,5,2021-12-20,R,3887
Pfizer,5,2021-12-21,D1,0
Pfizer,5,2021-12-21,D2,4
Pfizer,5,2021-12-21,DU,0
Pfizer,5,2021-12-21,R,126
Pfizer,5,2021-12-22,D1,0
Pfizer,5,2021-12-22,D2,5
Pfizer,5,2021-12-22,DU,0
Pfizer,5,2021-12-22,R,84
Pfizer,5,2021-12-23,D1,37
Pfizer,5,2021-12-23,D2,107
Pfizer,5,2021-12-23,DU,0
Pfizer,5,2021-12-23,R,2534
Pfizer,5,2021-12-26,D1,3
Pfizer,5,2021-12-26,D2,3
Pfizer,5,2021-12-26,DU,0
Pfizer,5,2021-12-26,R,278
Pfizer,5,2021-12-27,D1,156
Pfizer,5,2021-12-27,D2,295
Pfizer,5,2021-12-27,DU,0
Pfizer,5,2021-12-27,R,12411
Pfizer,5,2021-12-28,D1,157
Pfizer,5,2021-12-28,D2,379
Pfizer,5,2021-12-28,DU,0
Pfizer,5,2021-12-28,R,11091
Pfizer,5,2021-12-29,D1,0
Pfizer,5,2021-12-29,D2,2
Pfizer,5,2021-12-29,DU,0
Pfizer,5,2021-12-29,R,82
Pfizer,5,2021-12-30,D1,0
Pfizer,5,2021-12-30,D2,2
Pfizer,5,2021-12-30,DU,0
Pfizer,5,2021-12-30,R,11
Pfizer,5,2022-01-03,D1,124
Pfizer,5,2022-01-03,D2,175
Pfizer,5,2022-01-03,DU,0
Pfizer,5,2022-01-03,R,7550
Pfizer,5,2022-01-04,D1,217
Pfizer,5,2022-01-04,D2,337
Pfizer,5,2022-01-04,DU,0
Pfizer,5,2022-01-04,R,13272
Pfizer,5,2022-01-05,D1,0
Pfizer,5,2022-01-05,D2,6
Pfizer,5,2022-01-05,DU,0
Pfizer,5,2022-01-05,R,155
Pfizer,5,2022-01-06,D1,0
Pfizer,5,2022-01-06,D2,1
Pfizer,5,2022-01-06,DU,0
Pfizer,5,2022-01-06,R,53
Pfizer,5,2022-01-07,D1,3
Pfizer,5,2022-01-07,D2,3
Pfizer,5,2022-01-07,DU,0
Pfizer,5,2022-01-07,R,56
Pfizer,5,2022-01-08,D1,5
Pfizer,5,2022-01-08,D2,9
Pfizer,5,2022-01-08,DU,0
Pfizer,5,2022-01-08,R,250
Pfizer,5,2022-01-09,D1,0
Pfizer,5,2022-01-09,D2,0
Pfizer,5,2022-01-09,DU,0
Pfizer,5,2022-01-09,R,29
Pfizer,5,2022-01-10,D1,195
Pfizer,5,2022-01-10,D2,329
Pfizer,5,2022-01-10,DU,0
Pfizer,5,2022-01-10,R,9587
Pfizer,5,2022-01-11,D1,168
Pfizer,5,2022-01-11,D2,281
Pfizer,5,2022-01-11,DU,0
Pfizer,5,2022-01-11,R,7964
Pfizer,5,2022-01-12,D1,0
Pfizer,5,2022-01-12,D2,5
Pfizer,5,2022-01-12,DU,0
Pfizer,5,2022-01-12,R,106
Pfizer,5,2022-01-13,D1,195
Pfizer,5,2022-01-13,D2,368
Pfizer,5,2022-01-13,DU,0
Pfizer,5,2022-01-13,R,9418
Pfizer,5,2022-01-14,D1,13
Pfizer,5,2022-01-14,D2,15
Pfizer,5,2022-01-14,DU,0
Pfizer,5,2022-01-14,R,579
Pfizer,6,2021-01-25,D1,1
Pfizer,6,2021-01-25,D2,0
Pfizer,6,2021-01-25,DU,0
Pfizer,6,2021-01-25,R,0
Pfizer,6,2021-01-27,D1,0
Pfizer,6,2021-01-27,D2,0
Pfizer,6,2021-01-27,DU,0
Pfizer,6,2021-01-27,R,1
Pfizer,6,2021-02-12,D1,1
Pfizer,6,2021-02-12,D2,0
Pfizer,6,2021-02-12,DU,0
Pfizer,6,2021-02-12,R,0
Pfizer,6,2021-02-17,D1,0
Pfizer,6,2021-02-17,D2,1
Pfizer,6,2021-02-17,DU,0
Pfizer,6,2021-02-17,R,0
Pfizer,6,2021-03-03,D1,1
Pfizer,6,2021-03-03,D2,0
Pfizer,6,2021-03-03,DU,0
Pfizer,6,2021-03-03,R,0
Pfizer,6,2021-03-13,D1,1
Pfizer,6,2021-03-13,D2,0
Pfizer,6,2021-03-13,DU,0
Pfizer,6,2021-03-13,R,0
Pfizer,6,2021-03-29,D1,1
Pfizer,6,2021-03-29,D2,0
Pfizer,6,2021-03-29,DU,0
Pfizer,6,2021-03-29,R,0
Pfizer,6,2021-04-02,D1,2
Pfizer,6,2021-04-02,D2,0
Pfizer,6,2021-04-02,DU,0
Pfizer,6,2021-04-02,R,0
Pfizer,6,2021-04-23,D1,1
Pfizer,6,2021-04-23,D2,0
Pfizer,6,2021-04-23,DU,0
Pfizer,6,2021-04-23,R,0
Pfizer,6,2021-04-26,D1,3
Pfizer,6,2021-04-26,D2,0
Pfizer,6,2021-04-26,DU,0
Pfizer,6,2021-04-26,R,0
Pfizer,6,2021-04-27,D1,0
Pfizer,6,2021-04-27,D2,0
Pfizer,6,2021-04-27,DU,0
Pfizer,6,2021-04-27,R,1
Pfizer,6,2021-05-02,D1,2
Pfizer,6,2021-05-02,D2,0
Pfizer,6,2021-05-02,DU,0
Pfizer,6,2021-05-02,R,0
Pfizer,6,2021-05-03,D1,1
Pfizer,6,2021-05-03,D2,0
Pfizer,6,2021-05-03,DU,0
Pfizer,6,2021-05-03,R,0
Pfizer,6,2021-05-04,D1,2
Pfizer,6,2021-05-04,D2,0
Pfizer,6,2021-05-04,DU,0
Pfizer,6,2021-05-04,R,0
Pfizer,6,2021-05-05,D1,2
Pfizer,6,2021-05-05,D2,0
Pfizer,6,2021-05-05,DU,0
Pfizer,6,2021-05-05,R,0
Pfizer,6,2021-05-06,D1,55
Pfizer,6,2021-05-06,D2,0
Pfizer,6,2021-05-06,DU,0
Pfizer,6,2021-05-06,R,0
Pfizer,6,2021-05-07,D1,25
Pfizer,6,2021-05-07,D2,0
Pfizer,6,2021-05-07,DU,0
Pfizer,6,2021-05-07,R,0
Pfizer,6,2021-05-08,D1,5
Pfizer,6,2021-05-08,D2,0
Pfizer,6,2021-05-08,DU,0
Pfizer,6,2021-05-08,R,0
Pfizer,6,2021-05-11,D1,3
Pfizer,6,2021-05-11,D2,0
Pfizer,6,2021-05-11,DU,0
Pfizer,6,2021-05-11,R,0
Pfizer,6,2021-05-12,D1,1
Pfizer,6,2021-05-12,D2,0
Pfizer,6,2021-05-12,DU,0
Pfizer,6,2021-05-12,R,0
Pfizer,6,2021-05-13,D1,3
Pfizer,6,2021-05-13,D2,0
Pfizer,6,2021-05-13,DU,0
Pfizer,6,2021-05-13,R,0
Pfizer,6,2021-05-14,D1,354
Pfizer,6,2021-05-14,D2,1
Pfizer,6,2021-05-14,DU,0
Pfizer,6,2021-05-14,R,0
Pfizer,6,2021-05-15,D1,741
Pfizer,6,2021-05-15,D2,0
Pfizer,6,2021-05-15,DU,0
Pfizer,6,2021-05-15,R,0
Pfizer,6,2021-05-16,D1,2
Pfizer,6,2021-05-16,D2,0
Pfizer,6,2021-05-16,DU,0
Pfizer,6,2021-05-16,R,0
Pfizer,6,2021-05-17,D1,1230
Pfizer,6,2021-05-17,D2,0
Pfizer,6,2021-05-17,DU,0
Pfizer,6,2021-05-17,R,0
Pfizer,6,2021-05-18,D1,2148
Pfizer,6,2021-05-18,D2,1
Pfizer,6,2021-05-18,DU,0
Pfizer,6,2021-05-18,R,0
Pfizer,6,2021-05-19,D1,1795
Pfizer,6,2021-05-19,D2,0
Pfizer,6,2021-05-19,DU,0
Pfizer,6,2021-05-19,R,0
Pfizer,6,2021-05-20,D1,1974
Pfizer,6,2021-05-20,D2,1
Pfizer,6,2021-05-20,DU,0
Pfizer,6,2021-05-20,R,0
Pfizer,6,2021-05-21,D1,559
Pfizer,6,2021-05-21,D2,0
Pfizer,6,2021-05-21,DU,0
Pfizer,6,2021-05-21,R,0
Pfizer,6,2021-05-22,D1,8
Pfizer,6,2021-05-22,D2,0
Pfizer,6,2021-05-22,DU,0
Pfizer,6,2021-05-22,R,0
Pfizer,6,2021-05-24,D1,149
Pfizer,6,2021-05-24,D2,0
Pfizer,6,2021-05-24,DU,0
Pfizer,6,2021-05-24,R,0
Pfizer,6,2021-05-25,D1,3892
Pfizer,6,2021-05-25,D2,0
Pfizer,6,2021-05-25,DU,0
Pfizer,6,2021-05-25,R,0
Pfizer,6,2021-05-26,D1,2863
Pfizer,6,2021-05-26,D2,0
Pfizer,6,2021-05-26,DU,0
Pfizer,6,2021-05-26,R,0
Pfizer,6,2021-05-27,D1,2539
Pfizer,6,2021-05-27,D2,0
Pfizer,6,2021-05-27,DU,0
Pfizer,6,2021-05-27,R,0
Pfizer,6,2021-05-28,D1,6690
Pfizer,6,2021-05-28,D2,1
Pfizer,6,2021-05-28,DU,0
Pfizer,6,2021-05-28,R,0
Pfizer,6,2021-05-29,D1,420
Pfizer,6,2021-05-29,D2,0
Pfizer,6,2021-05-29,DU,0
Pfizer,6,2021-05-29,R,0
Pfizer,6,2021-05-30,D1,5
Pfizer,6,2021-05-30,D2,0
Pfizer,6,2021-05-30,DU,0
Pfizer,6,2021-05-30,R,0
Pfizer,6,2021-05-31,D1,38
Pfizer,6,2021-05-31,D2,0
Pfizer,6,2021-05-31,DU,0
Pfizer,6,2021-05-31,R,0
Pfizer,6,2021-06-01,D1,54
Pfizer,6,2021-06-01,D2,0
Pfizer,6,2021-06-01,DU,0
Pfizer,6,2021-06-01,R,0
Pfizer,6,2021-06-02,D1,3403
Pfizer,6,2021-06-02,D2,0
Pfizer,6,2021-06-02,DU,0
Pfizer,6,2021-06-02,R,0
Pfizer,6,2021-06-03,D1,2162
Pfizer,6,2021-06-03,D2,0
Pfizer,6,2021-06-03,DU,0
Pfizer,6,2021-06-03,R,0
Pfizer,6,2021-06-04,D1,1398
Pfizer,6,2021-06-04,D2,1
Pfizer,6,2021-06-04,DU,0
Pfizer,6,2021-06-04,R,0
Pfizer,6,2021-06-05,D1,672
Pfizer,6,2021-06-05,D2,0
Pfizer,6,2021-06-05,DU,0
Pfizer,6,2021-06-05,R,0
Pfizer,6,2021-06-06,D1,10
Pfizer,6,2021-06-06,D2,0
Pfizer,6,2021-06-06,DU,0
Pfizer,6,2021-06-06,R,0
Pfizer,6,2021-06-07,D1,1939
Pfizer,6,2021-06-07,D2,5
Pfizer,6,2021-06-07,DU,0
Pfizer,6,2021-06-07,R,0
Pfizer,6,2021-06-08,D1,1784
Pfizer,6,2021-06-08,D2,14
Pfizer,6,2021-06-08,DU,0
Pfizer,6,2021-06-08,R,0
Pfizer,6,2021-06-09,D1,2041
Pfizer,6,2021-06-09,D2,1
Pfizer,6,2021-06-09,DU,0
Pfizer,6,2021-06-09,R,0
Pfizer,6,2021-06-10,D1,1371
Pfizer,6,2021-06-10,D2,0
Pfizer,6,2021-06-10,DU,0
Pfizer,6,2021-06-10,R,0
Pfizer,6,2021-06-11,D1,5577
Pfizer,6,2021-06-11,D2,0
Pfizer,6,2021-06-11,DU,0
Pfizer,6,2021-06-11,R,0
Pfizer,6,2021-06-12,D1,4167
Pfizer,6,2021-06-12,D2,0
Pfizer,6,2021-06-12,DU,0
Pfizer,6,2021-06-12,R,0
Pfizer,6,2021-06-13,D1,334
Pfizer,6,2021-06-13,D2,0
Pfizer,6,2021-06-13,DU,0
Pfizer,6,2021-06-13,R,0
Pfizer,6,2021-06-14,D1,4380
Pfizer,6,2021-06-14,D2,1
Pfizer,6,2021-06-14,DU,0
Pfizer,6,2021-06-14,R,0
Pfizer,6,2021-06-15,D1,3244
Pfizer,6,2021-06-15,D2,2
Pfizer,6,2021-06-15,DU,0
Pfizer,6,2021-06-15,R,0
Pfizer,6,2021-06-16,D1,1911
Pfizer,6,2021-06-16,D2,2
Pfizer,6,2021-06-16,DU,0
Pfizer,6,2021-06-16,R,0
Pfizer,6,2021-06-17,D1,1796
Pfizer,6,2021-06-17,D2,0
Pfizer,6,2021-06-17,DU,0
Pfizer,6,2021-06-17,R,0
Pfizer,6,2021-06-18,D1,1015
Pfizer,6,2021-06-18,D2,0
Pfizer,6,2021-06-18,DU,0
Pfizer,6,2021-06-18,R,0
Pfizer,6,2021-06-19,D1,1476
Pfizer,6,2021-06-19,D2,1
Pfizer,6,2021-06-19,DU,0
Pfizer,6,2021-06-19,R,0
Pfizer,6,2021-06-20,D1,26
Pfizer,6,2021-06-20,D2,0
Pfizer,6,2021-06-20,DU,0
Pfizer,6,2021-06-20,R,0
Pfizer,6,2021-06-21,D1,4795
Pfizer,6,2021-06-21,D2,13
Pfizer,6,2021-06-21,DU,0
Pfizer,6,2021-06-21,R,0
Pfizer,6,2021-06-22,D1,8992
Pfizer,6,2021-06-22,D2,1
Pfizer,6,2021-06-22,DU,0
Pfizer,6,2021-06-22,R,0
Pfizer,6,2021-06-23,D1,14596
Pfizer,6,2021-06-23,D2,3
Pfizer,6,2021-06-23,DU,0
Pfizer,6,2021-06-23,R,0
Pfizer,6,2021-06-24,D1,14163
Pfizer,6,2021-06-24,D2,1
Pfizer,6,2021-06-24,DU,0
Pfizer,6,2021-06-24,R,0
Pfizer,6,2021-06-25,D1,40181
Pfizer,6,2021-06-25,D2,5
Pfizer,6,2021-06-25,DU,0
Pfizer,6,2021-06-25,R,0
Pfizer,6,2021-06-26,D1,21336
Pfizer,6,2021-06-26,D2,0
Pfizer,6,2021-06-26,DU,0
Pfizer,6,2021-06-26,R,0
Pfizer,6,2021-06-27,D1,3312
Pfizer,6,2021-06-27,D2,0
Pfizer,6,2021-06-27,DU,0
Pfizer,6,2021-06-27,R,0
Pfizer,6,2021-06-28,D1,22534
Pfizer,6,2021-06-28,D2,7
Pfizer,6,2021-06-28,DU,0
Pfizer,6,2021-06-28,R,2
Pfizer,6,2021-06-29,D1,17000
Pfizer,6,2021-06-29,D2,2
Pfizer,6,2021-06-29,DU,0
Pfizer,6,2021-06-29,R,0
Pfizer,6,2021-06-30,D1,14133
Pfizer,6,2021-06-30,D2,0
Pfizer,6,2021-06-30,DU,0
Pfizer,6,2021-06-30,R,0
Pfizer,6,2021-07-01,D1,5874
Pfizer,6,2021-07-01,D2,8
Pfizer,6,2021-07-01,DU,0
Pfizer,6,2021-07-01,R,0
Pfizer,6,2021-07-02,D1,11299
Pfizer,6,2021-07-02,D2,4
Pfizer,6,2021-07-02,DU,0
Pfizer,6,2021-07-02,R,0
Pfizer,6,2021-07-03,D1,6413
Pfizer,6,2021-07-03,D2,1
Pfizer,6,2021-07-03,DU,0
Pfizer,6,2021-07-03,R,1
Pfizer,6,2021-07-04,D1,654
Pfizer,6,2021-07-04,D2,0
Pfizer,6,2021-07-04,DU,0
Pfizer,6,2021-07-04,R,0
Pfizer,6,2021-07-05,D1,17500
Pfizer,6,2021-07-05,D2,0
Pfizer,6,2021-07-05,DU,0
Pfizer,6,2021-07-05,R,0
Pfizer,6,2021-07-06,D1,12402
Pfizer,6,2021-07-06,D2,3
Pfizer,6,2021-07-06,DU,0
Pfizer,6,2021-07-06,R,1
Pfizer,6,2021-07-07,D1,11661
Pfizer,6,2021-07-07,D2,4
Pfizer,6,2021-07-07,DU,0
Pfizer,6,2021-07-07,R,0
Pfizer,6,2021-07-08,D1,10805
Pfizer,6,2021-07-08,D2,5
Pfizer,6,2021-07-08,DU,0
Pfizer,6,2021-07-08,R,0
Pfizer,6,2021-07-09,D1,7406
Pfizer,6,2021-07-09,D2,0
Pfizer,6,2021-07-09,DU,0
Pfizer,6,2021-07-09,R,0
Pfizer,6,2021-07-10,D1,2505
Pfizer,6,2021-07-10,D2,2
Pfizer,6,2021-07-10,DU,0
Pfizer,6,2021-07-10,R,0
Pfizer,6,2021-07-11,D1,95
Pfizer,6,2021-07-11,D2,0
Pfizer,6,2021-07-11,DU,0
Pfizer,6,2021-07-11,R,0
Pfizer,6,2021-07-12,D1,3270
Pfizer,6,2021-07-12,D2,4
Pfizer,6,2021-07-12,DU,0
Pfizer,6,2021-07-12,R,0
Pfizer,6,2021-07-13,D1,2680
Pfizer,6,2021-07-13,D2,4
Pfizer,6,2021-07-13,DU,0
Pfizer,6,2021-07-13,R,0
Pfizer,6,2021-07-14,D1,4614
Pfizer,6,2021-07-14,D2,4
Pfizer,6,2021-07-14,DU,0
Pfizer,6,2021-07-14,R,0
Pfizer,6,2021-07-15,D1,5425
Pfizer,6,2021-07-15,D2,2
Pfizer,6,2021-07-15,DU,0
Pfizer,6,2021-07-15,R,0
Pfizer,6,2021-07-16,D1,2942
Pfizer,6,2021-07-16,D2,0
Pfizer,6,2021-07-16,DU,0
Pfizer,6,2021-07-16,R,0
Pfizer,6,2021-07-17,D1,2594
Pfizer,6,2021-07-17,D2,0
Pfizer,6,2021-07-17,DU,0
Pfizer,6,2021-07-17,R,0
Pfizer,6,2021-07-18,D1,161
Pfizer,6,2021-07-18,D2,0
Pfizer,6,2021-07-18,DU,0
Pfizer,6,2021-07-18,R,0
Pfizer,6,2021-07-19,D1,1003
Pfizer,6,2021-07-19,D2,2
Pfizer,6,2021-07-19,DU,0
Pfizer,6,2021-07-19,R,0
Pfizer,6,2021-07-20,D1,776
Pfizer,6,2021-07-20,D2,1
Pfizer,6,2021-07-20,DU,0
Pfizer,6,2021-07-20,R,0
Pfizer,6,2021-07-21,D1,331
Pfizer,6,2021-07-21,D2,2
Pfizer,6,2021-07-21,DU,0
Pfizer,6,2021-07-21,R,0
Pfizer,6,2021-07-22,D1,502
Pfizer,6,2021-07-22,D2,6
Pfizer,6,2021-07-22,DU,0
Pfizer,6,2021-07-22,R,1
Pfizer,6,2021-07-23,D1,570
Pfizer,6,2021-07-23,D2,3
Pfizer,6,2021-07-23,DU,0
Pfizer,6,2021-07-23,R,0
Pfizer,6,2021-07-24,D1,419
Pfizer,6,2021-07-24,D2,1
Pfizer,6,2021-07-24,DU,0
Pfizer,6,2021-07-24,R,0
Pfizer,6,2021-07-25,D1,19
Pfizer,6,2021-07-25,D2,0
Pfizer,6,2021-07-25,DU,0
Pfizer,6,2021-07-25,R,0
Pfizer,6,2021-07-26,D1,385
Pfizer,6,2021-07-26,D2,4
Pfizer,6,2021-07-26,DU,0
Pfizer,6,2021-07-26,R,0
Pfizer,6,2021-07-27,D1,1073
Pfizer,6,2021-07-27,D2,4
Pfizer,6,2021-07-27,DU,0
Pfizer,6,2021-07-27,R,0
Pfizer,6,2021-07-28,D1,352
Pfizer,6,2021-07-28,D2,6
Pfizer,6,2021-07-28,DU,0
Pfizer,6,2021-07-28,R,0
Pfizer,6,2021-07-29,D1,646
Pfizer,6,2021-07-29,D2,40
Pfizer,6,2021-07-29,DU,0
Pfizer,6,2021-07-29,R,1
Pfizer,6,2021-07-30,D1,873
Pfizer,6,2021-07-30,D2,30
Pfizer,6,2021-07-30,DU,0
Pfizer,6,2021-07-30,R,0
Pfizer,6,2021-07-31,D1,338
Pfizer,6,2021-07-31,D2,10
Pfizer,6,2021-07-31,DU,0
Pfizer,6,2021-07-31,R,0
Pfizer,6,2021-08-01,D1,34
Pfizer,6,2021-08-01,D2,0
Pfizer,6,2021-08-01,DU,0
Pfizer,6,2021-08-01,R,0
Pfizer,6,2021-08-02,D1,558
Pfizer,6,2021-08-02,D2,30
Pfizer,6,2021-08-02,DU,0
Pfizer,6,2021-08-02,R,0
Pfizer,6,2021-08-03,D1,516
Pfizer,6,2021-08-03,D2,28
Pfizer,6,2021-08-03,DU,0
Pfizer,6,2021-08-03,R,0
Pfizer,6,2021-08-04,D1,499
Pfizer,6,2021-08-04,D2,20
Pfizer,6,2021-08-04,DU,0
Pfizer,6,2021-08-04,R,0
Pfizer,6,2021-08-05,D1,420
Pfizer,6,2021-08-05,D2,27
Pfizer,6,2021-08-05,DU,0
Pfizer,6,2021-08-05,R,0
Pfizer,6,2021-08-06,D1,786
Pfizer,6,2021-08-06,D2,293
Pfizer,6,2021-08-06,DU,0
Pfizer,6,2021-08-06,R,0
Pfizer,6,2021-08-07,D1,357
Pfizer,6,2021-08-07,D2,445
Pfizer,6,2021-08-07,DU,0
Pfizer,6,2021-08-07,R,0
Pfizer,6,2021-08-08,D1,13
Pfizer,6,2021-08-08,D2,1
Pfizer,6,2021-08-08,DU,0
Pfizer,6,2021-08-08,R,0
Pfizer,6,2021-08-09,D1,649
Pfizer,6,2021-08-09,D2,949
Pfizer,6,2021-08-09,DU,0
Pfizer,6,2021-08-09,R,1
Pfizer,6,2021-08-10,D1,593
Pfizer,6,2021-08-10,D2,1530
Pfizer,6,2021-08-10,DU,0
Pfizer,6,2021-08-10,R,0
Pfizer,6,2021-08-11,D1,487
Pfizer,6,2021-08-11,D2,1529
Pfizer,6,2021-08-11,DU,0
Pfizer,6,2021-08-11,R,0
Pfizer,6,2021-08-12,D1,717
Pfizer,6,2021-08-12,D2,1853
Pfizer,6,2021-08-12,DU,0
Pfizer,6,2021-08-12,R,0
Pfizer,6,2021-08-13,D1,1287
Pfizer,6,2021-08-13,D2,751
Pfizer,6,2021-08-13,DU,0
Pfizer,6,2021-08-13,R,0
Pfizer,6,2021-08-14,D1,939
Pfizer,6,2021-08-14,D2,201
Pfizer,6,2021-08-14,DU,0
Pfizer,6,2021-08-14,R,0
Pfizer,6,2021-08-15,D1,382
Pfizer,6,2021-08-15,D2,113
Pfizer,6,2021-08-15,DU,0
Pfizer,6,2021-08-15,R,0
Pfizer,6,2021-08-16,D1,735
Pfizer,6,2021-08-16,D2,415
Pfizer,6,2021-08-16,DU,0
Pfizer,6,2021-08-16,R,0
Pfizer,6,2021-08-17,D1,540
Pfizer,6,2021-08-17,D2,2563
Pfizer,6,2021-08-17,DU,0
Pfizer,6,2021-08-17,R,1
Pfizer,6,2021-08-18,D1,368
Pfizer,6,2021-08-18,D2,2621
Pfizer,6,2021-08-18,DU,0
Pfizer,6,2021-08-18,R,0
Pfizer,6,2021-08-19,D1,605
Pfizer,6,2021-08-19,D2,2455
Pfizer,6,2021-08-19,DU,0
Pfizer,6,2021-08-19,R,1
Pfizer,6,2021-08-20,D1,345
Pfizer,6,2021-08-20,D2,5032
Pfizer,6,2021-08-20,DU,0
Pfizer,6,2021-08-20,R,1
Pfizer,6,2021-08-21,D1,404
Pfizer,6,2021-08-21,D2,596
Pfizer,6,2021-08-21,DU,0
Pfizer,6,2021-08-21,R,2
Pfizer,6,2021-08-22,D1,81
Pfizer,6,2021-08-22,D2,9
Pfizer,6,2021-08-22,DU,0
Pfizer,6,2021-08-22,R,0
Pfizer,6,2021-08-23,D1,200
Pfizer,6,2021-08-23,D2,1083
Pfizer,6,2021-08-23,DU,0
Pfizer,6,2021-08-23,R,0
Pfizer,6,2021-08-24,D1,200
Pfizer,6,2021-08-24,D2,611
Pfizer,6,2021-08-24,DU,0
Pfizer,6,2021-08-24,R,2
Pfizer,6,2021-08-25,D1,233
Pfizer,6,2021-08-25,D2,2416
Pfizer,6,2021-08-25,DU,0
Pfizer,6,2021-08-25,R,1
Pfizer,6,2021-08-26,D1,200
Pfizer,6,2021-08-26,D2,1780
Pfizer,6,2021-08-26,DU,0
Pfizer,6,2021-08-26,R,0
Pfizer,6,2021-08-27,D1,154
Pfizer,6,2021-08-27,D2,1703
Pfizer,6,2021-08-27,DU,0
Pfizer,6,2021-08-27,R,0
Pfizer,6,2021-08-28,D1,77
Pfizer,6,2021-08-28,D2,961
Pfizer,6,2021-08-28,DU,0
Pfizer,6,2021-08-28,R,2
Pfizer,6,2021-08-29,D1,29
Pfizer,6,2021-08-29,D2,36
Pfizer,6,2021-08-29,DU,0
Pfizer,6,2021-08-29,R,0
Pfizer,6,2021-08-30,D1,355
Pfizer,6,2021-08-30,D2,1694
Pfizer,6,2021-08-30,DU,0
Pfizer,6,2021-08-30,R,0
Pfizer,6,2021-08-31,D1,455
Pfizer,6,2021-08-31,D2,1844
Pfizer,6,2021-08-31,DU,0
Pfizer,6,2021-08-31,R,0
Pfizer,6,2021-09-01,D1,459
Pfizer,6,2021-09-01,D2,1977
Pfizer,6,2021-09-01,DU,0
Pfizer,6,2021-09-01,R,1
Pfizer,6,2021-09-02,D1,358
Pfizer,6,2021-09-02,D2,2344
Pfizer,6,2021-09-02,DU,0
Pfizer,6,2021-09-02,R,0
Pfizer,6,2021-09-03,D1,355
Pfizer,6,2021-09-03,D2,4696
Pfizer,6,2021-09-03,DU,0
Pfizer,6,2021-09-03,R,2
Pfizer,6,2021-09-04,D1,79
Pfizer,6,2021-09-04,D2,2569
Pfizer,6,2021-09-04,DU,0
Pfizer,6,2021-09-04,R,0
Pfizer,6,2021-09-05,D1,8
Pfizer,6,2021-09-05,D2,105
Pfizer,6,2021-09-05,DU,0
Pfizer,6,2021-09-05,R,0
Pfizer,6,2021-09-06,D1,80
Pfizer,6,2021-09-06,D2,2418
Pfizer,6,2021-09-06,DU,0
Pfizer,6,2021-09-06,R,2
Pfizer,6,2021-09-07,D1,24
Pfizer,6,2021-09-07,D2,618
Pfizer,6,2021-09-07,DU,0
Pfizer,6,2021-09-07,R,0
Pfizer,6,2021-09-08,D1,100
Pfizer,6,2021-09-08,D2,3548
Pfizer,6,2021-09-08,DU,0
Pfizer,6,2021-09-08,R,0
Pfizer,6,2021-09-09,D1,109
Pfizer,6,2021-09-09,D2,2936
Pfizer,6,2021-09-09,DU,0
Pfizer,6,2021-09-09,R,2
Pfizer,6,2021-09-10,D1,150
Pfizer,6,2021-09-10,D2,2373
Pfizer,6,2021-09-10,DU,0
Pfizer,6,2021-09-10,R,4
Pfizer,6,2021-09-11,D1,55
Pfizer,6,2021-09-11,D2,1647
Pfizer,6,2021-09-11,DU,0
Pfizer,6,2021-09-11,R,1
Pfizer,6,2021-09-12,D1,5
Pfizer,6,2021-09-12,D2,326
Pfizer,6,2021-09-12,DU,0
Pfizer,6,2021-09-12,R,0
Pfizer,6,2021-09-13,D1,193
Pfizer,6,2021-09-13,D2,6903
Pfizer,6,2021-09-13,DU,0
Pfizer,6,2021-09-13,R,4
Pfizer,6,2021-09-14,D1,186
Pfizer,6,2021-09-14,D2,14144
Pfizer,6,2021-09-14,DU,0
Pfizer,6,2021-09-14,R,3
Pfizer,6,2021-09-15,D1,193
Pfizer,6,2021-09-15,D2,16041
Pfizer,6,2021-09-15,DU,0
Pfizer,6,2021-09-15,R,24
Pfizer,6,2021-09-16,D1,262
Pfizer,6,2021-09-16,D2,20214
Pfizer,6,2021-09-16,DU,0
Pfizer,6,2021-09-16,R,29
Pfizer,6,2021-09-17,D1,268
Pfizer,6,2021-09-17,D2,32764
Pfizer,6,2021-09-17,DU,0
Pfizer,6,2021-09-17,R,46
Pfizer,6,2021-09-18,D1,67
Pfizer,6,2021-09-18,D2,10853
Pfizer,6,2021-09-18,DU,0
Pfizer,6,2021-09-18,R,3
Pfizer,6,2021-09-19,D1,10
Pfizer,6,2021-09-19,D2,1491
Pfizer,6,2021-09-19,DU,0
Pfizer,6,2021-09-19,R,0
Pfizer,6,2021-09-20,D1,235
Pfizer,6,2021-09-20,D2,23992
Pfizer,6,2021-09-20,DU,0
Pfizer,6,2021-09-20,R,117
Pfizer,6,2021-09-21,D1,209
Pfizer,6,2021-09-21,D2,23037
Pfizer,6,2021-09-21,DU,0
Pfizer,6,2021-09-21,R,124
Pfizer,6,2021-09-22,D1,263
Pfizer,6,2021-09-22,D2,33574
Pfizer,6,2021-09-22,DU,0
Pfizer,6,2021-09-22,R,122
Pfizer,6,2021-09-23,D1,129
Pfizer,6,2021-09-23,D2,16684
Pfizer,6,2021-09-23,DU,0
Pfizer,6,2021-09-23,R,142
Pfizer,6,2021-09-24,D1,146
Pfizer,6,2021-09-24,D2,19868
Pfizer,6,2021-09-24,DU,0
Pfizer,6,2021-09-24,R,142
Pfizer,6,2021-09-25,D1,61
Pfizer,6,2021-09-25,D2,8656
Pfizer,6,2021-09-25,DU,0
Pfizer,6,2021-09-25,R,57
Pfizer,6,2021-09-26,D1,4
Pfizer,6,2021-09-26,D2,375
Pfizer,6,2021-09-26,DU,0
Pfizer,6,2021-09-26,R,12
Pfizer,6,2021-09-27,D1,178
Pfizer,6,2021-09-27,D2,26413
Pfizer,6,2021-09-27,DU,0
Pfizer,6,2021-09-27,R,180
Pfizer,6,2021-09-28,D1,170
Pfizer,6,2021-09-28,D2,24940
Pfizer,6,2021-09-28,DU,0
Pfizer,6,2021-09-28,R,236
Pfizer,6,2021-09-29,D1,155
Pfizer,6,2021-09-29,D2,20249
Pfizer,6,2021-09-29,DU,0
Pfizer,6,2021-09-29,R,307
Pfizer,6,2021-09-30,D1,117
Pfizer,6,2021-09-30,D2,13055
Pfizer,6,2021-09-30,DU,0
Pfizer,6,2021-09-30,R,300
Pfizer,6,2021-10-01,D1,107
Pfizer,6,2021-10-01,D2,9797
Pfizer,6,2021-10-01,DU,0
Pfizer,6,2021-10-01,R,275
Pfizer,6,2021-10-02,D1,143
Pfizer,6,2021-10-02,D2,10443
Pfizer,6,2021-10-02,DU,1
Pfizer,6,2021-10-02,R,754
Pfizer,6,2021-10-03,D1,3
Pfizer,6,2021-10-03,D2,163
Pfizer,6,2021-10-03,DU,0
Pfizer,6,2021-10-03,R,14
Pfizer,6,2021-10-04,D1,113
Pfizer,6,2021-10-04,D2,9072
Pfizer,6,2021-10-04,DU,0
Pfizer,6,2021-10-04,R,4134
Pfizer,6,2021-10-05,D1,144
Pfizer,6,2021-10-05,D2,8090
Pfizer,6,2021-10-05,DU,0
Pfizer,6,2021-10-05,R,5048
Pfizer,6,2021-10-06,D1,234
Pfizer,6,2021-10-06,D2,5651
Pfizer,6,2021-10-06,DU,0
Pfizer,6,2021-10-06,R,5080
Pfizer,6,2021-10-07,D1,221
Pfizer,6,2021-10-07,D2,4608
Pfizer,6,2021-10-07,DU,0
Pfizer,6,2021-10-07,R,4612
Pfizer,6,2021-10-08,D1,183
Pfizer,6,2021-10-08,D2,3646
Pfizer,6,2021-10-08,DU,0
Pfizer,6,2021-10-08,R,3658
Pfizer,6,2021-10-09,D1,55
Pfizer,6,2021-10-09,D2,1962
Pfizer,6,2021-10-09,DU,0
Pfizer,6,2021-10-09,R,650
Pfizer,6,2021-10-10,D1,10
Pfizer,6,2021-10-10,D2,71
Pfizer,6,2021-10-10,DU,0
Pfizer,6,2021-10-10,R,65
Pfizer,6,2021-10-11,D1,36
Pfizer,6,2021-10-11,D2,637
Pfizer,6,2021-10-11,DU,0
Pfizer,6,2021-10-11,R,484
Pfizer,6,2021-10-12,D1,18
Pfizer,6,2021-10-12,D2,168
Pfizer,6,2021-10-12,DU,0
Pfizer,6,2021-10-12,R,118
Pfizer,6,2021-10-13,D1,218
Pfizer,6,2021-10-13,D2,3019
Pfizer,6,2021-10-13,DU,0
Pfizer,6,2021-10-13,R,2143
Pfizer,6,2021-10-14,D1,224
Pfizer,6,2021-10-14,D2,2823
Pfizer,6,2021-10-14,DU,0
Pfizer,6,2021-10-14,R,2516
Pfizer,6,2021-10-15,D1,269
Pfizer,6,2021-10-15,D2,2336
Pfizer,6,2021-10-15,DU,0
Pfizer,6,2021-10-15,R,1958
Pfizer,6,2021-10-16,D1,195
Pfizer,6,2021-10-16,D2,1839
Pfizer,6,2021-10-16,DU,0
Pfizer,6,2021-10-16,R,1036
Pfizer,6,2021-10-17,D1,14
Pfizer,6,2021-10-17,D2,37
Pfizer,6,2021-10-17,DU,0
Pfizer,6,2021-10-17,R,64
Pfizer,6,2021-10-18,D1,214
Pfizer,6,2021-10-18,D2,2078
Pfizer,6,2021-10-18,DU,0
Pfizer,6,2021-10-18,R,1175
Pfizer,6,2021-10-19,D1,262
Pfizer,6,2021-10-19,D2,2157
Pfizer,6,2021-10-19,DU,0
Pfizer,6,2021-10-19,R,1408
Pfizer,6,2021-10-20,D1,242
Pfizer,6,2021-10-20,D2,2218
Pfizer,6,2021-10-20,DU,0
Pfizer,6,2021-10-20,R,1335
Pfizer,6,2021-10-21,D1,263
Pfizer,6,2021-10-21,D2,1987
Pfizer,6,2021-10-21,DU,1
Pfizer,6,2021-10-21,R,1196
Pfizer,6,2021-10-22,D1,232
Pfizer,6,2021-10-22,D2,2032
Pfizer,6,2021-10-22,DU,0
Pfizer,6,2021-10-22,R,1424
Pfizer,6,2021-10-23,D1,109
Pfizer,6,2021-10-23,D2,731
Pfizer,6,2021-10-23,DU,0
Pfizer,6,2021-10-23,R,408
Pfizer,6,2021-10-24,D1,8
Pfizer,6,2021-10-24,D2,29
Pfizer,6,2021-10-24,DU,0
Pfizer,6,2021-10-24,R,21
Pfizer,6,2021-10-25,D1,211
Pfizer,6,2021-10-25,D2,1956
Pfizer,6,2021-10-25,DU,0
Pfizer,6,2021-10-25,R,1279
Pfizer,6,2021-10-26,D1,250
Pfizer,6,2021-10-26,D2,1416
Pfizer,6,2021-10-26,DU,0
Pfizer,6,2021-10-26,R,1421
Pfizer,6,2021-10-27,D1,258
Pfizer,6,2021-10-27,D2,1421
Pfizer,6,2021-10-27,DU,0
Pfizer,6,2021-10-27,R,1703
Pfizer,6,2021-10-28,D1,201
Pfizer,6,2021-10-28,D2,930
Pfizer,6,2021-10-28,DU,0
Pfizer,6,2021-10-28,R,1950
Pfizer,6,2021-10-29,D1,147
Pfizer,6,2021-10-29,D2,621
Pfizer,6,2021-10-29,DU,0
Pfizer,6,2021-10-29,R,1097
Pfizer,6,2021-10-30,D1,47
Pfizer,6,2021-10-30,D2,262
Pfizer,6,2021-10-30,DU,0
Pfizer,6,2021-10-30,R,311
Pfizer,6,2021-10-31,D1,3
Pfizer,6,2021-10-31,D2,25
Pfizer,6,2021-10-31,DU,0
Pfizer,6,2021-10-31,R,34
Pfizer,6,2021-11-01,D1,40
Pfizer,6,2021-11-01,D2,151
Pfizer,6,2021-11-01,DU,0
Pfizer,6,2021-11-01,R,457
Pfizer,6,2021-11-02,D1,19
Pfizer,6,2021-11-02,D2,69
Pfizer,6,2021-11-02,DU,0
Pfizer,6,2021-11-02,R,432
Pfizer,6,2021-11-03,D1,227
Pfizer,6,2021-11-03,D2,1208
Pfizer,6,2021-11-03,DU,0
Pfizer,6,2021-11-03,R,1608
Pfizer,6,2021-11-04,D1,220
Pfizer,6,2021-11-04,D2,1078
Pfizer,6,2021-11-04,DU,0
Pfizer,6,2021-11-04,R,1539
Pfizer,6,2021-11-05,D1,193
Pfizer,6,2021-11-05,D2,1058
Pfizer,6,2021-11-05,DU,0
Pfizer,6,2021-11-05,R,1527
Pfizer,6,2021-11-06,D1,61
Pfizer,6,2021-11-06,D2,374
Pfizer,6,2021-11-06,DU,0
Pfizer,6,2021-11-06,R,366
Pfizer,6,2021-11-07,D1,9
Pfizer,6,2021-11-07,D2,18
Pfizer,6,2021-11-07,DU,0
Pfizer,6,2021-11-07,R,13
Pfizer,6,2021-11-08,D1,176
Pfizer,6,2021-11-08,D2,961
Pfizer,6,2021-11-08,DU,0
Pfizer,6,2021-11-08,R,1051
Pfizer,6,2021-11-09,D1,159
Pfizer,6,2021-11-09,D2,819
Pfizer,6,2021-11-09,DU,0
Pfizer,6,2021-11-09,R,1170
Pfizer,6,2021-11-10,D1,115
Pfizer,6,2021-11-10,D2,581
Pfizer,6,2021-11-10,DU,0
Pfizer,6,2021-11-10,R,808
Pfizer,6,2021-11-11,D1,195
Pfizer,6,2021-11-11,D2,706
Pfizer,6,2021-11-11,DU,0
Pfizer,6,2021-11-11,R,1014
Pfizer,6,2021-11-12,D1,186
Pfizer,6,2021-11-12,D2,758
Pfizer,6,2021-11-12,DU,0
Pfizer,6,2021-11-12,R,1018
Pfizer,6,2021-11-13,D1,81
Pfizer,6,2021-11-13,D2,311
Pfizer,6,2021-11-13,DU,0
Pfizer,6,2021-11-13,R,338
Pfizer,6,2021-11-14,D1,9
Pfizer,6,2021-11-14,D2,18
Pfizer,6,2021-11-14,DU,0
Pfizer,6,2021-11-14,R,32
Pfizer,6,2021-11-15,D1,13
Pfizer,6,2021-11-15,D2,78
Pfizer,6,2021-11-15,DU,0
Pfizer,6,2021-11-15,R,118
Pfizer,6,2021-11-16,D1,148
Pfizer,6,2021-11-16,D2,475
Pfizer,6,2021-11-16,DU,0
Pfizer,6,2021-11-16,R,1101
Pfizer,6,2021-11-17,D1,165
Pfizer,6,2021-11-17,D2,628
Pfizer,6,2021-11-17,DU,0
Pfizer,6,2021-11-17,R,1413
Pfizer,6,2021-11-18,D1,161
Pfizer,6,2021-11-18,D2,5
Pfizer,6,2021-11-18,DU,0
Pfizer,6,2021-11-18,R,1489
Pfizer,6,2021-11-19,D1,0
Pfizer,6,2021-11-19,D2,5
Pfizer,6,2021-11-19,DU,0
Pfizer,6,2021-11-19,R,14
Pfizer,6,2021-11-20,D1,113
Pfizer,6,2021-11-20,D2,5
Pfizer,6,2021-11-20,DU,0
Pfizer,6,2021-11-20,R,1350
Pfizer,6,2021-11-21,D1,7
Pfizer,6,2021-11-21,D2,0
Pfizer,6,2021-11-21,DU,0
Pfizer,6,2021-11-21,R,67
Pfizer,6,2021-11-22,D1,2
Pfizer,6,2021-11-22,D2,4
Pfizer,6,2021-11-22,DU,0
Pfizer,6,2021-11-22,R,25
Pfizer,6,2021-11-23,D1,19
Pfizer,6,2021-11-23,D2,633
Pfizer,6,2021-11-23,DU,0
Pfizer,6,2021-11-23,R,215
Pfizer,6,2021-11-24,D1,8
Pfizer,6,2021-11-24,D2,11
Pfizer,6,2021-11-24,DU,0
Pfizer,6,2021-11-24,R,45
Pfizer,6,2021-11-25,D1,0
Pfizer,6,2021-11-25,D2,4
Pfizer,6,2021-11-25,DU,0
Pfizer,6,2021-11-25,R,14
Pfizer,6,2021-11-26,D1,2
Pfizer,6,2021-11-26,D2,528
Pfizer,6,2021-11-26,DU,0
Pfizer,6,2021-11-26,R,9
Pfizer,6,2021-11-27,D1,2
Pfizer,6,2021-11-27,D2,3
Pfizer,6,2021-11-27,DU,0
Pfizer,6,2021-11-27,R,8
Pfizer,6,2021-11-29,D1,2
Pfizer,6,2021-11-29,D2,2
Pfizer,6,2021-11-29,DU,0
Pfizer,6,2021-11-29,R,15
Pfizer,6,2021-11-30,D1,1
Pfizer,6,2021-11-30,D2,1
Pfizer,6,2021-11-30,DU,0
Pfizer,6,2021-11-30,R,26
Pfizer,6,2021-12-01,D1,2
Pfizer,6,2021-12-01,D2,1
Pfizer,6,2021-12-01,DU,0
Pfizer,6,2021-12-01,R,54
Pfizer,6,2021-12-02,D1,0
Pfizer,6,2021-12-02,D2,513
Pfizer,6,2021-12-02,DU,0
Pfizer,6,2021-12-02,R,33
Pfizer,6,2021-12-03,D1,4
Pfizer,6,2021-12-03,D2,2
Pfizer,6,2021-12-03,DU,0
Pfizer,6,2021-12-03,R,65
Pfizer,6,2021-12-04,D1,101
Pfizer,6,2021-12-04,D2,6
Pfizer,6,2021-12-04,DU,0
Pfizer,6,2021-12-04,R,4620
Pfizer,6,2021-12-05,D1,8
Pfizer,6,2021-12-05,D2,10
Pfizer,6,2021-12-05,DU,0
Pfizer,6,2021-12-05,R,344
Pfizer,6,2021-12-06,D1,2
Pfizer,6,2021-12-06,D2,6
Pfizer,6,2021-12-06,DU,0
Pfizer,6,2021-12-06,R,83
Pfizer,6,2021-12-07,D1,132
Pfizer,6,2021-12-07,D2,41
Pfizer,6,2021-12-07,DU,0
Pfizer,6,2021-12-07,R,6255
Pfizer,6,2021-12-08,D1,2
Pfizer,6,2021-12-08,D2,0
Pfizer,6,2021-12-08,DU,0
Pfizer,6,2021-12-08,R,58
Pfizer,6,2021-12-09,D1,1
Pfizer,6,2021-12-09,D2,0
Pfizer,6,2021-12-09,DU,0
Pfizer,6,2021-12-09,R,87
Pfizer,6,2021-12-10,D1,0
Pfizer,6,2021-12-10,D2,0
Pfizer,6,2021-12-10,DU,0
Pfizer,6,2021-12-10,R,90
Pfizer,6,2021-12-11,D1,0
Pfizer,6,2021-12-11,D2,0
Pfizer,6,2021-12-11,DU,0
Pfizer,6,2021-12-11,R,32
Pfizer,6,2021-12-12,D1,0
Pfizer,6,2021-12-12,D2,0
Pfizer,6,2021-12-12,DU,0
Pfizer,6,2021-12-12,R,45
Pfizer,6,2021-12-13,D1,0
Pfizer,6,2021-12-13,D2,1
Pfizer,6,2021-12-13,DU,0
Pfizer,6,2021-12-13,R,77
Pfizer,6,2021-12-14,D1,155
Pfizer,6,2021-12-14,D2,32
Pfizer,6,2021-12-14,DU,0
Pfizer,6,2021-12-14,R,8042
Pfizer,6,2021-12-15,D1,0
Pfizer,6,2021-12-15,D2,0
Pfizer,6,2021-12-15,DU,0
Pfizer,6,2021-12-15,R,58
Pfizer,6,2021-12-16,D1,1
Pfizer,6,2021-12-16,D2,1
Pfizer,6,2021-12-16,DU,0
Pfizer,6,2021-12-16,R,54
Pfizer,6,2021-12-17,D1,99
Pfizer,6,2021-12-17,D2,206
Pfizer,6,2021-12-17,DU,0
Pfizer,6,2021-12-17,R,5935
Pfizer,6,2021-12-18,D1,0
Pfizer,6,2021-12-18,D2,0
Pfizer,6,2021-12-18,DU,0
Pfizer,6,2021-12-18,R,14
Pfizer,6,2021-12-19,D1,4
Pfizer,6,2021-12-19,D2,10
Pfizer,6,2021-12-19,DU,0
Pfizer,6,2021-12-19,R,369
Pfizer,6,2021-12-20,D1,21
Pfizer,6,2021-12-20,D2,68
Pfizer,6,2021-12-20,DU,0
Pfizer,6,2021-12-20,R,2890
Pfizer,6,2021-12-21,D1,0
Pfizer,6,2021-12-21,D2,2
Pfizer,6,2021-12-21,DU,0
Pfizer,6,2021-12-21,R,82
Pfizer,6,2021-12-22,D1,0
Pfizer,6,2021-12-22,D2,3
Pfizer,6,2021-12-22,DU,0
Pfizer,6,2021-12-22,R,70
Pfizer,6,2021-12-23,D1,22
Pfizer,6,2021-12-23,D2,54
Pfizer,6,2021-12-23,DU,0
Pfizer,6,2021-12-23,R,2226
Pfizer,6,2021-12-26,D1,0
Pfizer,6,2021-12-26,D2,3
Pfizer,6,2021-12-26,DU,0
Pfizer,6,2021-12-26,R,135
Pfizer,6,2021-12-27,D1,82
Pfizer,6,2021-12-27,D2,153
Pfizer,6,2021-12-27,DU,0
Pfizer,6,2021-12-27,R,9376
Pfizer,6,2021-12-28,D1,80
Pfizer,6,2021-12-28,D2,178
Pfizer,6,2021-12-28,DU,0
Pfizer,6,2021-12-28,R,8966
Pfizer,6,2021-12-29,D1,1
Pfizer,6,2021-12-29,D2,1
Pfizer,6,2021-12-29,DU,0
Pfizer,6,2021-12-29,R,55
Pfizer,6,2021-12-30,D1,0
Pfizer,6,2021-12-30,D2,0
Pfizer,6,2021-12-30,DU,0
Pfizer,6,2021-12-30,R,7
Pfizer,6,2022-01-01,D1,0
Pfizer,6,2022-01-01,D2,0
Pfizer,6,2022-01-01,DU,0
Pfizer,6,2022-01-01,R,1
Pfizer,6,2022-01-03,D1,68
Pfizer,6,2022-01-03,D2,95
Pfizer,6,2022-01-03,DU,0
Pfizer,6,2022-01-03,R,6044
Pfizer,6,2022-01-04,D1,116
Pfizer,6,2022-01-04,D2,192
Pfizer,6,2022-01-04,DU,0
Pfizer,6,2022-01-04,R,11214
Pfizer,6,2022-01-05,D1,0
Pfizer,6,2022-01-05,D2,0
Pfizer,6,2022-01-05,DU,0
Pfizer,6,2022-01-05,R,104
Pfizer,6,2022-01-06,D1,0
Pfizer,6,2022-01-06,D2,0
Pfizer,6,2022-01-06,DU,0
Pfizer,6,2022-01-06,R,42
Pfizer,6,2022-01-07,D1,0
Pfizer,6,2022-01-07,D2,2
Pfizer,6,2022-01-07,DU,0
Pfizer,6,2022-01-07,R,46
Pfizer,6,2022-01-08,D1,2
Pfizer,6,2022-01-08,D2,4
Pfizer,6,2022-01-08,DU,0
Pfizer,6,2022-01-08,R,169
Pfizer,6,2022-01-09,D1,0
Pfizer,6,2022-01-09,D2,0
Pfizer,6,2022-01-09,DU,0
Pfizer,6,2022-01-09,R,13
Pfizer,6,2022-01-10,D1,101
Pfizer,6,2022-01-10,D2,182
Pfizer,6,2022-01-10,DU,0
Pfizer,6,2022-01-10,R,8192
Pfizer,6,2022-01-11,D1,92
Pfizer,6,2022-01-11,D2,158
Pfizer,6,2022-01-11,DU,0
Pfizer,6,2022-01-11,R,6896
Pfizer,6,2022-01-12,D1,1
Pfizer,6,2022-01-12,D2,1
Pfizer,6,2022-01-12,DU,0
Pfizer,6,2022-01-12,R,79
Pfizer,6,2022-01-13,D1,102
Pfizer,6,2022-01-13,D2,183
Pfizer,6,2022-01-13,DU,0
Pfizer,6,2022-01-13,R,9472
Pfizer,6,2022-01-14,D1,13
Pfizer,6,2022-01-14,D2,10
Pfizer,6,2022-01-14,DU,0
Pfizer,6,2022-01-14,R,776
Pfizer,7,2021-02-12,D1,0
Pfizer,7,2021-02-12,D2,1
Pfizer,7,2021-02-12,DU,0
Pfizer,7,2021-02-12,R,0
Pfizer,7,2021-02-17,D1,1
Pfizer,7,2021-02-17,D2,0
Pfizer,7,2021-02-17,DU,0
Pfizer,7,2021-02-17,R,0
Pfizer,7,2021-02-23,D1,1
Pfizer,7,2021-02-23,D2,0
Pfizer,7,2021-02-23,DU,0
Pfizer,7,2021-02-23,R,0
Pfizer,7,2021-03-18,D1,1
Pfizer,7,2021-03-18,D2,0
Pfizer,7,2021-03-18,DU,0
Pfizer,7,2021-03-18,R,0
Pfizer,7,2021-03-21,D1,1
Pfizer,7,2021-03-21,D2,0
Pfizer,7,2021-03-21,DU,0
Pfizer,7,2021-03-21,R,0
Pfizer,7,2021-03-27,D1,1
Pfizer,7,2021-03-27,D2,0
Pfizer,7,2021-03-27,DU,0
Pfizer,7,2021-03-27,R,0
Pfizer,7,2021-04-02,D1,2
Pfizer,7,2021-04-02,D2,0
Pfizer,7,2021-04-02,DU,0
Pfizer,7,2021-04-02,R,0
Pfizer,7,2021-04-03,D1,1
Pfizer,7,2021-04-03,D2,0
Pfizer,7,2021-04-03,DU,0
Pfizer,7,2021-04-03,R,0
Pfizer,7,2021-04-22,D1,1
Pfizer,7,2021-04-22,D2,0
Pfizer,7,2021-04-22,DU,0
Pfizer,7,2021-04-22,R,0
Pfizer,7,2021-04-23,D1,0
Pfizer,7,2021-04-23,D2,0
Pfizer,7,2021-04-23,DU,0
Pfizer,7,2021-04-23,R,1
Pfizer,7,2021-04-26,D1,1
Pfizer,7,2021-04-26,D2,0
Pfizer,7,2021-04-26,DU,0
Pfizer,7,2021-04-26,R,0
Pfizer,7,2021-05-04,D1,4
Pfizer,7,2021-05-04,D2,0
Pfizer,7,2021-05-04,DU,0
Pfizer,7,2021-05-04,R,0
Pfizer,7,2021-05-05,D1,3
Pfizer,7,2021-05-05,D2,1
Pfizer,7,2021-05-05,DU,0
Pfizer,7,2021-05-05,R,0
Pfizer,7,2021-05-06,D1,173
Pfizer,7,2021-05-06,D2,0
Pfizer,7,2021-05-06,DU,0
Pfizer,7,2021-05-06,R,0
Pfizer,7,2021-05-07,D1,51
Pfizer,7,2021-05-07,D2,0
Pfizer,7,2021-05-07,DU,0
Pfizer,7,2021-05-07,R,0
Pfizer,7,2021-05-08,D1,5
Pfizer,7,2021-05-08,D2,0
Pfizer,7,2021-05-08,DU,0
Pfizer,7,2021-05-08,R,0
Pfizer,7,2021-05-09,D1,1
Pfizer,7,2021-05-09,D2,0
Pfizer,7,2021-05-09,DU,0
Pfizer,7,2021-05-09,R,0
Pfizer,7,2021-05-10,D1,4
Pfizer,7,2021-05-10,D2,0
Pfizer,7,2021-05-10,DU,0
Pfizer,7,2021-05-10,R,0
Pfizer,7,2021-05-11,D1,2
Pfizer,7,2021-05-11,D2,0
Pfizer,7,2021-05-11,DU,0
Pfizer,7,2021-05-11,R,0
Pfizer,7,2021-05-12,D1,8
Pfizer,7,2021-05-12,D2,0
Pfizer,7,2021-05-12,DU,0
Pfizer,7,2021-05-12,R,0
Pfizer,7,2021-05-13,D1,63
Pfizer,7,2021-05-13,D2,0
Pfizer,7,2021-05-13,DU,0
Pfizer,7,2021-05-13,R,0
Pfizer,7,2021-05-14,D1,19990
Pfizer,7,2021-05-14,D2,4
Pfizer,7,2021-05-14,DU,0
Pfizer,7,2021-05-14,R,0
Pfizer,7,2021-05-15,D1,5373
Pfizer,7,2021-05-15,D2,1
Pfizer,7,2021-05-15,DU,0
Pfizer,7,2021-05-15,R,0
Pfizer,7,2021-05-16,D1,4
Pfizer,7,2021-05-16,D2,0
Pfizer,7,2021-05-16,DU,0
Pfizer,7,2021-05-16,R,0
Pfizer,7,2021-05-17,D1,5547
Pfizer,7,2021-05-17,D2,1
Pfizer,7,2021-05-17,DU,0
Pfizer,7,2021-05-17,R,0
Pfizer,7,2021-05-18,D1,5247
Pfizer,7,2021-05-18,D2,5
Pfizer,7,2021-05-18,DU,0
Pfizer,7,2021-05-18,R,0
Pfizer,7,2021-05-19,D1,3560
Pfizer,7,2021-05-19,D2,0
Pfizer,7,2021-05-19,DU,0
Pfizer,7,2021-05-19,R,0
Pfizer,7,2021-05-20,D1,1078
Pfizer,7,2021-05-20,D2,1
Pfizer,7,2021-05-20,DU,0
Pfizer,7,2021-05-20,R,0
Pfizer,7,2021-05-21,D1,321
Pfizer,7,2021-05-21,D2,0
Pfizer,7,2021-05-21,DU,0
Pfizer,7,2021-05-21,R,0
Pfizer,7,2021-05-22,D1,23
Pfizer,7,2021-05-22,D2,0
Pfizer,7,2021-05-22,DU,0
Pfizer,7,2021-05-22,R,0
Pfizer,7,2021-05-23,D1,3
Pfizer,7,2021-05-23,D2,0
Pfizer,7,2021-05-23,DU,0
Pfizer,7,2021-05-23,R,0
Pfizer,7,2021-05-24,D1,145
Pfizer,7,2021-05-24,D2,0
Pfizer,7,2021-05-24,DU,0
Pfizer,7,2021-05-24,R,0
Pfizer,7,2021-05-25,D1,3699
Pfizer,7,2021-05-25,D2,1
Pfizer,7,2021-05-25,DU,0
Pfizer,7,2021-05-25,R,0
Pfizer,7,2021-05-26,D1,2751
Pfizer,7,2021-05-26,D2,0
Pfizer,7,2021-05-26,DU,0
Pfizer,7,2021-05-26,R,0
Pfizer,7,2021-05-27,D1,2667
Pfizer,7,2021-05-27,D2,0
Pfizer,7,2021-05-27,DU,0
Pfizer,7,2021-05-27,R,0
Pfizer,7,2021-05-28,D1,1071
Pfizer,7,2021-05-28,D2,0
Pfizer,7,2021-05-28,DU,0
Pfizer,7,2021-05-28,R,0
Pfizer,7,2021-05-29,D1,208
Pfizer,7,2021-05-29,D2,0
Pfizer,7,2021-05-29,DU,0
Pfizer,7,2021-05-29,R,0
Pfizer,7,2021-05-31,D1,30
Pfizer,7,2021-05-31,D2,1
Pfizer,7,2021-05-31,DU,0
Pfizer,7,2021-05-31,R,0
Pfizer,7,2021-06-01,D1,27
Pfizer,7,2021-06-01,D2,0
Pfizer,7,2021-06-01,DU,0
Pfizer,7,2021-06-01,R,0
Pfizer,7,2021-06-02,D1,1636
Pfizer,7,2021-06-02,D2,0
Pfizer,7,2021-06-02,DU,0
Pfizer,7,2021-06-02,R,0
Pfizer,7,2021-06-03,D1,1051
Pfizer,7,2021-06-03,D2,0
Pfizer,7,2021-06-03,DU,0
Pfizer,7,2021-06-03,R,0
Pfizer,7,2021-06-04,D1,629
Pfizer,7,2021-06-04,D2,0
Pfizer,7,2021-06-04,DU,0
Pfizer,7,2021-06-04,R,0
Pfizer,7,2021-06-05,D1,386
Pfizer,7,2021-06-05,D2,2
Pfizer,7,2021-06-05,DU,0
Pfizer,7,2021-06-05,R,0
Pfizer,7,2021-06-06,D1,7
Pfizer,7,2021-06-06,D2,0
Pfizer,7,2021-06-06,DU,0
Pfizer,7,2021-06-06,R,0
Pfizer,7,2021-06-07,D1,1124
Pfizer,7,2021-06-07,D2,2
Pfizer,7,2021-06-07,DU,0
Pfizer,7,2021-06-07,R,0
Pfizer,7,2021-06-08,D1,1148
Pfizer,7,2021-06-08,D2,5
Pfizer,7,2021-06-08,DU,0
Pfizer,7,2021-06-08,R,0
Pfizer,7,2021-06-09,D1,869
Pfizer,7,2021-06-09,D2,0
Pfizer,7,2021-06-09,DU,0
Pfizer,7,2021-06-09,R,0
Pfizer,7,2021-06-10,D1,625
Pfizer,7,2021-06-10,D2,0
Pfizer,7,2021-06-10,DU,0
Pfizer,7,2021-06-10,R,0
Pfizer,7,2021-06-11,D1,958
Pfizer,7,2021-06-11,D2,0
Pfizer,7,2021-06-11,DU,0
Pfizer,7,2021-06-11,R,0
Pfizer,7,2021-06-12,D1,972
Pfizer,7,2021-06-12,D2,0
Pfizer,7,2021-06-12,DU,0
Pfizer,7,2021-06-12,R,0
Pfizer,7,2021-06-13,D1,313
Pfizer,7,2021-06-13,D2,0
Pfizer,7,2021-06-13,DU,0
Pfizer,7,2021-06-13,R,0
Pfizer,7,2021-06-14,D1,8385
Pfizer,7,2021-06-14,D2,2
Pfizer,7,2021-06-14,DU,0
Pfizer,7,2021-06-14,R,0
Pfizer,7,2021-06-15,D1,6898
Pfizer,7,2021-06-15,D2,0
Pfizer,7,2021-06-15,DU,0
Pfizer,7,2021-06-15,R,0
Pfizer,7,2021-06-16,D1,8755
Pfizer,7,2021-06-16,D2,1
Pfizer,7,2021-06-16,DU,0
Pfizer,7,2021-06-16,R,0
Pfizer,7,2021-06-17,D1,3880
Pfizer,7,2021-06-17,D2,2
Pfizer,7,2021-06-17,DU,0
Pfizer,7,2021-06-17,R,0
Pfizer,7,2021-06-18,D1,1966
Pfizer,7,2021-06-18,D2,0
Pfizer,7,2021-06-18,DU,0
Pfizer,7,2021-06-18,R,0
Pfizer,7,2021-06-19,D1,9898
Pfizer,7,2021-06-19,D2,2
Pfizer,7,2021-06-19,DU,0
Pfizer,7,2021-06-19,R,0
Pfizer,7,2021-06-20,D1,1064
Pfizer,7,2021-06-20,D2,0
Pfizer,7,2021-06-20,DU,0
Pfizer,7,2021-06-20,R,0
Pfizer,7,2021-06-21,D1,10108
Pfizer,7,2021-06-21,D2,6
Pfizer,7,2021-06-21,DU,0
Pfizer,7,2021-06-21,R,0
Pfizer,7,2021-06-22,D1,9839
Pfizer,7,2021-06-22,D2,1
Pfizer,7,2021-06-22,DU,0
Pfizer,7,2021-06-22,R,1
Pfizer,7,2021-06-23,D1,5160
Pfizer,7,2021-06-23,D2,2
Pfizer,7,2021-06-23,DU,0
Pfizer,7,2021-06-23,R,0
Pfizer,7,2021-06-24,D1,6993
Pfizer,7,2021-06-24,D2,0
Pfizer,7,2021-06-24,DU,0
Pfizer,7,2021-06-24,R,0
Pfizer,7,2021-06-25,D1,7195
Pfizer,7,2021-06-25,D2,2
Pfizer,7,2021-06-25,DU,0
Pfizer,7,2021-06-25,R,0
Pfizer,7,2021-06-26,D1,5060
Pfizer,7,2021-06-26,D2,1
Pfizer,7,2021-06-26,DU,0
Pfizer,7,2021-06-26,R,0
Pfizer,7,2021-06-27,D1,138
Pfizer,7,2021-06-27,D2,1
Pfizer,7,2021-06-27,DU,0
Pfizer,7,2021-06-27,R,0
Pfizer,7,2021-06-28,D1,3708
Pfizer,7,2021-06-28,D2,1
Pfizer,7,2021-06-28,DU,0
Pfizer,7,2021-06-28,R,0
Pfizer,7,2021-06-29,D1,1983
Pfizer,7,2021-06-29,D2,1
Pfizer,7,2021-06-29,DU,0
Pfizer,7,2021-06-29,R,0
Pfizer,7,2021-06-30,D1,1416
Pfizer,7,2021-06-30,D2,1
Pfizer,7,2021-06-30,DU,0
Pfizer,7,2021-06-30,R,0
Pfizer,7,2021-07-01,D1,867
Pfizer,7,2021-07-01,D2,3
Pfizer,7,2021-07-01,DU,0
Pfizer,7,2021-07-01,R,0
Pfizer,7,2021-07-02,D1,1109
Pfizer,7,2021-07-02,D2,0
Pfizer,7,2021-07-02,DU,0
Pfizer,7,2021-07-02,R,0
Pfizer,7,2021-07-03,D1,473
Pfizer,7,2021-07-03,D2,0
Pfizer,7,2021-07-03,DU,0
Pfizer,7,2021-07-03,R,0
Pfizer,7,2021-07-04,D1,43
Pfizer,7,2021-07-04,D2,0
Pfizer,7,2021-07-04,DU,0
Pfizer,7,2021-07-04,R,0
Pfizer,7,2021-07-05,D1,1662
Pfizer,7,2021-07-05,D2,1
Pfizer,7,2021-07-05,DU,0
Pfizer,7,2021-07-05,R,0
Pfizer,7,2021-07-06,D1,1249
Pfizer,7,2021-07-06,D2,2
Pfizer,7,2021-07-06,DU,0
Pfizer,7,2021-07-06,R,0
Pfizer,7,2021-07-07,D1,1371
Pfizer,7,2021-07-07,D2,3
Pfizer,7,2021-07-07,DU,0
Pfizer,7,2021-07-07,R,0
Pfizer,7,2021-07-08,D1,1662
Pfizer,7,2021-07-08,D2,3
Pfizer,7,2021-07-08,DU,0
Pfizer,7,2021-07-08,R,0
Pfizer,7,2021-07-09,D1,926
Pfizer,7,2021-07-09,D2,2
Pfizer,7,2021-07-09,DU,0
Pfizer,7,2021-07-09,R,0
Pfizer,7,2021-07-10,D1,260
Pfizer,7,2021-07-10,D2,0
Pfizer,7,2021-07-10,DU,0
Pfizer,7,2021-07-10,R,0
Pfizer,7,2021-07-11,D1,16
Pfizer,7,2021-07-11,D2,0
Pfizer,7,2021-07-11,DU,0
Pfizer,7,2021-07-11,R,0
Pfizer,7,2021-07-12,D1,787
Pfizer,7,2021-07-12,D2,2
Pfizer,7,2021-07-12,DU,0
Pfizer,7,2021-07-12,R,0
Pfizer,7,2021-07-13,D1,528
Pfizer,7,2021-07-13,D2,1
Pfizer,7,2021-07-13,DU,0
Pfizer,7,2021-07-13,R,0
Pfizer,7,2021-07-14,D1,1272
Pfizer,7,2021-07-14,D2,3
Pfizer,7,2021-07-14,DU,0
Pfizer,7,2021-07-14,R,0
Pfizer,7,2021-07-15,D1,1593
Pfizer,7,2021-07-15,D2,2
Pfizer,7,2021-07-15,DU,0
Pfizer,7,2021-07-15,R,1
Pfizer,7,2021-07-16,D1,947
Pfizer,7,2021-07-16,D2,3
Pfizer,7,2021-07-16,DU,0
Pfizer,7,2021-07-16,R,0
Pfizer,7,2021-07-17,D1,845
Pfizer,7,2021-07-17,D2,0
Pfizer,7,2021-07-17,DU,0
Pfizer,7,2021-07-17,R,0
Pfizer,7,2021-07-18,D1,26
Pfizer,7,2021-07-18,D2,0
Pfizer,7,2021-07-18,DU,0
Pfizer,7,2021-07-18,R,0
Pfizer,7,2021-07-19,D1,306
Pfizer,7,2021-07-19,D2,2
Pfizer,7,2021-07-19,DU,0
Pfizer,7,2021-07-19,R,0
Pfizer,7,2021-07-20,D1,192
Pfizer,7,2021-07-20,D2,0
Pfizer,7,2021-07-20,DU,0
Pfizer,7,2021-07-20,R,0
Pfizer,7,2021-07-21,D1,99
Pfizer,7,2021-07-21,D2,2
Pfizer,7,2021-07-21,DU,0
Pfizer,7,2021-07-21,R,0
Pfizer,7,2021-07-22,D1,187
Pfizer,7,2021-07-22,D2,4
Pfizer,7,2021-07-22,DU,0
Pfizer,7,2021-07-22,R,0
Pfizer,7,2021-07-23,D1,190
Pfizer,7,2021-07-23,D2,3
Pfizer,7,2021-07-23,DU,0
Pfizer,7,2021-07-23,R,1
Pfizer,7,2021-07-24,D1,133
Pfizer,7,2021-07-24,D2,0
Pfizer,7,2021-07-24,DU,0
Pfizer,7,2021-07-24,R,0
Pfizer,7,2021-07-25,D1,6
Pfizer,7,2021-07-25,D2,0
Pfizer,7,2021-07-25,DU,0
Pfizer,7,2021-07-25,R,0
Pfizer,7,2021-07-26,D1,148
Pfizer,7,2021-07-26,D2,3
Pfizer,7,2021-07-26,DU,0
Pfizer,7,2021-07-26,R,0
Pfizer,7,2021-07-27,D1,423
Pfizer,7,2021-07-27,D2,3
Pfizer,7,2021-07-27,DU,0
Pfizer,7,2021-07-27,R,0
Pfizer,7,2021-07-28,D1,111
Pfizer,7,2021-07-28,D2,5
Pfizer,7,2021-07-28,DU,0
Pfizer,7,2021-07-28,R,0
Pfizer,7,2021-07-29,D1,268
Pfizer,7,2021-07-29,D2,122
Pfizer,7,2021-07-29,DU,0
Pfizer,7,2021-07-29,R,0
Pfizer,7,2021-07-30,D1,410
Pfizer,7,2021-07-30,D2,58
Pfizer,7,2021-07-30,DU,0
Pfizer,7,2021-07-30,R,0
Pfizer,7,2021-07-31,D1,124
Pfizer,7,2021-07-31,D2,25
Pfizer,7,2021-07-31,DU,0
Pfizer,7,2021-07-31,R,0
Pfizer,7,2021-08-01,D1,9
Pfizer,7,2021-08-01,D2,1
Pfizer,7,2021-08-01,DU,0
Pfizer,7,2021-08-01,R,0
Pfizer,7,2021-08-02,D1,205
Pfizer,7,2021-08-02,D2,59
Pfizer,7,2021-08-02,DU,0
Pfizer,7,2021-08-02,R,0
Pfizer,7,2021-08-03,D1,218
Pfizer,7,2021-08-03,D2,40
Pfizer,7,2021-08-03,DU,0
Pfizer,7,2021-08-03,R,0
Pfizer,7,2021-08-04,D1,228
Pfizer,7,2021-08-04,D2,72
Pfizer,7,2021-08-04,DU,0
Pfizer,7,2021-08-04,R,0
Pfizer,7,2021-08-05,D1,209
Pfizer,7,2021-08-05,D2,292
Pfizer,7,2021-08-05,DU,0
Pfizer,7,2021-08-05,R,2
Pfizer,7,2021-08-06,D1,365
Pfizer,7,2021-08-06,D2,14118
Pfizer,7,2021-08-06,DU,0
Pfizer,7,2021-08-06,R,1
Pfizer,7,2021-08-07,D1,194
Pfizer,7,2021-08-07,D2,4095
Pfizer,7,2021-08-07,DU,0
Pfizer,7,2021-08-07,R,0
Pfizer,7,2021-08-08,D1,5
Pfizer,7,2021-08-08,D2,8
Pfizer,7,2021-08-08,DU,0
Pfizer,7,2021-08-08,R,0
Pfizer,7,2021-08-09,D1,309
Pfizer,7,2021-08-09,D2,5964
Pfizer,7,2021-08-09,DU,0
Pfizer,7,2021-08-09,R,0
Pfizer,7,2021-08-10,D1,280
Pfizer,7,2021-08-10,D2,4730
Pfizer,7,2021-08-10,DU,0
Pfizer,7,2021-08-10,R,2
Pfizer,7,2021-08-11,D1,281
Pfizer,7,2021-08-11,D2,3511
Pfizer,7,2021-08-11,DU,0
Pfizer,7,2021-08-11,R,0
Pfizer,7,2021-08-12,D1,355
Pfizer,7,2021-08-12,D2,1778
Pfizer,7,2021-08-12,DU,0
Pfizer,7,2021-08-12,R,0
Pfizer,7,2021-08-13,D1,579
Pfizer,7,2021-08-13,D2,977
Pfizer,7,2021-08-13,DU,0
Pfizer,7,2021-08-13,R,0
Pfizer,7,2021-08-14,D1,468
Pfizer,7,2021-08-14,D2,766
Pfizer,7,2021-08-14,DU,0
Pfizer,7,2021-08-14,R,0
Pfizer,7,2021-08-15,D1,191
Pfizer,7,2021-08-15,D2,239
Pfizer,7,2021-08-15,DU,0
Pfizer,7,2021-08-15,R,0
Pfizer,7,2021-08-16,D1,386
Pfizer,7,2021-08-16,D2,823
Pfizer,7,2021-08-16,DU,0
Pfizer,7,2021-08-16,R,0
Pfizer,7,2021-08-17,D1,257
Pfizer,7,2021-08-17,D2,2799
Pfizer,7,2021-08-17,DU,0
Pfizer,7,2021-08-17,R,0
Pfizer,7,2021-08-18,D1,190
Pfizer,7,2021-08-18,D2,3008
Pfizer,7,2021-08-18,DU,0
Pfizer,7,2021-08-18,R,2
Pfizer,7,2021-08-19,D1,298
Pfizer,7,2021-08-19,D2,2624
Pfizer,7,2021-08-19,DU,0
Pfizer,7,2021-08-19,R,0
Pfizer,7,2021-08-20,D1,133
Pfizer,7,2021-08-20,D2,1280
Pfizer,7,2021-08-20,DU,0
Pfizer,7,2021-08-20,R,0
Pfizer,7,2021-08-21,D1,173
Pfizer,7,2021-08-21,D2,208
Pfizer,7,2021-08-21,DU,0
Pfizer,7,2021-08-21,R,1
Pfizer,7,2021-08-22,D1,24
Pfizer,7,2021-08-22,D2,1
Pfizer,7,2021-08-22,DU,0
Pfizer,7,2021-08-22,R,1
Pfizer,7,2021-08-23,D1,88
Pfizer,7,2021-08-23,D2,600
Pfizer,7,2021-08-23,DU,0
Pfizer,7,2021-08-23,R,0
Pfizer,7,2021-08-24,D1,89
Pfizer,7,2021-08-24,D2,435
Pfizer,7,2021-08-24,DU,0
Pfizer,7,2021-08-24,R,0
Pfizer,7,2021-08-25,D1,103
Pfizer,7,2021-08-25,D2,1323
Pfizer,7,2021-08-25,DU,0
Pfizer,7,2021-08-25,R,0
Pfizer,7,2021-08-26,D1,82
Pfizer,7,2021-08-26,D2,916
Pfizer,7,2021-08-26,DU,0
Pfizer,7,2021-08-26,R,0
Pfizer,7,2021-08-27,D1,64
Pfizer,7,2021-08-27,D2,876
Pfizer,7,2021-08-27,DU,0
Pfizer,7,2021-08-27,R,0
Pfizer,7,2021-08-28,D1,34
Pfizer,7,2021-08-28,D2,437
Pfizer,7,2021-08-28,DU,0
Pfizer,7,2021-08-28,R,0
Pfizer,7,2021-08-29,D1,13
Pfizer,7,2021-08-29,D2,16
Pfizer,7,2021-08-29,DU,0
Pfizer,7,2021-08-29,R,1
Pfizer,7,2021-08-30,D1,160
Pfizer,7,2021-08-30,D2,951
Pfizer,7,2021-08-30,DU,0
Pfizer,7,2021-08-30,R,0
Pfizer,7,2021-08-31,D1,245
Pfizer,7,2021-08-31,D2,1108
Pfizer,7,2021-08-31,DU,0
Pfizer,7,2021-08-31,R,0
Pfizer,7,2021-09-01,D1,208
Pfizer,7,2021-09-01,D2,1199
Pfizer,7,2021-09-01,DU,0
Pfizer,7,2021-09-01,R,0
Pfizer,7,2021-09-02,D1,179
Pfizer,7,2021-09-02,D2,1209
Pfizer,7,2021-09-02,DU,0
Pfizer,7,2021-09-02,R,2
Pfizer,7,2021-09-03,D1,185
Pfizer,7,2021-09-03,D2,2091
Pfizer,7,2021-09-03,DU,0
Pfizer,7,2021-09-03,R,0
Pfizer,7,2021-09-04,D1,34
Pfizer,7,2021-09-04,D2,858
Pfizer,7,2021-09-04,DU,0
Pfizer,7,2021-09-04,R,1
Pfizer,7,2021-09-05,D1,2
Pfizer,7,2021-09-05,D2,29
Pfizer,7,2021-09-05,DU,0
Pfizer,7,2021-09-05,R,0
Pfizer,7,2021-09-06,D1,53
Pfizer,7,2021-09-06,D2,4496
Pfizer,7,2021-09-06,DU,0
Pfizer,7,2021-09-06,R,5
Pfizer,7,2021-09-07,D1,8
Pfizer,7,2021-09-07,D2,345
Pfizer,7,2021-09-07,DU,0
Pfizer,7,2021-09-07,R,0
Pfizer,7,2021-09-08,D1,71
Pfizer,7,2021-09-08,D2,8149
Pfizer,7,2021-09-08,DU,0
Pfizer,7,2021-09-08,R,1
Pfizer,7,2021-09-09,D1,59
Pfizer,7,2021-09-09,D2,5064
Pfizer,7,2021-09-09,DU,0
Pfizer,7,2021-09-09,R,4
Pfizer,7,2021-09-10,D1,74
Pfizer,7,2021-09-10,D2,3275
Pfizer,7,2021-09-10,DU,0
Pfizer,7,2021-09-10,R,1
Pfizer,7,2021-09-11,D1,32
Pfizer,7,2021-09-11,D2,4024
Pfizer,7,2021-09-11,DU,0
Pfizer,7,2021-09-11,R,3
Pfizer,7,2021-09-12,D1,2
Pfizer,7,2021-09-12,D2,1207
Pfizer,7,2021-09-12,DU,0
Pfizer,7,2021-09-12,R,0
Pfizer,7,2021-09-13,D1,138
Pfizer,7,2021-09-13,D2,23488
Pfizer,7,2021-09-13,DU,0
Pfizer,7,2021-09-13,R,1
Pfizer,7,2021-09-14,D1,139
Pfizer,7,2021-09-14,D2,29718
Pfizer,7,2021-09-14,DU,0
Pfizer,7,2021-09-14,R,6
Pfizer,7,2021-09-15,D1,144
Pfizer,7,2021-09-15,D2,20221
Pfizer,7,2021-09-15,DU,0
Pfizer,7,2021-09-15,R,17
Pfizer,7,2021-09-16,D1,140
Pfizer,7,2021-09-16,D2,16524
Pfizer,7,2021-09-16,DU,0
Pfizer,7,2021-09-16,R,20
Pfizer,7,2021-09-17,D1,152
Pfizer,7,2021-09-17,D2,13117
Pfizer,7,2021-09-17,DU,0
Pfizer,7,2021-09-17,R,38
Pfizer,7,2021-09-18,D1,30
Pfizer,7,2021-09-18,D2,5132
Pfizer,7,2021-09-18,DU,0
Pfizer,7,2021-09-18,R,3
Pfizer,7,2021-09-19,D1,2
Pfizer,7,2021-09-19,D2,205
Pfizer,7,2021-09-19,DU,0
Pfizer,7,2021-09-19,R,0
Pfizer,7,2021-09-20,D1,129
Pfizer,7,2021-09-20,D2,8563
Pfizer,7,2021-09-20,DU,0
Pfizer,7,2021-09-20,R,155
Pfizer,7,2021-09-21,D1,109
Pfizer,7,2021-09-21,D2,7861
Pfizer,7,2021-09-21,DU,0
Pfizer,7,2021-09-21,R,127
Pfizer,7,2021-09-22,D1,134
Pfizer,7,2021-09-22,D2,7266
Pfizer,7,2021-09-22,DU,0
Pfizer,7,2021-09-22,R,147
Pfizer,7,2021-09-23,D1,90
Pfizer,7,2021-09-23,D2,4601
Pfizer,7,2021-09-23,DU,0
Pfizer,7,2021-09-23,R,160
Pfizer,7,2021-09-24,D1,88
Pfizer,7,2021-09-24,D2,5175
Pfizer,7,2021-09-24,DU,0
Pfizer,7,2021-09-24,R,157
Pfizer,7,2021-09-25,D1,34
Pfizer,7,2021-09-25,D2,2014
Pfizer,7,2021-09-25,DU,0
Pfizer,7,2021-09-25,R,42
Pfizer,7,2021-09-26,D1,3
Pfizer,7,2021-09-26,D2,48
Pfizer,7,2021-09-26,DU,0
Pfizer,7,2021-09-26,R,4
Pfizer,7,2021-09-27,D1,89
Pfizer,7,2021-09-27,D2,4646
Pfizer,7,2021-09-27,DU,0
Pfizer,7,2021-09-27,R,204
Pfizer,7,2021-09-28,D1,82
Pfizer,7,2021-09-28,D2,5189
Pfizer,7,2021-09-28,DU,0
Pfizer,7,2021-09-28,R,248
Pfizer,7,2021-09-29,D1,59
Pfizer,7,2021-09-29,D2,3814
Pfizer,7,2021-09-29,DU,0
Pfizer,7,2021-09-29,R,293
Pfizer,7,2021-09-30,D1,56
Pfizer,7,2021-09-30,D2,2745
Pfizer,7,2021-09-30,DU,0
Pfizer,7,2021-09-30,R,277
Pfizer,7,2021-10-01,D1,55
Pfizer,7,2021-10-01,D2,2168
Pfizer,7,2021-10-01,DU,0
Pfizer,7,2021-10-01,R,273
Pfizer,7,2021-10-02,D1,65
Pfizer,7,2021-10-02,D2,2192
Pfizer,7,2021-10-02,DU,0
Pfizer,7,2021-10-02,R,689
Pfizer,7,2021-10-03,D1,2
Pfizer,7,2021-10-03,D2,21
Pfizer,7,2021-10-03,DU,0
Pfizer,7,2021-10-03,R,13
Pfizer,7,2021-10-04,D1,49
Pfizer,7,2021-10-04,D2,2120
Pfizer,7,2021-10-04,DU,0
Pfizer,7,2021-10-04,R,3154
Pfizer,7,2021-10-05,D1,69
Pfizer,7,2021-10-05,D2,2033
Pfizer,7,2021-10-05,DU,0
Pfizer,7,2021-10-05,R,3489
Pfizer,7,2021-10-06,D1,110
Pfizer,7,2021-10-06,D2,1540
Pfizer,7,2021-10-06,DU,0
Pfizer,7,2021-10-06,R,3301
Pfizer,7,2021-10-07,D1,108
Pfizer,7,2021-10-07,D2,1385
Pfizer,7,2021-10-07,DU,0
Pfizer,7,2021-10-07,R,2730
Pfizer,7,2021-10-08,D1,117
Pfizer,7,2021-10-08,D2,1120
Pfizer,7,2021-10-08,DU,0
Pfizer,7,2021-10-08,R,2371
Pfizer,7,2021-10-09,D1,28
Pfizer,7,2021-10-09,D2,623
Pfizer,7,2021-10-09,DU,0
Pfizer,7,2021-10-09,R,394
Pfizer,7,2021-10-10,D1,5
Pfizer,7,2021-10-10,D2,14
Pfizer,7,2021-10-10,DU,0
Pfizer,7,2021-10-10,R,63
Pfizer,7,2021-10-11,D1,18
Pfizer,7,2021-10-11,D2,159
Pfizer,7,2021-10-11,DU,0
Pfizer,7,2021-10-11,R,301
Pfizer,7,2021-10-12,D1,13
Pfizer,7,2021-10-12,D2,36
Pfizer,7,2021-10-12,DU,0
Pfizer,7,2021-10-12,R,81
Pfizer,7,2021-10-13,D1,118
Pfizer,7,2021-10-13,D2,932
Pfizer,7,2021-10-13,DU,0
Pfizer,7,2021-10-13,R,1386
Pfizer,7,2021-10-14,D1,90
Pfizer,7,2021-10-14,D2,916
Pfizer,7,2021-10-14,DU,0
Pfizer,7,2021-10-14,R,1615
Pfizer,7,2021-10-15,D1,112
Pfizer,7,2021-10-15,D2,740
Pfizer,7,2021-10-15,DU,0
Pfizer,7,2021-10-15,R,1397
Pfizer,7,2021-10-16,D1,103
Pfizer,7,2021-10-16,D2,613
Pfizer,7,2021-10-16,DU,0
Pfizer,7,2021-10-16,R,684
Pfizer,7,2021-10-17,D1,6
Pfizer,7,2021-10-17,D2,18
Pfizer,7,2021-10-17,DU,0
Pfizer,7,2021-10-17,R,32
Pfizer,7,2021-10-18,D1,104
Pfizer,7,2021-10-18,D2,649
Pfizer,7,2021-10-18,DU,0
Pfizer,7,2021-10-18,R,795
Pfizer,7,2021-10-19,D1,116
Pfizer,7,2021-10-19,D2,786
Pfizer,7,2021-10-19,DU,0
Pfizer,7,2021-10-19,R,1087
Pfizer,7,2021-10-20,D1,126
Pfizer,7,2021-10-20,D2,765
Pfizer,7,2021-10-20,DU,6
Pfizer,7,2021-10-20,R,1004
Pfizer,7,2021-10-21,D1,136
Pfizer,7,2021-10-21,D2,727
Pfizer,7,2021-10-21,DU,0
Pfizer,7,2021-10-21,R,919
Pfizer,7,2021-10-22,D1,117
Pfizer,7,2021-10-22,D2,687
Pfizer,7,2021-10-22,DU,0
Pfizer,7,2021-10-22,R,1065
Pfizer,7,2021-10-23,D1,56
Pfizer,7,2021-10-23,D2,251
Pfizer,7,2021-10-23,DU,0
Pfizer,7,2021-10-23,R,288
Pfizer,7,2021-10-24,D1,2
Pfizer,7,2021-10-24,D2,11
Pfizer,7,2021-10-24,DU,0
Pfizer,7,2021-10-24,R,21
Pfizer,7,2021-10-25,D1,119
Pfizer,7,2021-10-25,D2,738
Pfizer,7,2021-10-25,DU,0
Pfizer,7,2021-10-25,R,1034
Pfizer,7,2021-10-26,D1,122
Pfizer,7,2021-10-26,D2,562
Pfizer,7,2021-10-26,DU,0
Pfizer,7,2021-10-26,R,1151
Pfizer,7,2021-10-27,D1,129
Pfizer,7,2021-10-27,D2,521
Pfizer,7,2021-10-27,DU,0
Pfizer,7,2021-10-27,R,1342
Pfizer,7,2021-10-28,D1,108
Pfizer,7,2021-10-28,D2,361
Pfizer,7,2021-10-28,DU,0
Pfizer,7,2021-10-28,R,1520
Pfizer,7,2021-10-29,D1,69
Pfizer,7,2021-10-29,D2,221
Pfizer,7,2021-10-29,DU,0
Pfizer,7,2021-10-29,R,974
Pfizer,7,2021-10-30,D1,30
Pfizer,7,2021-10-30,D2,98
Pfizer,7,2021-10-30,DU,0
Pfizer,7,2021-10-30,R,266
Pfizer,7,2021-10-31,D1,3
Pfizer,7,2021-10-31,D2,9
Pfizer,7,2021-10-31,DU,0
Pfizer,7,2021-10-31,R,33
Pfizer,7,2021-11-01,D1,21
Pfizer,7,2021-11-01,D2,57
Pfizer,7,2021-11-01,DU,0
Pfizer,7,2021-11-01,R,453
Pfizer,7,2021-11-02,D1,9
Pfizer,7,2021-11-02,D2,13
Pfizer,7,2021-11-02,DU,0
Pfizer,7,2021-11-02,R,451
Pfizer,7,2021-11-03,D1,109
Pfizer,7,2021-11-03,D2,481
Pfizer,7,2021-11-03,DU,0
Pfizer,7,2021-11-03,R,1332
Pfizer,7,2021-11-04,D1,74
Pfizer,7,2021-11-04,D2,432
Pfizer,7,2021-11-04,DU,0
Pfizer,7,2021-11-04,R,1326
Pfizer,7,2021-11-05,D1,104
Pfizer,7,2021-11-05,D2,422
Pfizer,7,2021-11-05,DU,0
Pfizer,7,2021-11-05,R,1429
Pfizer,7,2021-11-06,D1,27
Pfizer,7,2021-11-06,D2,145
Pfizer,7,2021-11-06,DU,0
Pfizer,7,2021-11-06,R,316
Pfizer,7,2021-11-07,D1,4
Pfizer,7,2021-11-07,D2,9
Pfizer,7,2021-11-07,DU,0
Pfizer,7,2021-11-07,R,31
Pfizer,7,2021-11-08,D1,78
Pfizer,7,2021-11-08,D2,413
Pfizer,7,2021-11-08,DU,0
Pfizer,7,2021-11-08,R,1021
Pfizer,7,2021-11-09,D1,75
Pfizer,7,2021-11-09,D2,364
Pfizer,7,2021-11-09,DU,0
Pfizer,7,2021-11-09,R,1128
Pfizer,7,2021-11-10,D1,58
Pfizer,7,2021-11-10,D2,272
Pfizer,7,2021-11-10,DU,0
Pfizer,7,2021-11-10,R,745
Pfizer,7,2021-11-11,D1,107
Pfizer,7,2021-11-11,D2,349
Pfizer,7,2021-11-11,DU,0
Pfizer,7,2021-11-11,R,1044
Pfizer,7,2021-11-12,D1,95
Pfizer,7,2021-11-12,D2,352
Pfizer,7,2021-11-12,DU,0
Pfizer,7,2021-11-12,R,1099
Pfizer,7,2021-11-13,D1,49
Pfizer,7,2021-11-13,D2,141
Pfizer,7,2021-11-13,DU,0
Pfizer,7,2021-11-13,R,404
Pfizer,7,2021-11-14,D1,3
Pfizer,7,2021-11-14,D2,8
Pfizer,7,2021-11-14,DU,0
Pfizer,7,2021-11-14,R,43
Pfizer,7,2021-11-15,D1,8
Pfizer,7,2021-11-15,D2,31
Pfizer,7,2021-11-15,DU,0
Pfizer,7,2021-11-15,R,180
Pfizer,7,2021-11-16,D1,100
Pfizer,7,2021-11-16,D2,210
Pfizer,7,2021-11-16,DU,0
Pfizer,7,2021-11-16,R,1857
Pfizer,7,2021-11-17,D1,82
Pfizer,7,2021-11-17,D2,278
Pfizer,7,2021-11-17,DU,0
Pfizer,7,2021-11-17,R,2400
Pfizer,7,2021-11-18,D1,87
Pfizer,7,2021-11-18,D2,8
Pfizer,7,2021-11-18,DU,0
Pfizer,7,2021-11-18,R,2529
Pfizer,7,2021-11-19,D1,1
Pfizer,7,2021-11-19,D2,5
Pfizer,7,2021-11-19,DU,0
Pfizer,7,2021-11-19,R,32
Pfizer,7,2021-11-20,D1,59
Pfizer,7,2021-11-20,D2,2
Pfizer,7,2021-11-20,DU,0
Pfizer,7,2021-11-20,R,2193
Pfizer,7,2021-11-21,D1,3
Pfizer,7,2021-11-21,D2,0
Pfizer,7,2021-11-21,DU,0
Pfizer,7,2021-11-21,R,111
Pfizer,7,2021-11-22,D1,0
Pfizer,7,2021-11-22,D2,0
Pfizer,7,2021-11-22,DU,0
Pfizer,7,2021-11-22,R,44
Pfizer,7,2021-11-23,D1,12
Pfizer,7,2021-11-23,D2,272
Pfizer,7,2021-11-23,DU,0
Pfizer,7,2021-11-23,R,344
Pfizer,7,2021-11-24,D1,3
Pfizer,7,2021-11-24,D2,3
Pfizer,7,2021-11-24,DU,0
Pfizer,7,2021-11-24,R,66
Pfizer,7,2021-11-25,D1,0
Pfizer,7,2021-11-25,D2,3
Pfizer,7,2021-11-25,DU,0
Pfizer,7,2021-11-25,R,18
Pfizer,7,2021-11-26,D1,1
Pfizer,7,2021-11-26,D2,238
Pfizer,7,2021-11-26,DU,0
Pfizer,7,2021-11-26,R,39
Pfizer,7,2021-11-27,D1,4
Pfizer,7,2021-11-27,D2,3
Pfizer,7,2021-11-27,DU,0
Pfizer,7,2021-11-27,R,14
Pfizer,7,2021-11-29,D1,0
Pfizer,7,2021-11-29,D2,1
Pfizer,7,2021-11-29,DU,0
Pfizer,7,2021-11-29,R,11
Pfizer,7,2021-11-30,D1,1
Pfizer,7,2021-11-30,D2,2
Pfizer,7,2021-11-30,DU,0
Pfizer,7,2021-11-30,R,9
Pfizer,7,2021-12-01,D1,0
Pfizer,7,2021-12-01,D2,2
Pfizer,7,2021-12-01,DU,0
Pfizer,7,2021-12-01,R,3
Pfizer,7,2021-12-02,D1,1
Pfizer,7,2021-12-02,D2,215
Pfizer,7,2021-12-02,DU,0
Pfizer,7,2021-12-02,R,9
Pfizer,7,2021-12-03,D1,0
Pfizer,7,2021-12-03,D2,1
Pfizer,7,2021-12-03,DU,0
Pfizer,7,2021-12-03,R,17
Pfizer,7,2021-12-04,D1,56
Pfizer,7,2021-12-04,D2,3
Pfizer,7,2021-12-04,DU,0
Pfizer,7,2021-12-04,R,4863
Pfizer,7,2021-12-05,D1,3
Pfizer,7,2021-12-05,D2,6
Pfizer,7,2021-12-05,DU,0
Pfizer,7,2021-12-05,R,282
Pfizer,7,2021-12-06,D1,3
Pfizer,7,2021-12-06,D2,0
Pfizer,7,2021-12-06,DU,0
Pfizer,7,2021-12-06,R,64
Pfizer,7,2021-12-07,D1,66
Pfizer,7,2021-12-07,D2,19
Pfizer,7,2021-12-07,DU,0
Pfizer,7,2021-12-07,R,8638
Pfizer,7,2021-12-08,D1,0
Pfizer,7,2021-12-08,D2,1
Pfizer,7,2021-12-08,DU,0
Pfizer,7,2021-12-08,R,97
Pfizer,7,2021-12-09,D1,0
Pfizer,7,2021-12-09,D2,0
Pfizer,7,2021-12-09,DU,0
Pfizer,7,2021-12-09,R,91
Pfizer,7,2021-12-10,D1,0
Pfizer,7,2021-12-10,D2,0
Pfizer,7,2021-12-10,DU,0
Pfizer,7,2021-12-10,R,80
Pfizer,7,2021-12-11,D1,0
Pfizer,7,2021-12-11,D2,0
Pfizer,7,2021-12-11,DU,0
Pfizer,7,2021-12-11,R,37
Pfizer,7,2021-12-12,D1,0
Pfizer,7,2021-12-12,D2,0
Pfizer,7,2021-12-12,DU,0
Pfizer,7,2021-12-12,R,37
Pfizer,7,2021-12-13,D1,1
Pfizer,7,2021-12-13,D2,0
Pfizer,7,2021-12-13,DU,0
Pfizer,7,2021-12-13,R,74
Pfizer,7,2021-12-14,D1,78
Pfizer,7,2021-12-14,D2,12
Pfizer,7,2021-12-14,DU,3
Pfizer,7,2021-12-14,R,11807
Pfizer,7,2021-12-15,D1,0
Pfizer,7,2021-12-15,D2,0
Pfizer,7,2021-12-15,DU,0
Pfizer,7,2021-12-15,R,44
Pfizer,7,2021-12-16,D1,0
Pfizer,7,2021-12-16,D2,1
Pfizer,7,2021-12-16,DU,0
Pfizer,7,2021-12-16,R,57
Pfizer,7,2021-12-17,D1,64
Pfizer,7,2021-12-17,D2,79
Pfizer,7,2021-12-17,DU,0
Pfizer,7,2021-12-17,R,8418
Pfizer,7,2021-12-18,D1,0
Pfizer,7,2021-12-18,D2,0
Pfizer,7,2021-12-18,DU,0
Pfizer,7,2021-12-18,R,12
Pfizer,7,2021-12-19,D1,3
Pfizer,7,2021-12-19,D2,5
Pfizer,7,2021-12-19,DU,0
Pfizer,7,2021-12-19,R,428
Pfizer,7,2021-12-20,D1,17
Pfizer,7,2021-12-20,D2,22
Pfizer,7,2021-12-20,DU,0
Pfizer,7,2021-12-20,R,3258
Pfizer,7,2021-12-21,D1,0
Pfizer,7,2021-12-21,D2,0
Pfizer,7,2021-12-21,DU,0
Pfizer,7,2021-12-21,R,49
Pfizer,7,2021-12-22,D1,1
Pfizer,7,2021-12-22,D2,0
Pfizer,7,2021-12-22,DU,0
Pfizer,7,2021-12-22,R,62
Pfizer,7,2021-12-23,D1,12
Pfizer,7,2021-12-23,D2,27
Pfizer,7,2021-12-23,DU,0
Pfizer,7,2021-12-23,R,2171
Pfizer,7,2021-12-24,D1,0
Pfizer,7,2021-12-24,D2,0
Pfizer,7,2021-12-24,DU,0
Pfizer,7,2021-12-24,R,1
Pfizer,7,2021-12-26,D1,2
Pfizer,7,2021-12-26,D2,0
Pfizer,7,2021-12-26,DU,0
Pfizer,7,2021-12-26,R,103
Pfizer,7,2021-12-27,D1,53
Pfizer,7,2021-12-27,D2,72
Pfizer,7,2021-12-27,DU,0
Pfizer,7,2021-12-27,R,9206
Pfizer,7,2021-12-28,D1,51
Pfizer,7,2021-12-28,D2,86
Pfizer,7,2021-12-28,DU,0
Pfizer,7,2021-12-28,R,9024
Pfizer,7,2021-12-29,D1,0
Pfizer,7,2021-12-29,D2,0
Pfizer,7,2021-12-29,DU,0
Pfizer,7,2021-12-29,R,54
Pfizer,7,2021-12-30,D1,0
Pfizer,7,2021-12-30,D2,0
Pfizer,7,2021-12-30,DU,0
Pfizer,7,2021-12-30,R,9
Pfizer,7,2021-12-31,D1,0
Pfizer,7,2021-12-31,D2,0
Pfizer,7,2021-12-31,DU,0
Pfizer,7,2021-12-31,R,1
Pfizer,7,2022-01-03,D1,31
Pfizer,7,2022-01-03,D2,35
Pfizer,7,2022-01-03,DU,0
Pfizer,7,2022-01-03,R,6958
Pfizer,7,2022-01-04,D1,60
Pfizer,7,2022-01-04,D2,86
Pfizer,7,2022-01-04,DU,0
Pfizer,7,2022-01-04,R,13447
Pfizer,7,2022-01-05,D1,0
Pfizer,7,2022-01-05,D2,0
Pfizer,7,2022-01-05,DU,0
Pfizer,7,2022-01-05,R,117
Pfizer,7,2022-01-06,D1,0
Pfizer,7,2022-01-06,D2,0
Pfizer,7,2022-01-06,DU,0
Pfizer,7,2022-01-06,R,35
Pfizer,7,2022-01-07,D1,0
Pfizer,7,2022-01-07,D2,1
Pfizer,7,2022-01-07,DU,0
Pfizer,7,2022-01-07,R,50
Pfizer,7,2022-01-08,D1,1
Pfizer,7,2022-01-08,D2,2
Pfizer,7,2022-01-08,DU,0
Pfizer,7,2022-01-08,R,402
Pfizer,7,2022-01-09,D1,0
Pfizer,7,2022-01-09,D2,0
Pfizer,7,2022-01-09,DU,0
Pfizer,7,2022-01-09,R,16
Pfizer,7,2022-01-10,D1,69
Pfizer,7,2022-01-10,D2,73
Pfizer,7,2022-01-10,DU,0
Pfizer,7,2022-01-10,R,19820
Pfizer,7,2022-01-11,D1,68
Pfizer,7,2022-01-11,D2,52
Pfizer,7,2022-01-11,DU,0
Pfizer,7,2022-01-11,R,14634
Pfizer,7,2022-01-12,D1,0
Pfizer,7,2022-01-12,D2,1
Pfizer,7,2022-01-12,DU,0
Pfizer,7,2022-01-12,R,151
Pfizer,7,2022-01-13,D1,66
Pfizer,7,2022-01-13,D2,70
Pfizer,7,2022-01-13,DU,0
Pfizer,7,2022-01-13,R,21093
Pfizer,7,2022-01-14,D1,7
Pfizer,7,2022-01-14,D2,3
Pfizer,7,2022-01-14,DU,0
Pfizer,7,2022-01-14,R,1846
Pfizer,8,2021-01-22,D1,0
Pfizer,8,2021-01-22,D2,0
Pfizer,8,2021-01-22,DU,0
Pfizer,8,2021-01-22,R,1
Pfizer,8,2021-01-27,D1,0
Pfizer,8,2021-01-27,D2,0
Pfizer,8,2021-01-27,DU,0
Pfizer,8,2021-01-27,R,1
Pfizer,8,2021-02-20,D1,1
Pfizer,8,2021-02-20,D2,0
Pfizer,8,2021-02-20,DU,0
Pfizer,8,2021-02-20,R,0
Pfizer,8,2021-03-02,D1,1
Pfizer,8,2021-03-02,D2,0
Pfizer,8,2021-03-02,DU,0
Pfizer,8,2021-03-02,R,0
Pfizer,8,2021-03-03,D1,1
Pfizer,8,2021-03-03,D2,0
Pfizer,8,2021-03-03,DU,0
Pfizer,8,2021-03-03,R,0
Pfizer,8,2021-03-27,D1,1
Pfizer,8,2021-03-27,D2,0
Pfizer,8,2021-03-27,DU,0
Pfizer,8,2021-03-27,R,0
Pfizer,8,2021-03-29,D1,2
Pfizer,8,2021-03-29,D2,0
Pfizer,8,2021-03-29,DU,0
Pfizer,8,2021-03-29,R,0
Pfizer,8,2021-03-31,D1,1
Pfizer,8,2021-03-31,D2,0
Pfizer,8,2021-03-31,DU,0
Pfizer,8,2021-03-31,R,0
Pfizer,8,2021-04-06,D1,1
Pfizer,8,2021-04-06,D2,0
Pfizer,8,2021-04-06,DU,0
Pfizer,8,2021-04-06,R,0
Pfizer,8,2021-04-09,D1,1
Pfizer,8,2021-04-09,D2,0
Pfizer,8,2021-04-09,DU,0
Pfizer,8,2021-04-09,R,0
Pfizer,8,2021-04-10,D1,1
Pfizer,8,2021-04-10,D2,0
Pfizer,8,2021-04-10,DU,0
Pfizer,8,2021-04-10,R,0
Pfizer,8,2021-04-12,D1,2
Pfizer,8,2021-04-12,D2,0
Pfizer,8,2021-04-12,DU,0
Pfizer,8,2021-04-12,R,0
Pfizer,8,2021-04-13,D1,1
Pfizer,8,2021-04-13,D2,0
Pfizer,8,2021-04-13,DU,0
Pfizer,8,2021-04-13,R,0
Pfizer,8,2021-04-19,D1,0
Pfizer,8,2021-04-19,D2,1
Pfizer,8,2021-04-19,DU,0
Pfizer,8,2021-04-19,R,0
Pfizer,8,2021-04-21,D1,2
Pfizer,8,2021-04-21,D2,0
Pfizer,8,2021-04-21,DU,0
Pfizer,8,2021-04-21,R,0
Pfizer,8,2021-04-23,D1,1
Pfizer,8,2021-04-23,D2,0
Pfizer,8,2021-04-23,DU,0
Pfizer,8,2021-04-23,R,0
Pfizer,8,2021-04-27,D1,1
Pfizer,8,2021-04-27,D2,0
Pfizer,8,2021-04-27,DU,0
Pfizer,8,2021-04-27,R,0
Pfizer,8,2021-04-29,D1,1
Pfizer,8,2021-04-29,D2,0
Pfizer,8,2021-04-29,DU,0
Pfizer,8,2021-04-29,R,0
Pfizer,8,2021-04-30,D1,2
Pfizer,8,2021-04-30,D2,0
Pfizer,8,2021-04-30,DU,0
Pfizer,8,2021-04-30,R,0
Pfizer,8,2021-05-01,D1,1
Pfizer,8,2021-05-01,D2,0
Pfizer,8,2021-05-01,DU,0
Pfizer,8,2021-05-01,R,0
Pfizer,8,2021-05-04,D1,4
Pfizer,8,2021-05-04,D2,0
Pfizer,8,2021-05-04,DU,0
Pfizer,8,2021-05-04,R,0
Pfizer,8,2021-05-05,D1,29
Pfizer,8,2021-05-05,D2,1
Pfizer,8,2021-05-05,DU,0
Pfizer,8,2021-05-05,R,0
Pfizer,8,2021-05-06,D1,28151
Pfizer,8,2021-05-06,D2,5
Pfizer,8,2021-05-06,DU,0
Pfizer,8,2021-05-06,R,0
Pfizer,8,2021-05-07,D1,2258
Pfizer,8,2021-05-07,D2,1
Pfizer,8,2021-05-07,DU,0
Pfizer,8,2021-05-07,R,0
Pfizer,8,2021-05-08,D1,416
Pfizer,8,2021-05-08,D2,2
Pfizer,8,2021-05-08,DU,0
Pfizer,8,2021-05-08,R,4
Pfizer,8,2021-05-10,D1,46
Pfizer,8,2021-05-10,D2,0
Pfizer,8,2021-05-10,DU,0
Pfizer,8,2021-05-10,R,0
Pfizer,8,2021-05-11,D1,39
Pfizer,8,2021-05-11,D2,0
Pfizer,8,2021-05-11,DU,0
Pfizer,8,2021-05-11,R,0
Pfizer,8,2021-05-12,D1,30
Pfizer,8,2021-05-12,D2,0
Pfizer,8,2021-05-12,DU,0
Pfizer,8,2021-05-12,R,0
Pfizer,8,2021-05-13,D1,36
Pfizer,8,2021-05-13,D2,0
Pfizer,8,2021-05-13,DU,0
Pfizer,8,2021-05-13,R,0
Pfizer,8,2021-05-14,D1,1525
Pfizer,8,2021-05-14,D2,0
Pfizer,8,2021-05-14,DU,0
Pfizer,8,2021-05-14,R,0
Pfizer,8,2021-05-15,D1,475
Pfizer,8,2021-05-15,D2,0
Pfizer,8,2021-05-15,DU,0
Pfizer,8,2021-05-15,R,0
Pfizer,8,2021-05-16,D1,4
Pfizer,8,2021-05-16,D2,0
Pfizer,8,2021-05-16,DU,0
Pfizer,8,2021-05-16,R,0
Pfizer,8,2021-05-17,D1,578
Pfizer,8,2021-05-17,D2,1
Pfizer,8,2021-05-17,DU,0
Pfizer,8,2021-05-17,R,0
Pfizer,8,2021-05-18,D1,470
Pfizer,8,2021-05-18,D2,0
Pfizer,8,2021-05-18,DU,0
Pfizer,8,2021-05-18,R,0
Pfizer,8,2021-05-19,D1,392
Pfizer,8,2021-05-19,D2,0
Pfizer,8,2021-05-19,DU,0
Pfizer,8,2021-05-19,R,0
Pfizer,8,2021-05-20,D1,128
Pfizer,8,2021-05-20,D2,1
Pfizer,8,2021-05-20,DU,0
Pfizer,8,2021-05-20,R,0
Pfizer,8,2021-05-21,D1,25
Pfizer,8,2021-05-21,D2,0
Pfizer,8,2021-05-21,DU,0
Pfizer,8,2021-05-21,R,0
Pfizer,8,2021-05-22,D1,3
Pfizer,8,2021-05-22,D2,0
Pfizer,8,2021-05-22,DU,0
Pfizer,8,2021-05-22,R,0
Pfizer,8,2021-05-24,D1,18
Pfizer,8,2021-05-24,D2,0
Pfizer,8,2021-05-24,DU,0
Pfizer,8,2021-05-24,R,0
Pfizer,8,2021-05-25,D1,488
Pfizer,8,2021-05-25,D2,0
Pfizer,8,2021-05-25,DU,0
Pfizer,8,2021-05-25,R,0
Pfizer,8,2021-05-26,D1,431
Pfizer,8,2021-05-26,D2,0
Pfizer,8,2021-05-26,DU,0
Pfizer,8,2021-05-26,R,0
Pfizer,8,2021-05-27,D1,383
Pfizer,8,2021-05-27,D2,1
Pfizer,8,2021-05-27,DU,0
Pfizer,8,2021-05-27,R,0
Pfizer,8,2021-05-28,D1,176
Pfizer,8,2021-05-28,D2,0
Pfizer,8,2021-05-28,DU,0
Pfizer,8,2021-05-28,R,0
Pfizer,8,2021-05-29,D1,35
Pfizer,8,2021-05-29,D2,0
Pfizer,8,2021-05-29,DU,0
Pfizer,8,2021-05-29,R,0
Pfizer,8,2021-05-31,D1,11
Pfizer,8,2021-05-31,D2,0
Pfizer,8,2021-05-31,DU,0
Pfizer,8,2021-05-31,R,0
Pfizer,8,2021-06-01,D1,4
Pfizer,8,2021-06-01,D2,0
Pfizer,8,2021-06-01,DU,0
Pfizer,8,2021-06-01,R,0
Pfizer,8,2021-06-02,D1,281
Pfizer,8,2021-06-02,D2,0
Pfizer,8,2021-06-02,DU,0
Pfizer,8,2021-06-02,R,0
Pfizer,8,2021-06-03,D1,242
Pfizer,8,2021-06-03,D2,0
Pfizer,8,2021-06-03,DU,0
Pfizer,8,2021-06-03,R,0
Pfizer,8,2021-06-04,D1,138
Pfizer,8,2021-06-04,D2,0
Pfizer,8,2021-06-04,DU,0
Pfizer,8,2021-06-04,R,0
Pfizer,8,2021-06-05,D1,108
Pfizer,8,2021-06-05,D2,1
Pfizer,8,2021-06-05,DU,0
Pfizer,8,2021-06-05,R,0
Pfizer,8,2021-06-06,D1,1
Pfizer,8,2021-06-06,D2,0
Pfizer,8,2021-06-06,DU,0
Pfizer,8,2021-06-06,R,0
Pfizer,8,2021-06-07,D1,257
Pfizer,8,2021-06-07,D2,0
Pfizer,8,2021-06-07,DU,0
Pfizer,8,2021-06-07,R,0
Pfizer,8,2021-06-08,D1,186
Pfizer,8,2021-06-08,D2,1
Pfizer,8,2021-06-08,DU,0
Pfizer,8,2021-06-08,R,0
Pfizer,8,2021-06-09,D1,142
Pfizer,8,2021-06-09,D2,0
Pfizer,8,2021-06-09,DU,0
Pfizer,8,2021-06-09,R,0
Pfizer,8,2021-06-10,D1,108
Pfizer,8,2021-06-10,D2,0
Pfizer,8,2021-06-10,DU,0
Pfizer,8,2021-06-10,R,0
Pfizer,8,2021-06-11,D1,103
Pfizer,8,2021-06-11,D2,0
Pfizer,8,2021-06-11,DU,0
Pfizer,8,2021-06-11,R,0
Pfizer,8,2021-06-12,D1,62
Pfizer,8,2021-06-12,D2,0
Pfizer,8,2021-06-12,DU,0
Pfizer,8,2021-06-12,R,1
Pfizer,8,2021-06-13,D1,2
Pfizer,8,2021-06-13,D2,0
Pfizer,8,2021-06-13,DU,0
Pfizer,8,2021-06-13,R,0
Pfizer,8,2021-06-14,D1,269
Pfizer,8,2021-06-14,D2,0
Pfizer,8,2021-06-14,DU,0
Pfizer,8,2021-06-14,R,0
Pfizer,8,2021-06-15,D1,220
Pfizer,8,2021-06-15,D2,1
Pfizer,8,2021-06-15,DU,0
Pfizer,8,2021-06-15,R,0
Pfizer,8,2021-06-16,D1,97
Pfizer,8,2021-06-16,D2,0
Pfizer,8,2021-06-16,DU,0
Pfizer,8,2021-06-16,R,0
Pfizer,8,2021-06-17,D1,76
Pfizer,8,2021-06-17,D2,0
Pfizer,8,2021-06-17,DU,0
Pfizer,8,2021-06-17,R,0
Pfizer,8,2021-06-18,D1,30
Pfizer,8,2021-06-18,D2,0
Pfizer,8,2021-06-18,DU,0
Pfizer,8,2021-06-18,R,0
Pfizer,8,2021-06-19,D1,107
Pfizer,8,2021-06-19,D2,0
Pfizer,8,2021-06-19,DU,0
Pfizer,8,2021-06-19,R,0
Pfizer,8,2021-06-20,D1,2
Pfizer,8,2021-06-20,D2,0
Pfizer,8,2021-06-20,DU,0
Pfizer,8,2021-06-20,R,0
Pfizer,8,2021-06-21,D1,170
Pfizer,8,2021-06-21,D2,1
Pfizer,8,2021-06-21,DU,0
Pfizer,8,2021-06-21,R,0
Pfizer,8,2021-06-22,D1,242
Pfizer,8,2021-06-22,D2,0
Pfizer,8,2021-06-22,DU,0
Pfizer,8,2021-06-22,R,0
Pfizer,8,2021-06-23,D1,193
Pfizer,8,2021-06-23,D2,0
Pfizer,8,2021-06-23,DU,0
Pfizer,8,2021-06-23,R,0
Pfizer,8,2021-06-24,D1,197
Pfizer,8,2021-06-24,D2,2
Pfizer,8,2021-06-24,DU,0
Pfizer,8,2021-06-24,R,1
Pfizer,8,2021-06-25,D1,376
Pfizer,8,2021-06-25,D2,1
Pfizer,8,2021-06-25,DU,0
Pfizer,8,2021-06-25,R,1
Pfizer,8,2021-06-26,D1,164
Pfizer,8,2021-06-26,D2,1
Pfizer,8,2021-06-26,DU,0
Pfizer,8,2021-06-26,R,0
Pfizer,8,2021-06-27,D1,7
Pfizer,8,2021-06-27,D2,0
Pfizer,8,2021-06-27,DU,0
Pfizer,8,2021-06-27,R,0
Pfizer,8,2021-06-28,D1,268
Pfizer,8,2021-06-28,D2,2
Pfizer,8,2021-06-28,DU,0
Pfizer,8,2021-06-28,R,0
Pfizer,8,2021-06-29,D1,155
Pfizer,8,2021-06-29,D2,3
Pfizer,8,2021-06-29,DU,0
Pfizer,8,2021-06-29,R,1
Pfizer,8,2021-06-30,D1,93
Pfizer,8,2021-06-30,D2,0
Pfizer,8,2021-06-30,DU,0
Pfizer,8,2021-06-30,R,0
Pfizer,8,2021-07-01,D1,64
Pfizer,8,2021-07-01,D2,0
Pfizer,8,2021-07-01,DU,0
Pfizer,8,2021-07-01,R,0
Pfizer,8,2021-07-02,D1,84
Pfizer,8,2021-07-02,D2,0
Pfizer,8,2021-07-02,DU,0
Pfizer,8,2021-07-02,R,0
Pfizer,8,2021-07-03,D1,28
Pfizer,8,2021-07-03,D2,0
Pfizer,8,2021-07-03,DU,0
Pfizer,8,2021-07-03,R,0
Pfizer,8,2021-07-04,D1,2
Pfizer,8,2021-07-04,D2,0
Pfizer,8,2021-07-04,DU,0
Pfizer,8,2021-07-04,R,0
Pfizer,8,2021-07-05,D1,206
Pfizer,8,2021-07-05,D2,1
Pfizer,8,2021-07-05,DU,0
Pfizer,8,2021-07-05,R,0
Pfizer,8,2021-07-06,D1,135
Pfizer,8,2021-07-06,D2,0
Pfizer,8,2021-07-06,DU,0
Pfizer,8,2021-07-06,R,2
Pfizer,8,2021-07-07,D1,176
Pfizer,8,2021-07-07,D2,1
Pfizer,8,2021-07-07,DU,0
Pfizer,8,2021-07-07,R,0
Pfizer,8,2021-07-08,D1,207
Pfizer,8,2021-07-08,D2,2
Pfizer,8,2021-07-08,DU,0
Pfizer,8,2021-07-08,R,1
Pfizer,8,2021-07-09,D1,118
Pfizer,8,2021-07-09,D2,0
Pfizer,8,2021-07-09,DU,0
Pfizer,8,2021-07-09,R,0
Pfizer,8,2021-07-10,D1,32
Pfizer,8,2021-07-10,D2,0
Pfizer,8,2021-07-10,DU,0
Pfizer,8,2021-07-10,R,0
Pfizer,8,2021-07-11,D1,4
Pfizer,8,2021-07-11,D2,0
Pfizer,8,2021-07-11,DU,0
Pfizer,8,2021-07-11,R,0
Pfizer,8,2021-07-12,D1,105
Pfizer,8,2021-07-12,D2,0
Pfizer,8,2021-07-12,DU,0
Pfizer,8,2021-07-12,R,0
Pfizer,8,2021-07-13,D1,66
Pfizer,8,2021-07-13,D2,3
Pfizer,8,2021-07-13,DU,0
Pfizer,8,2021-07-13,R,0
Pfizer,8,2021-07-14,D1,186
Pfizer,8,2021-07-14,D2,1
Pfizer,8,2021-07-14,DU,0
Pfizer,8,2021-07-14,R,0
Pfizer,8,2021-07-15,D1,245
Pfizer,8,2021-07-15,D2,4
Pfizer,8,2021-07-15,DU,0
Pfizer,8,2021-07-15,R,0
Pfizer,8,2021-07-16,D1,145
Pfizer,8,2021-07-16,D2,5
Pfizer,8,2021-07-16,DU,0
Pfizer,8,2021-07-16,R,0
Pfizer,8,2021-07-17,D1,113
Pfizer,8,2021-07-17,D2,0
Pfizer,8,2021-07-17,DU,0
Pfizer,8,2021-07-17,R,0
Pfizer,8,2021-07-18,D1,1
Pfizer,8,2021-07-18,D2,0
Pfizer,8,2021-07-18,DU,0
Pfizer,8,2021-07-18,R,0
Pfizer,8,2021-07-19,D1,38
Pfizer,8,2021-07-19,D2,3
Pfizer,8,2021-07-19,DU,0
Pfizer,8,2021-07-19,R,0
Pfizer,8,2021-07-20,D1,32
Pfizer,8,2021-07-20,D2,3
Pfizer,8,2021-07-20,DU,0
Pfizer,8,2021-07-20,R,0
Pfizer,8,2021-07-21,D1,15
Pfizer,8,2021-07-21,D2,0
Pfizer,8,2021-07-21,DU,0
Pfizer,8,2021-07-21,R,1
Pfizer,8,2021-07-22,D1,42
Pfizer,8,2021-07-22,D2,10
Pfizer,8,2021-07-22,DU,0
Pfizer,8,2021-07-22,R,0
Pfizer,8,2021-07-23,D1,31
Pfizer,8,2021-07-23,D2,2
Pfizer,8,2021-07-23,DU,0
Pfizer,8,2021-07-23,R,0
Pfizer,8,2021-07-24,D1,19
Pfizer,8,2021-07-24,D2,4
Pfizer,8,2021-07-24,DU,0
Pfizer,8,2021-07-24,R,0
Pfizer,8,2021-07-26,D1,27
Pfizer,8,2021-07-26,D2,9
Pfizer,8,2021-07-26,DU,0
Pfizer,8,2021-07-26,R,0
Pfizer,8,2021-07-27,D1,94
Pfizer,8,2021-07-27,D2,94
Pfizer,8,2021-07-27,DU,0
Pfizer,8,2021-07-27,R,0
Pfizer,8,2021-07-28,D1,23
Pfizer,8,2021-07-28,D2,217
Pfizer,8,2021-07-28,DU,0
Pfizer,8,2021-07-28,R,0
Pfizer,8,2021-07-29,D1,163
Pfizer,8,2021-07-29,D2,21178
Pfizer,8,2021-07-29,DU,0
Pfizer,8,2021-07-29,R,0
Pfizer,8,2021-07-30,D1,78
Pfizer,8,2021-07-30,D2,3114
Pfizer,8,2021-07-30,DU,0
Pfizer,8,2021-07-30,R,0
Pfizer,8,2021-07-31,D1,24
Pfizer,8,2021-07-31,D2,858
Pfizer,8,2021-07-31,DU,0
Pfizer,8,2021-07-31,R,0
Pfizer,8,2021-08-01,D1,1
Pfizer,8,2021-08-01,D2,0
Pfizer,8,2021-08-01,DU,0
Pfizer,8,2021-08-01,R,0
Pfizer,8,2021-08-02,D1,58
Pfizer,8,2021-08-02,D2,1042
Pfizer,8,2021-08-02,DU,0
Pfizer,8,2021-08-02,R,0
Pfizer,8,2021-08-03,D1,46
Pfizer,8,2021-08-03,D2,567
Pfizer,8,2021-08-03,DU,0
Pfizer,8,2021-08-03,R,0
Pfizer,8,2021-08-04,D1,47
Pfizer,8,2021-08-04,D2,500
Pfizer,8,2021-08-04,DU,0
Pfizer,8,2021-08-04,R,0
Pfizer,8,2021-08-05,D1,40
Pfizer,8,2021-08-05,D2,377
Pfizer,8,2021-08-05,DU,0
Pfizer,8,2021-08-05,R,0
Pfizer,8,2021-08-06,D1,86
Pfizer,8,2021-08-06,D2,1792
Pfizer,8,2021-08-06,DU,0
Pfizer,8,2021-08-06,R,0
Pfizer,8,2021-08-07,D1,51
Pfizer,8,2021-08-07,D2,503
Pfizer,8,2021-08-07,DU,0
Pfizer,8,2021-08-07,R,0
Pfizer,8,2021-08-08,D1,1
Pfizer,8,2021-08-08,D2,2
Pfizer,8,2021-08-08,DU,0
Pfizer,8,2021-08-08,R,0
Pfizer,8,2021-08-09,D1,76
Pfizer,8,2021-08-09,D2,657
Pfizer,8,2021-08-09,DU,0
Pfizer,8,2021-08-09,R,0
Pfizer,8,2021-08-10,D1,57
Pfizer,8,2021-08-10,D2,470
Pfizer,8,2021-08-10,DU,0
Pfizer,8,2021-08-10,R,0
Pfizer,8,2021-08-11,D1,69
Pfizer,8,2021-08-11,D2,374
Pfizer,8,2021-08-11,DU,0
Pfizer,8,2021-08-11,R,0
Pfizer,8,2021-08-12,D1,72
Pfizer,8,2021-08-12,D2,216
Pfizer,8,2021-08-12,DU,0
Pfizer,8,2021-08-12,R,0
Pfizer,8,2021-08-13,D1,153
Pfizer,8,2021-08-13,D2,161
Pfizer,8,2021-08-13,DU,0
Pfizer,8,2021-08-13,R,0
Pfizer,8,2021-08-14,D1,101
Pfizer,8,2021-08-14,D2,107
Pfizer,8,2021-08-14,DU,0
Pfizer,8,2021-08-14,R,0
Pfizer,8,2021-08-15,D1,30
Pfizer,8,2021-08-15,D2,41
Pfizer,8,2021-08-15,DU,0
Pfizer,8,2021-08-15,R,0
Pfizer,8,2021-08-16,D1,86
Pfizer,8,2021-08-16,D2,123
Pfizer,8,2021-08-16,DU,0
Pfizer,8,2021-08-16,R,0
Pfizer,8,2021-08-17,D1,75
Pfizer,8,2021-08-17,D2,344
Pfizer,8,2021-08-17,DU,0
Pfizer,8,2021-08-17,R,1
Pfizer,8,2021-08-18,D1,30
Pfizer,8,2021-08-18,D2,417
Pfizer,8,2021-08-18,DU,0
Pfizer,8,2021-08-18,R,0
Pfizer,8,2021-08-19,D1,64
Pfizer,8,2021-08-19,D2,371
Pfizer,8,2021-08-19,DU,0
Pfizer,8,2021-08-19,R,0
Pfizer,8,2021-08-20,D1,37
Pfizer,8,2021-08-20,D2,207
Pfizer,8,2021-08-20,DU,0
Pfizer,8,2021-08-20,R,0
Pfizer,8,2021-08-21,D1,44
Pfizer,8,2021-08-21,D2,34
Pfizer,8,2021-08-21,DU,0
Pfizer,8,2021-08-21,R,0
Pfizer,8,2021-08-22,D1,6
Pfizer,8,2021-08-22,D2,0
Pfizer,8,2021-08-22,DU,0
Pfizer,8,2021-08-22,R,4
Pfizer,8,2021-08-23,D1,25
Pfizer,8,2021-08-23,D2,131
Pfizer,8,2021-08-23,DU,0
Pfizer,8,2021-08-23,R,0
Pfizer,8,2021-08-24,D1,22
Pfizer,8,2021-08-24,D2,78
Pfizer,8,2021-08-24,DU,0
Pfizer,8,2021-08-24,R,0
Pfizer,8,2021-08-25,D1,24
Pfizer,8,2021-08-25,D2,249
Pfizer,8,2021-08-25,DU,0
Pfizer,8,2021-08-25,R,0
Pfizer,8,2021-08-26,D1,28
Pfizer,8,2021-08-26,D2,188
Pfizer,8,2021-08-26,DU,0
Pfizer,8,2021-08-26,R,0
Pfizer,8,2021-08-27,D1,27
Pfizer,8,2021-08-27,D2,164
Pfizer,8,2021-08-27,DU,0
Pfizer,8,2021-08-27,R,1
Pfizer,8,2021-08-28,D1,8
Pfizer,8,2021-08-28,D2,101
Pfizer,8,2021-08-28,DU,0
Pfizer,8,2021-08-28,R,5
Pfizer,8,2021-08-29,D1,2
Pfizer,8,2021-08-29,D2,5
Pfizer,8,2021-08-29,DU,0
Pfizer,8,2021-08-29,R,1
Pfizer,8,2021-08-30,D1,59
Pfizer,8,2021-08-30,D2,232
Pfizer,8,2021-08-30,DU,0
Pfizer,8,2021-08-30,R,0
Pfizer,8,2021-08-31,D1,60
Pfizer,8,2021-08-31,D2,185
Pfizer,8,2021-08-31,DU,0
Pfizer,8,2021-08-31,R,0
Pfizer,8,2021-09-01,D1,62
Pfizer,8,2021-09-01,D2,142
Pfizer,8,2021-09-01,DU,0
Pfizer,8,2021-09-01,R,1
Pfizer,8,2021-09-02,D1,66
Pfizer,8,2021-09-02,D2,134
Pfizer,8,2021-09-02,DU,0
Pfizer,8,2021-09-02,R,1
Pfizer,8,2021-09-03,D1,58
Pfizer,8,2021-09-03,D2,134
Pfizer,8,2021-09-03,DU,0
Pfizer,8,2021-09-03,R,2
Pfizer,8,2021-09-04,D1,16
Pfizer,8,2021-09-04,D2,50
Pfizer,8,2021-09-04,DU,0
Pfizer,8,2021-09-04,R,0
Pfizer,8,2021-09-05,D1,3
Pfizer,8,2021-09-05,D2,0
Pfizer,8,2021-09-05,DU,0
Pfizer,8,2021-09-05,R,0
Pfizer,8,2021-09-06,D1,10
Pfizer,8,2021-09-06,D2,178
Pfizer,8,2021-09-06,DU,0
Pfizer,8,2021-09-06,R,2
Pfizer,8,2021-09-07,D1,5
Pfizer,8,2021-09-07,D2,13
Pfizer,8,2021-09-07,DU,0
Pfizer,8,2021-09-07,R,0
Pfizer,8,2021-09-08,D1,17
Pfizer,8,2021-09-08,D2,175
Pfizer,8,2021-09-08,DU,0
Pfizer,8,2021-09-08,R,4
Pfizer,8,2021-09-09,D1,15
Pfizer,8,2021-09-09,D2,112
Pfizer,8,2021-09-09,DU,0
Pfizer,8,2021-09-09,R,17
Pfizer,8,2021-09-10,D1,22
Pfizer,8,2021-09-10,D2,86
Pfizer,8,2021-09-10,DU,0
Pfizer,8,2021-09-10,R,8
Pfizer,8,2021-09-11,D1,7
Pfizer,8,2021-09-11,D2,48
Pfizer,8,2021-09-11,DU,0
Pfizer,8,2021-09-11,R,6
Pfizer,8,2021-09-12,D1,1
Pfizer,8,2021-09-12,D2,9
Pfizer,8,2021-09-12,DU,0
Pfizer,8,2021-09-12,R,1
Pfizer,8,2021-09-13,D1,34
Pfizer,8,2021-09-13,D2,340
Pfizer,8,2021-09-13,DU,0
Pfizer,8,2021-09-13,R,9
Pfizer,8,2021-09-14,D1,30
Pfizer,8,2021-09-14,D2,533
Pfizer,8,2021-09-14,DU,0
Pfizer,8,2021-09-14,R,24
Pfizer,8,2021-09-15,D1,27
Pfizer,8,2021-09-15,D2,410
Pfizer,8,2021-09-15,DU,0
Pfizer,8,2021-09-15,R,58
Pfizer,8,2021-09-16,D1,29
Pfizer,8,2021-09-16,D2,392
Pfizer,8,2021-09-16,DU,0
Pfizer,8,2021-09-16,R,48
Pfizer,8,2021-09-17,D1,31
Pfizer,8,2021-09-17,D2,415
Pfizer,8,2021-09-17,DU,0
Pfizer,8,2021-09-17,R,44
Pfizer,8,2021-09-18,D1,8
Pfizer,8,2021-09-18,D2,108
Pfizer,8,2021-09-18,DU,0
Pfizer,8,2021-09-18,R,19
Pfizer,8,2021-09-19,D1,2
Pfizer,8,2021-09-19,D2,6
Pfizer,8,2021-09-19,DU,0
Pfizer,8,2021-09-19,R,2
Pfizer,8,2021-09-20,D1,32
Pfizer,8,2021-09-20,D2,335
Pfizer,8,2021-09-20,DU,0
Pfizer,8,2021-09-20,R,133
Pfizer,8,2021-09-21,D1,26
Pfizer,8,2021-09-21,D2,305
Pfizer,8,2021-09-21,DU,0
Pfizer,8,2021-09-21,R,119
Pfizer,8,2021-09-22,D1,32
Pfizer,8,2021-09-22,D2,293
Pfizer,8,2021-09-22,DU,0
Pfizer,8,2021-09-22,R,130
Pfizer,8,2021-09-23,D1,19
Pfizer,8,2021-09-23,D2,188
Pfizer,8,2021-09-23,DU,0
Pfizer,8,2021-09-23,R,143
Pfizer,8,2021-09-24,D1,13
Pfizer,8,2021-09-24,D2,271
Pfizer,8,2021-09-24,DU,0
Pfizer,8,2021-09-24,R,210
Pfizer,8,2021-09-25,D1,12
Pfizer,8,2021-09-25,D2,120
Pfizer,8,2021-09-25,DU,0
Pfizer,8,2021-09-25,R,78
Pfizer,8,2021-09-26,D1,1
Pfizer,8,2021-09-26,D2,6
Pfizer,8,2021-09-26,DU,0
Pfizer,8,2021-09-26,R,7
Pfizer,8,2021-09-27,D1,28
Pfizer,8,2021-09-27,D2,323
Pfizer,8,2021-09-27,DU,0
Pfizer,8,2021-09-27,R,384
Pfizer,8,2021-09-28,D1,36
Pfizer,8,2021-09-28,D2,352
Pfizer,8,2021-09-28,DU,0
Pfizer,8,2021-09-28,R,330
Pfizer,8,2021-09-29,D1,15
Pfizer,8,2021-09-29,D2,303
Pfizer,8,2021-09-29,DU,0
Pfizer,8,2021-09-29,R,319
Pfizer,8,2021-09-30,D1,19
Pfizer,8,2021-09-30,D2,252
Pfizer,8,2021-09-30,DU,0
Pfizer,8,2021-09-30,R,319
Pfizer,8,2021-10-01,D1,12
Pfizer,8,2021-10-01,D2,188
Pfizer,8,2021-10-01,DU,0
Pfizer,8,2021-10-01,R,322
Pfizer,8,2021-10-02,D1,15
Pfizer,8,2021-10-02,D2,184
Pfizer,8,2021-10-02,DU,0
Pfizer,8,2021-10-02,R,409
Pfizer,8,2021-10-03,D1,0
Pfizer,8,2021-10-03,D2,5
Pfizer,8,2021-10-03,DU,0
Pfizer,8,2021-10-03,R,10
Pfizer,8,2021-10-04,D1,16
Pfizer,8,2021-10-04,D2,171
Pfizer,8,2021-10-04,DU,0
Pfizer,8,2021-10-04,R,4012
Pfizer,8,2021-10-05,D1,21
Pfizer,8,2021-10-05,D2,187
Pfizer,8,2021-10-05,DU,0
Pfizer,8,2021-10-05,R,2741
Pfizer,8,2021-10-06,D1,42
Pfizer,8,2021-10-06,D2,182
Pfizer,8,2021-10-06,DU,0
Pfizer,8,2021-10-06,R,2182
Pfizer,8,2021-10-07,D1,36
Pfizer,8,2021-10-07,D2,165
Pfizer,8,2021-10-07,DU,0
Pfizer,8,2021-10-07,R,1577
Pfizer,8,2021-10-08,D1,31
Pfizer,8,2021-10-08,D2,148
Pfizer,8,2021-10-08,DU,0
Pfizer,8,2021-10-08,R,1471
Pfizer,8,2021-10-09,D1,11
Pfizer,8,2021-10-09,D2,59
Pfizer,8,2021-10-09,DU,0
Pfizer,8,2021-10-09,R,260
Pfizer,8,2021-10-10,D1,1
Pfizer,8,2021-10-10,D2,0
Pfizer,8,2021-10-10,DU,0
Pfizer,8,2021-10-10,R,52
Pfizer,8,2021-10-11,D1,7
Pfizer,8,2021-10-11,D2,21
Pfizer,8,2021-10-11,DU,0
Pfizer,8,2021-10-11,R,257
Pfizer,8,2021-10-12,D1,3
Pfizer,8,2021-10-12,D2,8
Pfizer,8,2021-10-12,DU,0
Pfizer,8,2021-10-12,R,154
Pfizer,8,2021-10-13,D1,40
Pfizer,8,2021-10-13,D2,111
Pfizer,8,2021-10-13,DU,0
Pfizer,8,2021-10-13,R,1569
Pfizer,8,2021-10-14,D1,41
Pfizer,8,2021-10-14,D2,123
Pfizer,8,2021-10-14,DU,0
Pfizer,8,2021-10-14,R,1708
Pfizer,8,2021-10-15,D1,50
Pfizer,8,2021-10-15,D2,77
Pfizer,8,2021-10-15,DU,0
Pfizer,8,2021-10-15,R,2108
Pfizer,8,2021-10-16,D1,33
Pfizer,8,2021-10-16,D2,68
Pfizer,8,2021-10-16,DU,0
Pfizer,8,2021-10-16,R,3747
Pfizer,8,2021-10-17,D1,4
Pfizer,8,2021-10-17,D2,1
Pfizer,8,2021-10-17,DU,0
Pfizer,8,2021-10-17,R,65
Pfizer,8,2021-10-18,D1,32
Pfizer,8,2021-10-18,D2,90
Pfizer,8,2021-10-18,DU,0
Pfizer,8,2021-10-18,R,3835
Pfizer,8,2021-10-19,D1,27
Pfizer,8,2021-10-19,D2,111
Pfizer,8,2021-10-19,DU,0
Pfizer,8,2021-10-19,R,4075
Pfizer,8,2021-10-20,D1,43
Pfizer,8,2021-10-20,D2,82
Pfizer,8,2021-10-20,DU,0
Pfizer,8,2021-10-20,R,3752
Pfizer,8,2021-10-21,D1,45
Pfizer,8,2021-10-21,D2,102
Pfizer,8,2021-10-21,DU,0
Pfizer,8,2021-10-21,R,3440
Pfizer,8,2021-10-22,D1,40
Pfizer,8,2021-10-22,D2,119
Pfizer,8,2021-10-22,DU,0
Pfizer,8,2021-10-22,R,4548
Pfizer,8,2021-10-23,D1,23
Pfizer,8,2021-10-23,D2,28
Pfizer,8,2021-10-23,DU,0
Pfizer,8,2021-10-23,R,2336
Pfizer,8,2021-10-24,D1,3
Pfizer,8,2021-10-24,D2,3
Pfizer,8,2021-10-24,DU,0
Pfizer,8,2021-10-24,R,121
Pfizer,8,2021-10-25,D1,44
Pfizer,8,2021-10-25,D2,117
Pfizer,8,2021-10-25,DU,0
Pfizer,8,2021-10-25,R,7738
Pfizer,8,2021-10-26,D1,48
Pfizer,8,2021-10-26,D2,106
Pfizer,8,2021-10-26,DU,0
Pfizer,8,2021-10-26,R,8499
Pfizer,8,2021-10-27,D1,46
Pfizer,8,2021-10-27,D2,92
Pfizer,8,2021-10-27,DU,0
Pfizer,8,2021-10-27,R,7501
Pfizer,8,2021-10-28,D1,46
Pfizer,8,2021-10-28,D2,65
Pfizer,8,2021-10-28,DU,0
Pfizer,8,2021-10-28,R,6337
Pfizer,8,2021-10-29,D1,34
Pfizer,8,2021-10-29,D2,58
Pfizer,8,2021-10-29,DU,0
Pfizer,8,2021-10-29,R,3892
Pfizer,8,2021-10-30,D1,10
Pfizer,8,2021-10-30,D2,19
Pfizer,8,2021-10-30,DU,0
Pfizer,8,2021-10-30,R,1488
Pfizer,8,2021-10-31,D1,1
Pfizer,8,2021-10-31,D2,3
Pfizer,8,2021-10-31,DU,0
Pfizer,8,2021-10-31,R,82
Pfizer,8,2021-11-01,D1,5
Pfizer,8,2021-11-01,D2,13
Pfizer,8,2021-11-01,DU,0
Pfizer,8,2021-11-01,R,1214
Pfizer,8,2021-11-02,D1,3
Pfizer,8,2021-11-02,D2,1
Pfizer,8,2021-11-02,DU,0
Pfizer,8,2021-11-02,R,657
Pfizer,8,2021-11-03,D1,44
Pfizer,8,2021-11-03,D2,124
Pfizer,8,2021-11-03,DU,0
Pfizer,8,2021-11-03,R,8776
Pfizer,8,2021-11-04,D1,45
Pfizer,8,2021-11-04,D2,80
Pfizer,8,2021-11-04,DU,0
Pfizer,8,2021-11-04,R,6997
Pfizer,8,2021-11-05,D1,39
Pfizer,8,2021-11-05,D2,84
Pfizer,8,2021-11-05,DU,0
Pfizer,8,2021-11-05,R,6319
Pfizer,8,2021-11-06,D1,10
Pfizer,8,2021-11-06,D2,26
Pfizer,8,2021-11-06,DU,0
Pfizer,8,2021-11-06,R,1640
Pfizer,8,2021-11-07,D1,3
Pfizer,8,2021-11-07,D2,3
Pfizer,8,2021-11-07,DU,0
Pfizer,8,2021-11-07,R,77
Pfizer,8,2021-11-08,D1,44
Pfizer,8,2021-11-08,D2,87
Pfizer,8,2021-11-08,DU,0
Pfizer,8,2021-11-08,R,6282
Pfizer,8,2021-11-09,D1,38
Pfizer,8,2021-11-09,D2,80
Pfizer,8,2021-11-09,DU,0
Pfizer,8,2021-11-09,R,4834
Pfizer,8,2021-11-10,D1,24
Pfizer,8,2021-11-10,D2,44
Pfizer,8,2021-11-10,DU,0
Pfizer,8,2021-11-10,R,2851
Pfizer,8,2021-11-11,D1,48
Pfizer,8,2021-11-11,D2,87
Pfizer,8,2021-11-11,DU,0
Pfizer,8,2021-11-11,R,3648
Pfizer,8,2021-11-12,D1,38
Pfizer,8,2021-11-12,D2,76
Pfizer,8,2021-11-12,DU,0
Pfizer,8,2021-11-12,R,3970
Pfizer,8,2021-11-13,D1,10
Pfizer,8,2021-11-13,D2,21
Pfizer,8,2021-11-13,DU,0
Pfizer,8,2021-11-13,R,1081
Pfizer,8,2021-11-14,D1,0
Pfizer,8,2021-11-14,D2,2
Pfizer,8,2021-11-14,DU,0
Pfizer,8,2021-11-14,R,53
Pfizer,8,2021-11-15,D1,4
Pfizer,8,2021-11-15,D2,3
Pfizer,8,2021-11-15,DU,0
Pfizer,8,2021-11-15,R,280
Pfizer,8,2021-11-16,D1,35
Pfizer,8,2021-11-16,D2,49
Pfizer,8,2021-11-16,DU,0
Pfizer,8,2021-11-16,R,3459
Pfizer,8,2021-11-17,D1,31
Pfizer,8,2021-11-17,D2,55
Pfizer,8,2021-11-17,DU,0
Pfizer,8,2021-11-17,R,4231
Pfizer,8,2021-11-18,D1,34
Pfizer,8,2021-11-18,D2,0
Pfizer,8,2021-11-18,DU,0
Pfizer,8,2021-11-18,R,5679
Pfizer,8,2021-11-19,D1,0
Pfizer,8,2021-11-19,D2,0
Pfizer,8,2021-11-19,DU,0
Pfizer,8,2021-11-19,R,88
Pfizer,8,2021-11-20,D1,13
Pfizer,8,2021-11-20,D2,2
Pfizer,8,2021-11-20,DU,0
Pfizer,8,2021-11-20,R,2533
Pfizer,8,2021-11-21,D1,1
Pfizer,8,2021-11-21,D2,0
Pfizer,8,2021-11-21,DU,0
Pfizer,8,2021-11-21,R,128
Pfizer,8,2021-11-22,D1,0
Pfizer,8,2021-11-22,D2,0
Pfizer,8,2021-11-22,DU,0
Pfizer,8,2021-11-22,R,57
Pfizer,8,2021-11-23,D1,3
Pfizer,8,2021-11-23,D2,77
Pfizer,8,2021-11-23,DU,0
Pfizer,8,2021-11-23,R,588
Pfizer,8,2021-11-24,D1,2
Pfizer,8,2021-11-24,D2,0
Pfizer,8,2021-11-24,DU,0
Pfizer,8,2021-11-24,R,92
Pfizer,8,2021-11-25,D1,1
Pfizer,8,2021-11-25,D2,0
Pfizer,8,2021-11-25,DU,0
Pfizer,8,2021-11-25,R,38
Pfizer,8,2021-11-26,D1,0
Pfizer,8,2021-11-26,D2,53
Pfizer,8,2021-11-26,DU,0
Pfizer,8,2021-11-26,R,40
Pfizer,8,2021-11-27,D1,0
Pfizer,8,2021-11-27,D2,1
Pfizer,8,2021-11-27,DU,0
Pfizer,8,2021-11-27,R,22
Pfizer,8,2021-11-29,D1,1
Pfizer,8,2021-11-29,D2,1
Pfizer,8,2021-11-29,DU,0
Pfizer,8,2021-11-29,R,35
Pfizer,8,2021-11-30,D1,0
Pfizer,8,2021-11-30,D2,0
Pfizer,8,2021-11-30,DU,0
Pfizer,8,2021-11-30,R,29
Pfizer,8,2021-12-01,D1,0
Pfizer,8,2021-12-01,D2,0
Pfizer,8,2021-12-01,DU,0
Pfizer,8,2021-12-01,R,16
Pfizer,8,2021-12-02,D1,1
Pfizer,8,2021-12-02,D2,71
Pfizer,8,2021-12-02,DU,0
Pfizer,8,2021-12-02,R,28
Pfizer,8,2021-12-03,D1,0
Pfizer,8,2021-12-03,D2,0
Pfizer,8,2021-12-03,DU,0
Pfizer,8,2021-12-03,R,90
Pfizer,8,2021-12-04,D1,20
Pfizer,8,2021-12-04,D2,0
Pfizer,8,2021-12-04,DU,0
Pfizer,8,2021-12-04,R,11302
Pfizer,8,2021-12-05,D1,4
Pfizer,8,2021-12-05,D2,2
Pfizer,8,2021-12-05,DU,0
Pfizer,8,2021-12-05,R,647
Pfizer,8,2021-12-06,D1,0
Pfizer,8,2021-12-06,D2,0
Pfizer,8,2021-12-06,DU,0
Pfizer,8,2021-12-06,R,221
Pfizer,8,2021-12-07,D1,30
Pfizer,8,2021-12-07,D2,9
Pfizer,8,2021-12-07,DU,0
Pfizer,8,2021-12-07,R,18659
Pfizer,8,2021-12-08,D1,0
Pfizer,8,2021-12-08,D2,0
Pfizer,8,2021-12-08,DU,0
Pfizer,8,2021-12-08,R,201
Pfizer,8,2021-12-09,D1,0
Pfizer,8,2021-12-09,D2,0
Pfizer,8,2021-12-09,DU,0
Pfizer,8,2021-12-09,R,134
Pfizer,8,2021-12-10,D1,0
Pfizer,8,2021-12-10,D2,0
Pfizer,8,2021-12-10,DU,0
Pfizer,8,2021-12-10,R,133
Pfizer,8,2021-12-11,D1,0
Pfizer,8,2021-12-11,D2,0
Pfizer,8,2021-12-11,DU,0
Pfizer,8,2021-12-11,R,65
Pfizer,8,2021-12-12,D1,0
Pfizer,8,2021-12-12,D2,0
Pfizer,8,2021-12-12,DU,0
Pfizer,8,2021-12-12,R,69
Pfizer,8,2021-12-13,D1,0
Pfizer,8,2021-12-13,D2,0
Pfizer,8,2021-12-13,DU,0
Pfizer,8,2021-12-13,R,168
Pfizer,8,2021-12-14,D1,36
Pfizer,8,2021-12-14,D2,3
Pfizer,8,2021-12-14,DU,7
Pfizer,8,2021-12-14,R,16713
Pfizer,8,2021-12-15,D1,0
Pfizer,8,2021-12-15,D2,0
Pfizer,8,2021-12-15,DU,0
Pfizer,8,2021-12-15,R,135
Pfizer,8,2021-12-16,D1,0
Pfizer,8,2021-12-16,D2,0
Pfizer,8,2021-12-16,DU,0
Pfizer,8,2021-12-16,R,138
Pfizer,8,2021-12-17,D1,29
Pfizer,8,2021-12-17,D2,30
Pfizer,8,2021-12-17,DU,0
Pfizer,8,2021-12-17,R,9702
Pfizer,8,2021-12-18,D1,0
Pfizer,8,2021-12-18,D2,0
Pfizer,8,2021-12-18,DU,0
Pfizer,8,2021-12-18,R,57
Pfizer,8,2021-12-19,D1,2
Pfizer,8,2021-12-19,D2,0
Pfizer,8,2021-12-19,DU,0
Pfizer,8,2021-12-19,R,301
Pfizer,8,2021-12-20,D1,6
Pfizer,8,2021-12-20,D2,7
Pfizer,8,2021-12-20,DU,0
Pfizer,8,2021-12-20,R,3104
Pfizer,8,2021-12-21,D1,0
Pfizer,8,2021-12-21,D2,0
Pfizer,8,2021-12-21,DU,0
Pfizer,8,2021-12-21,R,94
Pfizer,8,2021-12-22,D1,1
Pfizer,8,2021-12-22,D2,0
Pfizer,8,2021-12-22,DU,0
Pfizer,8,2021-12-22,R,84
Pfizer,8,2021-12-23,D1,8
Pfizer,8,2021-12-23,D2,5
Pfizer,8,2021-12-23,DU,0
Pfizer,8,2021-12-23,R,2240
Pfizer,8,2021-12-26,D1,0
Pfizer,8,2021-12-26,D2,0
Pfizer,8,2021-12-26,DU,0
Pfizer,8,2021-12-26,R,56
Pfizer,8,2021-12-27,D1,24
Pfizer,8,2021-12-27,D2,15
Pfizer,8,2021-12-27,DU,0
Pfizer,8,2021-12-27,R,7236
Pfizer,8,2021-12-28,D1,21
Pfizer,8,2021-12-28,D2,32
Pfizer,8,2021-12-28,DU,0
Pfizer,8,2021-12-28,R,7594
Pfizer,8,2021-12-29,D1,0
Pfizer,8,2021-12-29,D2,0
Pfizer,8,2021-12-29,DU,0
Pfizer,8,2021-12-29,R,64
Pfizer,8,2021-12-30,D1,0
Pfizer,8,2021-12-30,D2,0
Pfizer,8,2021-12-30,DU,0
Pfizer,8,2021-12-30,R,7
Pfizer,8,2022-01-03,D1,12
Pfizer,8,2022-01-03,D2,5
Pfizer,8,2022-01-03,DU,0
Pfizer,8,2022-01-03,R,4047
Pfizer,8,2022-01-04,D1,21
Pfizer,8,2022-01-04,D2,19
Pfizer,8,2022-01-04,DU,0
Pfizer,8,2022-01-04,R,8088
Pfizer,8,2022-01-05,D1,1
Pfizer,8,2022-01-05,D2,0
Pfizer,8,2022-01-05,DU,0
Pfizer,8,2022-01-05,R,108
Pfizer,8,2022-01-06,D1,0
Pfizer,8,2022-01-06,D2,0
Pfizer,8,2022-01-06,DU,0
Pfizer,8,2022-01-06,R,27
Pfizer,8,2022-01-07,D1,0
Pfizer,8,2022-01-07,D2,0
Pfizer,8,2022-01-07,DU,0
Pfizer,8,2022-01-07,R,35
Pfizer,8,2022-01-08,D1,1
Pfizer,8,2022-01-08,D2,0
Pfizer,8,2022-01-08,DU,0
Pfizer,8,2022-01-08,R,110
Pfizer,8,2022-01-09,D1,0
Pfizer,8,2022-01-09,D2,0
Pfizer,8,2022-01-09,DU,0
Pfizer,8,2022-01-09,R,3
Pfizer,8,2022-01-10,D1,25
Pfizer,8,2022-01-10,D2,19
Pfizer,8,2022-01-10,DU,0
Pfizer,8,2022-01-10,R,4830
Pfizer,8,2022-01-11,D1,23
Pfizer,8,2022-01-11,D2,12
Pfizer,8,2022-01-11,DU,0
Pfizer,8,2022-01-11,R,3954
Pfizer,8,2022-01-12,D1,0
Pfizer,8,2022-01-12,D2,0
Pfizer,8,2022-01-12,DU,0
Pfizer,8,2022-01-12,R,62
Pfizer,8,2022-01-13,D1,28
Pfizer,8,2022-01-13,D2,11
Pfizer,8,2022-01-13,DU,0
Pfizer,8,2022-01-13,R,4911
Pfizer,8,2022-01-14,D1,1
Pfizer,8,2022-01-14,D2,1
Pfizer,8,2022-01-14,DU,0
Pfizer,8,2022-01-14,R,320
Pfizer,9,2021-03-05,D1,1
Pfizer,9,2021-03-05,D2,0
Pfizer,9,2021-03-05,DU,0
Pfizer,9,2021-03-05,R,0
Pfizer,9,2021-03-19,D1,1
Pfizer,9,2021-03-19,D2,0
Pfizer,9,2021-03-19,DU,0
Pfizer,9,2021-03-19,R,0
Pfizer,9,2021-03-26,D1,1
Pfizer,9,2021-03-26,D2,0
Pfizer,9,2021-03-26,DU,0
Pfizer,9,2021-03-26,R,0
Pfizer,9,2021-03-29,D1,0
Pfizer,9,2021-03-29,D2,0
Pfizer,9,2021-03-29,DU,0
Pfizer,9,2021-03-29,R,1
Pfizer,9,2021-04-06,D1,0
Pfizer,9,2021-04-06,D2,0
Pfizer,9,2021-04-06,DU,0
Pfizer,9,2021-04-06,R,1
Pfizer,9,2021-04-09,D1,0
Pfizer,9,2021-04-09,D2,1
Pfizer,9,2021-04-09,DU,0
Pfizer,9,2021-04-09,R,0
Pfizer,9,2021-05-04,D1,1
Pfizer,9,2021-05-04,D2,0
Pfizer,9,2021-05-04,DU,0
Pfizer,9,2021-05-04,R,0
Pfizer,9,2021-05-06,D1,63
Pfizer,9,2021-05-06,D2,0
Pfizer,9,2021-05-06,DU,0
Pfizer,9,2021-05-06,R,0
Pfizer,9,2021-05-07,D1,19
Pfizer,9,2021-05-07,D2,0
Pfizer,9,2021-05-07,DU,0
Pfizer,9,2021-05-07,R,0
Pfizer,9,2021-05-08,D1,1
Pfizer,9,2021-05-08,D2,1
Pfizer,9,2021-05-08,DU,0
Pfizer,9,2021-05-08,R,1
Pfizer,9,2021-05-13,D1,1
Pfizer,9,2021-05-13,D2,0
Pfizer,9,2021-05-13,DU,0
Pfizer,9,2021-05-13,R,0
Pfizer,9,2021-05-14,D1,71
Pfizer,9,2021-05-14,D2,0
Pfizer,9,2021-05-14,DU,0
Pfizer,9,2021-05-14,R,0
Pfizer,9,2021-05-15,D1,22
Pfizer,9,2021-05-15,D2,1
Pfizer,9,2021-05-15,DU,0
Pfizer,9,2021-05-15,R,0
Pfizer,9,2021-05-17,D1,42
Pfizer,9,2021-05-17,D2,0
Pfizer,9,2021-05-17,DU,0
Pfizer,9,2021-05-17,R,0
Pfizer,9,2021-05-18,D1,30
Pfizer,9,2021-05-18,D2,0
Pfizer,9,2021-05-18,DU,0
Pfizer,9,2021-05-18,R,0
Pfizer,9,2021-05-19,D1,22
Pfizer,9,2021-05-19,D2,0
Pfizer,9,2021-05-19,DU,0
Pfizer,9,2021-05-19,R,0
Pfizer,9,2021-05-20,D1,12
Pfizer,9,2021-05-20,D2,0
Pfizer,9,2021-05-20,DU,0
Pfizer,9,2021-05-20,R,0
Pfizer,9,2021-05-22,D1,0
Pfizer,9,2021-05-22,D2,0
Pfizer,9,2021-05-22,DU,0
Pfizer,9,2021-05-22,R,1
Pfizer,9,2021-05-24,D1,2
Pfizer,9,2021-05-24,D2,0
Pfizer,9,2021-05-24,DU,0
Pfizer,9,2021-05-24,R,0
Pfizer,9,2021-05-25,D1,39
Pfizer,9,2021-05-25,D2,0
Pfizer,9,2021-05-25,DU,0
Pfizer,9,2021-05-25,R,0
Pfizer,9,2021-05-26,D1,38
Pfizer,9,2021-05-26,D2,0
Pfizer,9,2021-05-26,DU,0
Pfizer,9,2021-05-26,R,0
Pfizer,9,2021-05-27,D1,34
Pfizer,9,2021-05-27,D2,0
Pfizer,9,2021-05-27,DU,0
Pfizer,9,2021-05-27,R,1
Pfizer,9,2021-05-28,D1,21
Pfizer,9,2021-05-28,D2,0
Pfizer,9,2021-05-28,DU,0
Pfizer,9,2021-05-28,R,0
Pfizer,9,2021-05-31,D1,1
Pfizer,9,2021-05-31,D2,0
Pfizer,9,2021-05-31,DU,0
Pfizer,9,2021-05-31,R,0
Pfizer,9,2021-06-01,D1,1
Pfizer,9,2021-06-01,D2,0
Pfizer,9,2021-06-01,DU,0
Pfizer,9,2021-06-01,R,1
Pfizer,9,2021-06-02,D1,40
Pfizer,9,2021-06-02,D2,0
Pfizer,9,2021-06-02,DU,0
Pfizer,9,2021-06-02,R,0
Pfizer,9,2021-06-03,D1,27
Pfizer,9,2021-06-03,D2,0
Pfizer,9,2021-06-03,DU,0
Pfizer,9,2021-06-03,R,0
Pfizer,9,2021-06-04,D1,15
Pfizer,9,2021-06-04,D2,0
Pfizer,9,2021-06-04,DU,0
Pfizer,9,2021-06-04,R,0
Pfizer,9,2021-06-05,D1,7
Pfizer,9,2021-06-05,D2,0
Pfizer,9,2021-06-05,DU,0
Pfizer,9,2021-06-05,R,0
Pfizer,9,2021-06-06,D1,1
Pfizer,9,2021-06-06,D2,0
Pfizer,9,2021-06-06,DU,0
Pfizer,9,2021-06-06,R,0
Pfizer,9,2021-06-07,D1,30
Pfizer,9,2021-06-07,D2,0
Pfizer,9,2021-06-07,DU,0
Pfizer,9,2021-06-07,R,0
Pfizer,9,2021-06-08,D1,22
Pfizer,9,2021-06-08,D2,0
Pfizer,9,2021-06-08,DU,0
Pfizer,9,2021-06-08,R,0
Pfizer,9,2021-06-09,D1,17
Pfizer,9,2021-06-09,D2,0
Pfizer,9,2021-06-09,DU,0
Pfizer,9,2021-06-09,R,0
Pfizer,9,2021-06-10,D1,16
Pfizer,9,2021-06-10,D2,0
Pfizer,9,2021-06-10,DU,0
Pfizer,9,2021-06-10,R,0
Pfizer,9,2021-06-11,D1,14
Pfizer,9,2021-06-11,D2,0
Pfizer,9,2021-06-11,DU,0
Pfizer,9,2021-06-11,R,0
Pfizer,9,2021-06-12,D1,5
Pfizer,9,2021-06-12,D2,0
Pfizer,9,2021-06-12,DU,0
Pfizer,9,2021-06-12,R,0
Pfizer,9,2021-06-14,D1,32
Pfizer,9,2021-06-14,D2,0
Pfizer,9,2021-06-14,DU,0
Pfizer,9,2021-06-14,R,0
Pfizer,9,2021-06-15,D1,36
Pfizer,9,2021-06-15,D2,0
Pfizer,9,2021-06-15,DU,0
Pfizer,9,2021-06-15,R,0
Pfizer,9,2021-06-16,D1,20
Pfizer,9,2021-06-16,D2,0
Pfizer,9,2021-06-16,DU,0
Pfizer,9,2021-06-16,R,0
Pfizer,9,2021-06-17,D1,14
Pfizer,9,2021-06-17,D2,0
Pfizer,9,2021-06-17,DU,0
Pfizer,9,2021-06-17,R,0
Pfizer,9,2021-06-18,D1,6
Pfizer,9,2021-06-18,D2,0
Pfizer,9,2021-06-18,DU,0
Pfizer,9,2021-06-18,R,0
Pfizer,9,2021-06-19,D1,2
Pfizer,9,2021-06-19,D2,0
Pfizer,9,2021-06-19,DU,0
Pfizer,9,2021-06-19,R,0
Pfizer,9,2021-06-21,D1,13
Pfizer,9,2021-06-21,D2,0
Pfizer,9,2021-06-21,DU,0
Pfizer,9,2021-06-21,R,0
Pfizer,9,2021-06-22,D1,37
Pfizer,9,2021-06-22,D2,0
Pfizer,9,2021-06-22,DU,0
Pfizer,9,2021-06-22,R,0
Pfizer,9,2021-06-23,D1,39
Pfizer,9,2021-06-23,D2,0
Pfizer,9,2021-06-23,DU,0
Pfizer,9,2021-06-23,R,0
Pfizer,9,2021-06-24,D1,29
Pfizer,9,2021-06-24,D2,1
Pfizer,9,2021-06-24,DU,0
Pfizer,9,2021-06-24,R,0
Pfizer,9,2021-06-25,D1,60
Pfizer,9,2021-06-25,D2,0
Pfizer,9,2021-06-25,DU,0
Pfizer,9,2021-06-25,R,0
Pfizer,9,2021-06-26,D1,23
Pfizer,9,2021-06-26,D2,0
Pfizer,9,2021-06-26,DU,0
Pfizer,9,2021-06-26,R,0
Pfizer,9,2021-06-27,D1,1
Pfizer,9,2021-06-27,D2,0
Pfizer,9,2021-06-27,DU,0
Pfizer,9,2021-06-27,R,0
Pfizer,9,2021-06-28,D1,47
Pfizer,9,2021-06-28,D2,0
Pfizer,9,2021-06-28,DU,0
Pfizer,9,2021-06-28,R,0
Pfizer,9,2021-06-29,D1,30
Pfizer,9,2021-06-29,D2,0
Pfizer,9,2021-06-29,DU,0
Pfizer,9,2021-06-29,R,0
Pfizer,9,2021-06-30,D1,19
Pfizer,9,2021-06-30,D2,0
Pfizer,9,2021-06-30,DU,0
Pfizer,9,2021-06-30,R,0
Pfizer,9,2021-07-01,D1,10
Pfizer,9,2021-07-01,D2,0
Pfizer,9,2021-07-01,DU,0
Pfizer,9,2021-07-01,R,0
Pfizer,9,2021-07-02,D1,17
Pfizer,9,2021-07-02,D2,0
Pfizer,9,2021-07-02,DU,0
Pfizer,9,2021-07-02,R,0
Pfizer,9,2021-07-03,D1,4
Pfizer,9,2021-07-03,D2,0
Pfizer,9,2021-07-03,DU,0
Pfizer,9,2021-07-03,R,0
Pfizer,9,2021-07-04,D1,1
Pfizer,9,2021-07-04,D2,0
Pfizer,9,2021-07-04,DU,0
Pfizer,9,2021-07-04,R,0
Pfizer,9,2021-07-05,D1,38
Pfizer,9,2021-07-05,D2,0
Pfizer,9,2021-07-05,DU,0
Pfizer,9,2021-07-05,R,0
Pfizer,9,2021-07-06,D1,31
Pfizer,9,2021-07-06,D2,0
Pfizer,9,2021-07-06,DU,0
Pfizer,9,2021-07-06,R,0
Pfizer,9,2021-07-07,D1,22
Pfizer,9,2021-07-07,D2,0
Pfizer,9,2021-07-07,DU,0
Pfizer,9,2021-07-07,R,0
Pfizer,9,2021-07-08,D1,48
Pfizer,9,2021-07-08,D2,0
Pfizer,9,2021-07-08,DU,0
Pfizer,9,2021-07-08,R,0
Pfizer,9,2021-07-09,D1,22
Pfizer,9,2021-07-09,D2,0
Pfizer,9,2021-07-09,DU,0
Pfizer,9,2021-07-09,R,0
Pfizer,9,2021-07-10,D1,6
Pfizer,9,2021-07-10,D2,0
Pfizer,9,2021-07-10,DU,0
Pfizer,9,2021-07-10,R,0
Pfizer,9,2021-07-12,D1,18
Pfizer,9,2021-07-12,D2,0
Pfizer,9,2021-07-12,DU,0
Pfizer,9,2021-07-12,R,0
Pfizer,9,2021-07-13,D1,13
Pfizer,9,2021-07-13,D2,0
Pfizer,9,2021-07-13,DU,0
Pfizer,9,2021-07-13,R,0
Pfizer,9,2021-07-14,D1,44
Pfizer,9,2021-07-14,D2,0
Pfizer,9,2021-07-14,DU,0
Pfizer,9,2021-07-14,R,1
Pfizer,9,2021-07-15,D1,55
Pfizer,9,2021-07-15,D2,0
Pfizer,9,2021-07-15,DU,0
Pfizer,9,2021-07-15,R,0
Pfizer,9,2021-07-16,D1,30
Pfizer,9,2021-07-16,D2,0
Pfizer,9,2021-07-16,DU,0
Pfizer,9,2021-07-16,R,0
Pfizer,9,2021-07-17,D1,26
Pfizer,9,2021-07-17,D2,0
Pfizer,9,2021-07-17,DU,0
Pfizer,9,2021-07-17,R,1
Pfizer,9,2021-07-18,D1,2
Pfizer,9,2021-07-18,D2,0
Pfizer,9,2021-07-18,DU,0
Pfizer,9,2021-07-18,R,0
Pfizer,9,2021-07-19,D1,5
Pfizer,9,2021-07-19,D2,0
Pfizer,9,2021-07-19,DU,0
Pfizer,9,2021-07-19,R,0
Pfizer,9,2021-07-20,D1,11
Pfizer,9,2021-07-20,D2,0
Pfizer,9,2021-07-20,DU,0
Pfizer,9,2021-07-20,R,0
Pfizer,9,2021-07-21,D1,4
Pfizer,9,2021-07-21,D2,0
Pfizer,9,2021-07-21,DU,0
Pfizer,9,2021-07-21,R,0
Pfizer,9,2021-07-22,D1,8
Pfizer,9,2021-07-22,D2,0
Pfizer,9,2021-07-22,DU,0
Pfizer,9,2021-07-22,R,0
Pfizer,9,2021-07-23,D1,4
Pfizer,9,2021-07-23,D2,0
Pfizer,9,2021-07-23,DU,0
Pfizer,9,2021-07-23,R,0
Pfizer,9,2021-07-24,D1,1
Pfizer,9,2021-07-24,D2,0
Pfizer,9,2021-07-24,DU,0
Pfizer,9,2021-07-24,R,0
Pfizer,9,2021-07-26,D1,7
Pfizer,9,2021-07-26,D2,0
Pfizer,9,2021-07-26,DU,0
Pfizer,9,2021-07-26,R,0
Pfizer,9,2021-07-27,D1,22
Pfizer,9,2021-07-27,D2,0
Pfizer,9,2021-07-27,DU,0
Pfizer,9,2021-07-27,R,0
Pfizer,9,2021-07-28,D1,4
Pfizer,9,2021-07-28,D2,0
Pfizer,9,2021-07-28,DU,0
Pfizer,9,2021-07-28,R,0
Pfizer,9,2021-07-29,D1,14
Pfizer,9,2021-07-29,D2,43
Pfizer,9,2021-07-29,DU,0
Pfizer,9,2021-07-29,R,0
Pfizer,9,2021-07-30,D1,15
Pfizer,9,2021-07-30,D2,14
Pfizer,9,2021-07-30,DU,0
Pfizer,9,2021-07-30,R,0
Pfizer,9,2021-07-31,D1,3
Pfizer,9,2021-07-31,D2,3
Pfizer,9,2021-07-31,DU,0
Pfizer,9,2021-07-31,R,0
Pfizer,9,2021-08-02,D1,14
Pfizer,9,2021-08-02,D2,5
Pfizer,9,2021-08-02,DU,0
Pfizer,9,2021-08-02,R,0
Pfizer,9,2021-08-03,D1,6
Pfizer,9,2021-08-03,D2,1
Pfizer,9,2021-08-03,DU,0
Pfizer,9,2021-08-03,R,0
Pfizer,9,2021-08-04,D1,13
Pfizer,9,2021-08-04,D2,3
Pfizer,9,2021-08-04,DU,0
Pfizer,9,2021-08-04,R,0
Pfizer,9,2021-08-05,D1,13
Pfizer,9,2021-08-05,D2,2
Pfizer,9,2021-08-05,DU,0
Pfizer,9,2021-08-05,R,0
Pfizer,9,2021-08-06,D1,17
Pfizer,9,2021-08-06,D2,45
Pfizer,9,2021-08-06,DU,0
Pfizer,9,2021-08-06,R,0
Pfizer,9,2021-08-07,D1,2
Pfizer,9,2021-08-07,D2,19
Pfizer,9,2021-08-07,DU,0
Pfizer,9,2021-08-07,R,0
Pfizer,9,2021-08-08,D1,0
Pfizer,9,2021-08-08,D2,1
Pfizer,9,2021-08-08,DU,0
Pfizer,9,2021-08-08,R,0
Pfizer,9,2021-08-09,D1,18
Pfizer,9,2021-08-09,D2,26
Pfizer,9,2021-08-09,DU,0
Pfizer,9,2021-08-09,R,0
Pfizer,9,2021-08-10,D1,12
Pfizer,9,2021-08-10,D2,24
Pfizer,9,2021-08-10,DU,0
Pfizer,9,2021-08-10,R,0
Pfizer,9,2021-08-11,D1,12
Pfizer,9,2021-08-11,D2,18
Pfizer,9,2021-08-11,DU,0
Pfizer,9,2021-08-11,R,0
Pfizer,9,2021-08-12,D1,23
Pfizer,9,2021-08-12,D2,11
Pfizer,9,2021-08-12,DU,0
Pfizer,9,2021-08-12,R,0
Pfizer,9,2021-08-13,D1,26
Pfizer,9,2021-08-13,D2,6
Pfizer,9,2021-08-13,DU,0
Pfizer,9,2021-08-13,R,5
Pfizer,9,2021-08-14,D1,25
Pfizer,9,2021-08-14,D2,4
Pfizer,9,2021-08-14,DU,0
Pfizer,9,2021-08-14,R,0
Pfizer,9,2021-08-15,D1,7
Pfizer,9,2021-08-15,D2,1
Pfizer,9,2021-08-15,DU,0
Pfizer,9,2021-08-15,R,0
Pfizer,9,2021-08-16,D1,22
Pfizer,9,2021-08-16,D2,7
Pfizer,9,2021-08-16,DU,0
Pfizer,9,2021-08-16,R,0
Pfizer,9,2021-08-17,D1,16
Pfizer,9,2021-08-17,D2,28
Pfizer,9,2021-08-17,DU,0
Pfizer,9,2021-08-17,R,1
Pfizer,9,2021-08-18,D1,6
Pfizer,9,2021-08-18,D2,38
Pfizer,9,2021-08-18,DU,0
Pfizer,9,2021-08-18,R,0
Pfizer,9,2021-08-19,D1,15
Pfizer,9,2021-08-19,D2,26
Pfizer,9,2021-08-19,DU,0
Pfizer,9,2021-08-19,R,0
Pfizer,9,2021-08-20,D1,6
Pfizer,9,2021-08-20,D2,14
Pfizer,9,2021-08-20,DU,0
Pfizer,9,2021-08-20,R,0
Pfizer,9,2021-08-21,D1,9
Pfizer,9,2021-08-21,D2,3
Pfizer,9,2021-08-21,DU,0
Pfizer,9,2021-08-21,R,0
Pfizer,9,2021-08-22,D1,0
Pfizer,9,2021-08-22,D2,0
Pfizer,9,2021-08-22,DU,0
Pfizer,9,2021-08-22,R,1
Pfizer,9,2021-08-23,D1,10
Pfizer,9,2021-08-23,D2,7
Pfizer,9,2021-08-23,DU,0
Pfizer,9,2021-08-23,R,0
Pfizer,9,2021-08-24,D1,6
Pfizer,9,2021-08-24,D2,3
Pfizer,9,2021-08-24,DU,0
Pfizer,9,2021-08-24,R,0
Pfizer,9,2021-08-25,D1,6
Pfizer,9,2021-08-25,D2,33
Pfizer,9,2021-08-25,DU,0
Pfizer,9,2021-08-25,R,0
Pfizer,9,2021-08-26,D1,12
Pfizer,9,2021-08-26,D2,19
Pfizer,9,2021-08-26,DU,0
Pfizer,9,2021-08-26,R,0
Pfizer,9,2021-08-27,D1,5
Pfizer,9,2021-08-27,D2,11
Pfizer,9,2021-08-27,DU,0
Pfizer,9,2021-08-27,R,1
Pfizer,9,2021-08-28,D1,1
Pfizer,9,2021-08-28,D2,8
Pfizer,9,2021-08-28,DU,0
Pfizer,9,2021-08-28,R,1
Pfizer,9,2021-08-29,D1,1
Pfizer,9,2021-08-29,D2,0
Pfizer,9,2021-08-29,DU,0
Pfizer,9,2021-08-29,R,1
Pfizer,9,2021-08-30,D1,13
Pfizer,9,2021-08-30,D2,19
Pfizer,9,2021-08-30,DU,0
Pfizer,9,2021-08-30,R,0
Pfizer,9,2021-08-31,D1,13
Pfizer,9,2021-08-31,D2,16
Pfizer,9,2021-08-31,DU,0
Pfizer,9,2021-08-31,R,0
Pfizer,9,2021-09-01,D1,24
Pfizer,9,2021-09-01,D2,15
Pfizer,9,2021-09-01,DU,0
Pfizer,9,2021-09-01,R,0
Pfizer,9,2021-09-02,D1,20
Pfizer,9,2021-09-02,D2,16
Pfizer,9,2021-09-02,DU,0
Pfizer,9,2021-09-02,R,0
Pfizer,9,2021-09-03,D1,19
Pfizer,9,2021-09-03,D2,13
Pfizer,9,2021-09-03,DU,0
Pfizer,9,2021-09-03,R,0
Pfizer,9,2021-09-04,D1,3
Pfizer,9,2021-09-04,D2,6
Pfizer,9,2021-09-04,DU,0
Pfizer,9,2021-09-04,R,0
Pfizer,9,2021-09-05,D1,0
Pfizer,9,2021-09-05,D2,1
Pfizer,9,2021-09-05,DU,0
Pfizer,9,2021-09-05,R,1
Pfizer,9,2021-09-06,D1,3
Pfizer,9,2021-09-06,D2,15
Pfizer,9,2021-09-06,DU,0
Pfizer,9,2021-09-06,R,5
Pfizer,9,2021-09-07,D1,0
Pfizer,9,2021-09-07,D2,3
Pfizer,9,2021-09-07,DU,0
Pfizer,9,2021-09-07,R,0
Pfizer,9,2021-09-08,D1,6
Pfizer,9,2021-09-08,D2,25
Pfizer,9,2021-09-08,DU,0
Pfizer,9,2021-09-08,R,2
Pfizer,9,2021-09-09,D1,4
Pfizer,9,2021-09-09,D2,20
Pfizer,9,2021-09-09,DU,0
Pfizer,9,2021-09-09,R,11
Pfizer,9,2021-09-10,D1,7
Pfizer,9,2021-09-10,D2,11
Pfizer,9,2021-09-10,DU,0
Pfizer,9,2021-09-10,R,11
Pfizer,9,2021-09-11,D1,1
Pfizer,9,2021-09-11,D2,0
Pfizer,9,2021-09-11,DU,0
Pfizer,9,2021-09-11,R,13
Pfizer,9,2021-09-12,D1,1
Pfizer,9,2021-09-12,D2,2
Pfizer,9,2021-09-12,DU,0
Pfizer,9,2021-09-12,R,1
Pfizer,9,2021-09-13,D1,8
Pfizer,9,2021-09-13,D2,35
Pfizer,9,2021-09-13,DU,0
Pfizer,9,2021-09-13,R,42
Pfizer,9,2021-09-14,D1,6
Pfizer,9,2021-09-14,D2,57
Pfizer,9,2021-09-14,DU,0
Pfizer,9,2021-09-14,R,77
Pfizer,9,2021-09-15,D1,6
Pfizer,9,2021-09-15,D2,45
Pfizer,9,2021-09-15,DU,0
Pfizer,9,2021-09-15,R,71
Pfizer,9,2021-09-16,D1,8
Pfizer,9,2021-09-16,D2,44
Pfizer,9,2021-09-16,DU,0
Pfizer,9,2021-09-16,R,85
Pfizer,9,2021-09-17,D1,10
Pfizer,9,2021-09-17,D2,64
Pfizer,9,2021-09-17,DU,0
Pfizer,9,2021-09-17,R,70
Pfizer,9,2021-09-18,D1,2
Pfizer,9,2021-09-18,D2,10
Pfizer,9,2021-09-18,DU,0
Pfizer,9,2021-09-18,R,37
Pfizer,9,2021-09-19,D1,0
Pfizer,9,2021-09-19,D2,2
Pfizer,9,2021-09-19,DU,0
Pfizer,9,2021-09-19,R,4
Pfizer,9,2021-09-20,D1,13
Pfizer,9,2021-09-20,D2,41
Pfizer,9,2021-09-20,DU,0
Pfizer,9,2021-09-20,R,279
Pfizer,9,2021-09-21,D1,11
Pfizer,9,2021-09-21,D2,43
Pfizer,9,2021-09-21,DU,0
Pfizer,9,2021-09-21,R,229
Pfizer,9,2021-09-22,D1,10
Pfizer,9,2021-09-22,D2,38
Pfizer,9,2021-09-22,DU,0
Pfizer,9,2021-09-22,R,207
Pfizer,9,2021-09-23,D1,10
Pfizer,9,2021-09-23,D2,28
Pfizer,9,2021-09-23,DU,0
Pfizer,9,2021-09-23,R,347
Pfizer,9,2021-09-24,D1,6
Pfizer,9,2021-09-24,D2,36
Pfizer,9,2021-09-24,DU,0
Pfizer,9,2021-09-24,R,759
Pfizer,9,2021-09-25,D1,3
Pfizer,9,2021-09-25,D2,12
Pfizer,9,2021-09-25,DU,0
Pfizer,9,2021-09-25,R,262
Pfizer,9,2021-09-26,D1,0
Pfizer,9,2021-09-26,D2,0
Pfizer,9,2021-09-26,DU,0
Pfizer,9,2021-09-26,R,47
Pfizer,9,2021-09-27,D1,10
Pfizer,9,2021-09-27,D2,64
Pfizer,9,2021-09-27,DU,0
Pfizer,9,2021-09-27,R,6188
Pfizer,9,2021-09-28,D1,12
Pfizer,9,2021-09-28,D2,47
Pfizer,9,2021-09-28,DU,0
Pfizer,9,2021-09-28,R,4019
Pfizer,9,2021-09-29,D1,7
Pfizer,9,2021-09-29,D2,45
Pfizer,9,2021-09-29,DU,0
Pfizer,9,2021-09-29,R,2939
Pfizer,9,2021-09-30,D1,5
Pfizer,9,2021-09-30,D2,52
Pfizer,9,2021-09-30,DU,0
Pfizer,9,2021-09-30,R,2699
Pfizer,9,2021-10-01,D1,11
Pfizer,9,2021-10-01,D2,45
Pfizer,9,2021-10-01,DU,0
Pfizer,9,2021-10-01,R,2503
Pfizer,9,2021-10-02,D1,6
Pfizer,9,2021-10-02,D2,31
Pfizer,9,2021-10-02,DU,0
Pfizer,9,2021-10-02,R,2157
Pfizer,9,2021-10-03,D1,1
Pfizer,9,2021-10-03,D2,0
Pfizer,9,2021-10-03,DU,0
Pfizer,9,2021-10-03,R,107
Pfizer,9,2021-10-04,D1,11
Pfizer,9,2021-10-04,D2,36
Pfizer,9,2021-10-04,DU,4
Pfizer,9,2021-10-04,R,3728
Pfizer,9,2021-10-05,D1,6
Pfizer,9,2021-10-05,D2,39
Pfizer,9,2021-10-05,DU,0
Pfizer,9,2021-10-05,R,6825
Pfizer,9,2021-10-06,D1,14
Pfizer,9,2021-10-06,D2,41
Pfizer,9,2021-10-06,DU,3
Pfizer,9,2021-10-06,R,6352
Pfizer,9,2021-10-07,D1,10
Pfizer,9,2021-10-07,D2,37
Pfizer,9,2021-10-07,DU,0
Pfizer,9,2021-10-07,R,4553
Pfizer,9,2021-10-08,D1,13
Pfizer,9,2021-10-08,D2,30
Pfizer,9,2021-10-08,DU,0
Pfizer,9,2021-10-08,R,5464
Pfizer,9,2021-10-09,D1,5
Pfizer,9,2021-10-09,D2,20
Pfizer,9,2021-10-09,DU,0
Pfizer,9,2021-10-09,R,2896
Pfizer,9,2021-10-10,D1,0
Pfizer,9,2021-10-10,D2,1
Pfizer,9,2021-10-10,DU,0
Pfizer,9,2021-10-10,R,297
Pfizer,9,2021-10-11,D1,2
Pfizer,9,2021-10-11,D2,7
Pfizer,9,2021-10-11,DU,0
Pfizer,9,2021-10-11,R,2879
Pfizer,9,2021-10-12,D1,1
Pfizer,9,2021-10-12,D2,3
Pfizer,9,2021-10-12,DU,0
Pfizer,9,2021-10-12,R,987
Pfizer,9,2021-10-13,D1,20
Pfizer,9,2021-10-13,D2,38
Pfizer,9,2021-10-13,DU,0
Pfizer,9,2021-10-13,R,16210
Pfizer,9,2021-10-14,D1,12
Pfizer,9,2021-10-14,D2,30
Pfizer,9,2021-10-14,DU,0
Pfizer,9,2021-10-14,R,12127
Pfizer,9,2021-10-15,D1,18
Pfizer,9,2021-10-15,D2,30
Pfizer,9,2021-10-15,DU,6
Pfizer,9,2021-10-15,R,11397
Pfizer,9,2021-10-16,D1,15
Pfizer,9,2021-10-16,D2,22
Pfizer,9,2021-10-16,DU,0
Pfizer,9,2021-10-16,R,13074
Pfizer,9,2021-10-17,D1,0
Pfizer,9,2021-10-17,D2,2
Pfizer,9,2021-10-17,DU,0
Pfizer,9,2021-10-17,R,229
Pfizer,9,2021-10-18,D1,24
Pfizer,9,2021-10-18,D2,16
Pfizer,9,2021-10-18,DU,0
Pfizer,9,2021-10-18,R,17213
Pfizer,9,2021-10-19,D1,20
Pfizer,9,2021-10-19,D2,40
Pfizer,9,2021-10-19,DU,0
Pfizer,9,2021-10-19,R,16201
Pfizer,9,2021-10-20,D1,19
Pfizer,9,2021-10-20,D2,48
Pfizer,9,2021-10-20,DU,0
Pfizer,9,2021-10-20,R,14859
Pfizer,9,2021-10-21,D1,23
Pfizer,9,2021-10-21,D2,44
Pfizer,9,2021-10-21,DU,6
Pfizer,9,2021-10-21,R,12797
Pfizer,9,2021-10-22,D1,25
Pfizer,9,2021-10-22,D2,37
Pfizer,9,2021-10-22,DU,2
Pfizer,9,2021-10-22,R,12573
Pfizer,9,2021-10-23,D1,8
Pfizer,9,2021-10-23,D2,13
Pfizer,9,2021-10-23,DU,0
Pfizer,9,2021-10-23,R,4041
Pfizer,9,2021-10-24,D1,0
Pfizer,9,2021-10-24,D2,0
Pfizer,9,2021-10-24,DU,0
Pfizer,9,2021-10-24,R,104
Pfizer,9,2021-10-25,D1,21
Pfizer,9,2021-10-25,D2,29
Pfizer,9,2021-10-25,DU,2
Pfizer,9,2021-10-25,R,12663
Pfizer,9,2021-10-26,D1,28
Pfizer,9,2021-10-26,D2,19
Pfizer,9,2021-10-26,DU,0
Pfizer,9,2021-10-26,R,11755
Pfizer,9,2021-10-27,D1,20
Pfizer,9,2021-10-27,D2,24
Pfizer,9,2021-10-27,DU,0
Pfizer,9,2021-10-27,R,9046
Pfizer,9,2021-10-28,D1,13
Pfizer,9,2021-10-28,D2,18
Pfizer,9,2021-10-28,DU,0
Pfizer,9,2021-10-28,R,7672
Pfizer,9,2021-10-29,D1,13
Pfizer,9,2021-10-29,D2,10
Pfizer,9,2021-10-29,DU,0
Pfizer,9,2021-10-29,R,4261
Pfizer,9,2021-10-30,D1,4
Pfizer,9,2021-10-30,D2,3
Pfizer,9,2021-10-30,DU,0
Pfizer,9,2021-10-30,R,1295
Pfizer,9,2021-10-31,D1,1
Pfizer,9,2021-10-31,D2,0
Pfizer,9,2021-10-31,DU,0
Pfizer,9,2021-10-31,R,75
Pfizer,9,2021-11-01,D1,2
Pfizer,9,2021-11-01,D2,3
Pfizer,9,2021-11-01,DU,0
Pfizer,9,2021-11-01,R,921
Pfizer,9,2021-11-02,D1,0
Pfizer,9,2021-11-02,D2,3
Pfizer,9,2021-11-02,DU,0
Pfizer,9,2021-11-02,R,354
Pfizer,9,2021-11-03,D1,15
Pfizer,9,2021-11-03,D2,30
Pfizer,9,2021-11-03,DU,0
Pfizer,9,2021-11-03,R,6968
Pfizer,9,2021-11-04,D1,17
Pfizer,9,2021-11-04,D2,30
Pfizer,9,2021-11-04,DU,0
Pfizer,9,2021-11-04,R,5780
Pfizer,9,2021-11-05,D1,16
Pfizer,9,2021-11-05,D2,22
Pfizer,9,2021-11-05,DU,0
Pfizer,9,2021-11-05,R,4699
Pfizer,9,2021-11-06,D1,8
Pfizer,9,2021-11-06,D2,12
Pfizer,9,2021-11-06,DU,0
Pfizer,9,2021-11-06,R,1090
Pfizer,9,2021-11-07,D1,0
Pfizer,9,2021-11-07,D2,1
Pfizer,9,2021-11-07,DU,0
Pfizer,9,2021-11-07,R,59
Pfizer,9,2021-11-08,D1,12
Pfizer,9,2021-11-08,D2,24
Pfizer,9,2021-11-08,DU,0
Pfizer,9,2021-11-08,R,4031
Pfizer,9,2021-11-09,D1,16
Pfizer,9,2021-11-09,D2,14
Pfizer,9,2021-11-09,DU,0
Pfizer,9,2021-11-09,R,3502
Pfizer,9,2021-11-10,D1,8
Pfizer,9,2021-11-10,D2,15
Pfizer,9,2021-11-10,DU,0
Pfizer,9,2021-11-10,R,2171
Pfizer,9,2021-11-11,D1,17
Pfizer,9,2021-11-11,D2,27
Pfizer,9,2021-11-11,DU,0
Pfizer,9,2021-11-11,R,2696
Pfizer,9,2021-11-12,D1,7
Pfizer,9,2021-11-12,D2,18
Pfizer,9,2021-11-12,DU,0
Pfizer,9,2021-11-12,R,2770
Pfizer,9,2021-11-13,D1,4
Pfizer,9,2021-11-13,D2,2
Pfizer,9,2021-11-13,DU,0
Pfizer,9,2021-11-13,R,733
Pfizer,9,2021-11-14,D1,0
Pfizer,9,2021-11-14,D2,0
Pfizer,9,2021-11-14,DU,0
Pfizer,9,2021-11-14,R,43
Pfizer,9,2021-11-15,D1,1
Pfizer,9,2021-11-15,D2,2
Pfizer,9,2021-11-15,DU,0
Pfizer,9,2021-11-15,R,146
Pfizer,9,2021-11-16,D1,12
Pfizer,9,2021-11-16,D2,16
Pfizer,9,2021-11-16,DU,0
Pfizer,9,2021-11-16,R,2159
Pfizer,9,2021-11-17,D1,5
Pfizer,9,2021-11-17,D2,26
Pfizer,9,2021-11-17,DU,0
Pfizer,9,2021-11-17,R,2411
Pfizer,9,2021-11-18,D1,16
Pfizer,9,2021-11-18,D2,0
Pfizer,9,2021-11-18,DU,0
Pfizer,9,2021-11-18,R,3039
Pfizer,9,2021-11-19,D1,0
Pfizer,9,2021-11-19,D2,0
Pfizer,9,2021-11-19,DU,0
Pfizer,9,2021-11-19,R,50
Pfizer,9,2021-11-20,D1,6
Pfizer,9,2021-11-20,D2,1
Pfizer,9,2021-11-20,DU,0
Pfizer,9,2021-11-20,R,1670
Pfizer,9,2021-11-21,D1,0
Pfizer,9,2021-11-21,D2,0
Pfizer,9,2021-11-21,DU,0
Pfizer,9,2021-11-21,R,89
Pfizer,9,2021-11-22,D1,0
Pfizer,9,2021-11-22,D2,0
Pfizer,9,2021-11-22,DU,0
Pfizer,9,2021-11-22,R,32
Pfizer,9,2021-11-23,D1,4
Pfizer,9,2021-11-23,D2,28
Pfizer,9,2021-11-23,DU,0
Pfizer,9,2021-11-23,R,376
Pfizer,9,2021-11-24,D1,0
Pfizer,9,2021-11-24,D2,2
Pfizer,9,2021-11-24,DU,0
Pfizer,9,2021-11-24,R,66
Pfizer,9,2021-11-25,D1,0
Pfizer,9,2021-11-25,D2,0
Pfizer,9,2021-11-25,DU,0
Pfizer,9,2021-11-25,R,22
Pfizer,9,2021-11-26,D1,0
Pfizer,9,2021-11-26,D2,33
Pfizer,9,2021-11-26,DU,0
Pfizer,9,2021-11-26,R,26
Pfizer,9,2021-11-27,D1,0
Pfizer,9,2021-11-27,D2,0
Pfizer,9,2021-11-27,DU,0
Pfizer,9,2021-11-27,R,20
Pfizer,9,2021-11-29,D1,0
Pfizer,9,2021-11-29,D2,0
Pfizer,9,2021-11-29,DU,0
Pfizer,9,2021-11-29,R,18
Pfizer,9,2021-11-30,D1,0
Pfizer,9,2021-11-30,D2,0
Pfizer,9,2021-11-30,DU,0
Pfizer,9,2021-11-30,R,15
Pfizer,9,2021-12-01,D1,0
Pfizer,9,2021-12-01,D2,0
Pfizer,9,2021-12-01,DU,0
Pfizer,9,2021-12-01,R,7
Pfizer,9,2021-12-02,D1,0
Pfizer,9,2021-12-02,D2,11
Pfizer,9,2021-12-02,DU,0
Pfizer,9,2021-12-02,R,10
Pfizer,9,2021-12-03,D1,0
Pfizer,9,2021-12-03,D2,0
Pfizer,9,2021-12-03,DU,0
Pfizer,9,2021-12-03,R,10
Pfizer,9,2021-12-04,D1,4
Pfizer,9,2021-12-04,D2,0
Pfizer,9,2021-12-04,DU,0
Pfizer,9,2021-12-04,R,817
Pfizer,9,2021-12-05,D1,0
Pfizer,9,2021-12-05,D2,0
Pfizer,9,2021-12-05,DU,0
Pfizer,9,2021-12-05,R,34
Pfizer,9,2021-12-06,D1,0
Pfizer,9,2021-12-06,D2,0
Pfizer,9,2021-12-06,DU,0
Pfizer,9,2021-12-06,R,11
Pfizer,9,2021-12-07,D1,6
Pfizer,9,2021-12-07,D2,1
Pfizer,9,2021-12-07,DU,0
Pfizer,9,2021-12-07,R,1095
Pfizer,9,2021-12-08,D1,0
Pfizer,9,2021-12-08,D2,0
Pfizer,9,2021-12-08,DU,0
Pfizer,9,2021-12-08,R,6
Pfizer,9,2021-12-09,D1,0
Pfizer,9,2021-12-09,D2,0
Pfizer,9,2021-12-09,DU,0
Pfizer,9,2021-12-09,R,3
Pfizer,9,2021-12-10,D1,0
Pfizer,9,2021-12-10,D2,0
Pfizer,9,2021-12-10,DU,0
Pfizer,9,2021-12-10,R,1
Pfizer,9,2021-12-11,D1,1
Pfizer,9,2021-12-11,D2,0
Pfizer,9,2021-12-11,DU,0
Pfizer,9,2021-12-11,R,2
Pfizer,9,2021-12-12,D1,0
Pfizer,9,2021-12-12,D2,0
Pfizer,9,2021-12-12,DU,0
Pfizer,9,2021-12-12,R,1
Pfizer,9,2021-12-13,D1,0
Pfizer,9,2021-12-13,D2,0
Pfizer,9,2021-12-13,DU,0
Pfizer,9,2021-12-13,R,2
Pfizer,9,2021-12-14,D1,6
Pfizer,9,2021-12-14,D2,1
Pfizer,9,2021-12-14,DU,0
Pfizer,9,2021-12-14,R,1147
Pfizer,9,2021-12-15,D1,0
Pfizer,9,2021-12-15,D2,0
Pfizer,9,2021-12-15,DU,0
Pfizer,9,2021-12-15,R,7
Pfizer,9,2021-12-16,D1,0
Pfizer,9,2021-12-16,D2,0
Pfizer,9,2021-12-16,DU,0
Pfizer,9,2021-12-16,R,6
Pfizer,9,2021-12-17,D1,5
Pfizer,9,2021-12-17,D2,4
Pfizer,9,2021-12-17,DU,0
Pfizer,9,2021-12-17,R,795
Pfizer,9,2021-12-18,D1,0
Pfizer,9,2021-12-18,D2,0
Pfizer,9,2021-12-18,DU,0
Pfizer,9,2021-12-18,R,2
Pfizer,9,2021-12-19,D1,0
Pfizer,9,2021-12-19,D2,0
Pfizer,9,2021-12-19,DU,0
Pfizer,9,2021-12-19,R,26
Pfizer,9,2021-12-20,D1,2
Pfizer,9,2021-12-20,D2,3
Pfizer,9,2021-12-20,DU,0
Pfizer,9,2021-12-20,R,255
Pfizer,9,2021-12-21,D1,0
Pfizer,9,2021-12-21,D2,0
Pfizer,9,2021-12-21,DU,0
Pfizer,9,2021-12-21,R,6
Pfizer,9,2021-12-22,D1,0
Pfizer,9,2021-12-22,D2,0
Pfizer,9,2021-12-22,DU,0
Pfizer,9,2021-12-22,R,6
Pfizer,9,2021-12-23,D1,4
Pfizer,9,2021-12-23,D2,1
Pfizer,9,2021-12-23,DU,0
Pfizer,9,2021-12-23,R,221
Pfizer,9,2021-12-26,D1,0
Pfizer,9,2021-12-26,D2,0
Pfizer,9,2021-12-26,DU,0
Pfizer,9,2021-12-26,R,2
Pfizer,9,2021-12-27,D1,9
Pfizer,9,2021-12-27,D2,4
Pfizer,9,2021-12-27,DU,0
Pfizer,9,2021-12-27,R,508
Pfizer,9,2021-12-28,D1,6
Pfizer,9,2021-12-28,D2,7
Pfizer,9,2021-12-28,DU,0
Pfizer,9,2021-12-28,R,584
Pfizer,9,2021-12-29,D1,0
Pfizer,9,2021-12-29,D2,0
Pfizer,9,2021-12-29,DU,0
Pfizer,9,2021-12-29,R,4
Pfizer,9,2021-12-30,D1,0
Pfizer,9,2021-12-30,D2,0
Pfizer,9,2021-12-30,DU,0
Pfizer,9,2021-12-30,R,1
Pfizer,9,2022-01-03,D1,5
Pfizer,9,2022-01-03,D2,1
Pfizer,9,2022-01-03,DU,0
Pfizer,9,2022-01-03,R,325
Pfizer,9,2022-01-04,D1,7
Pfizer,9,2022-01-04,D2,3
Pfizer,9,2022-01-04,DU,0
Pfizer,9,2022-01-04,R,595
Pfizer,9,2022-01-05,D1,0
Pfizer,9,2022-01-05,D2,0
Pfizer,9,2022-01-05,DU,0
Pfizer,9,2022-01-05,R,6
Pfizer,9,2022-01-06,D1,0
Pfizer,9,2022-01-06,D2,0
Pfizer,9,2022-01-06,DU,0
Pfizer,9,2022-01-06,R,1
Pfizer,9,2022-01-07,D1,0
Pfizer,9,2022-01-07,D2,0
Pfizer,9,2022-01-07,DU,0
Pfizer,9,2022-01-07,R,5
Pfizer,9,2022-01-08,D1,0
Pfizer,9,2022-01-08,D2,0
Pfizer,9,2022-01-08,DU,0
Pfizer,9,2022-01-08,R,11
Pfizer,9,2022-01-10,D1,6
Pfizer,9,2022-01-10,D2,1
Pfizer,9,2022-01-10,DU,0
Pfizer,9,2022-01-10,R,424
Pfizer,9,2022-01-11,D1,8
Pfizer,9,2022-01-11,D2,1
Pfizer,9,2022-01-11,DU,0
Pfizer,9,2022-01-11,R,353
Pfizer,9,2022-01-12,D1,0
Pfizer,9,2022-01-12,D2,0
Pfizer,9,2022-01-12,DU,0
Pfizer,9,2022-01-12,R,4
Pfizer,9,2022-01-13,D1,5
Pfizer,9,2022-01-13,D2,4
Pfizer,9,2022-01-13,DU,0
Pfizer,9,2022-01-13,R,554
Pfizer,9,2022-01-14,D1,1
Pfizer,9,2022-01-14,D2,0
Pfizer,9,2022-01-14,DU,0
Pfizer,9,2022-01-14,R,49
Pfizer,10,2021-01-26,D1,0
Pfizer,10,2021-01-26,D2,0
Pfizer,10,2021-01-26,DU,0
Pfizer,10,2021-01-26,R,1
Pfizer,10,2021-02-15,D1,1
Pfizer,10,2021-02-15,D2,0
Pfizer,10,2021-02-15,DU,0
Pfizer,10,2021-02-15,R,0
Pfizer,10,2021-04-05,D1,0
Pfizer,10,2021-04-05,D2,1
Pfizer,10,2021-04-05,DU,0
Pfizer,10,2021-04-05,R,0
Pfizer,10,2021-05-06,D1,9
Pfizer,10,2021-05-06,D2,0
Pfizer,10,2021-05-06,DU,0
Pfizer,10,2021-05-06,R,0
Pfizer,10,2021-05-07,D1,3
Pfizer,10,2021-05-07,D2,0
Pfizer,10,2021-05-07,DU,0
Pfizer,10,2021-05-07,R,0
Pfizer,10,2021-05-08,D1,1
Pfizer,10,2021-05-08,D2,0
Pfizer,10,2021-05-08,DU,0
Pfizer,10,2021-05-08,R,0
Pfizer,10,2021-05-14,D1,6
Pfizer,10,2021-05-14,D2,0
Pfizer,10,2021-05-14,DU,0
Pfizer,10,2021-05-14,R,0
Pfizer,10,2021-05-15,D1,7
Pfizer,10,2021-05-15,D2,0
Pfizer,10,2021-05-15,DU,0
Pfizer,10,2021-05-15,R,0
Pfizer,10,2021-05-17,D1,7
Pfizer,10,2021-05-17,D2,0
Pfizer,10,2021-05-17,DU,0
Pfizer,10,2021-05-17,R,0
Pfizer,10,2021-05-18,D1,7
Pfizer,10,2021-05-18,D2,0
Pfizer,10,2021-05-18,DU,0
Pfizer,10,2021-05-18,R,0
Pfizer,10,2021-05-19,D1,6
Pfizer,10,2021-05-19,D2,0
Pfizer,10,2021-05-19,DU,0
Pfizer,10,2021-05-19,R,0
Pfizer,10,2021-05-20,D1,2
Pfizer,10,2021-05-20,D2,0
Pfizer,10,2021-05-20,DU,0
Pfizer,10,2021-05-20,R,0
Pfizer,10,2021-05-21,D1,1
Pfizer,10,2021-05-21,D2,0
Pfizer,10,2021-05-21,DU,0
Pfizer,10,2021-05-21,R,0
Pfizer,10,2021-05-25,D1,11
Pfizer,10,2021-05-25,D2,0
Pfizer,10,2021-05-25,DU,0
Pfizer,10,2021-05-25,R,0
Pfizer,10,2021-05-26,D1,6
Pfizer,10,2021-05-26,D2,0
Pfizer,10,2021-05-26,DU,0
Pfizer,10,2021-05-26,R,0
Pfizer,10,2021-05-27,D1,6
Pfizer,10,2021-05-27,D2,0
Pfizer,10,2021-05-27,DU,0
Pfizer,10,2021-05-27,R,0
Pfizer,10,2021-05-28,D1,4
Pfizer,10,2021-05-28,D2,0
Pfizer,10,2021-05-28,DU,0
Pfizer,10,2021-05-28,R,0
Pfizer,10,2021-05-31,D1,1
Pfizer,10,2021-05-31,D2,0
Pfizer,10,2021-05-31,DU,0
Pfizer,10,2021-05-31,R,0
Pfizer,10,2021-06-02,D1,9
Pfizer,10,2021-06-02,D2,0
Pfizer,10,2021-06-02,DU,0
Pfizer,10,2021-06-02,R,0
Pfizer,10,2021-06-03,D1,8
Pfizer,10,2021-06-03,D2,0
Pfizer,10,2021-06-03,DU,0
Pfizer,10,2021-06-03,R,0
Pfizer,10,2021-06-04,D1,5
Pfizer,10,2021-06-04,D2,0
Pfizer,10,2021-06-04,DU,0
Pfizer,10,2021-06-04,R,0
Pfizer,10,2021-06-05,D1,3
Pfizer,10,2021-06-05,D2,0
Pfizer,10,2021-06-05,DU,0
Pfizer,10,2021-06-05,R,0
Pfizer,10,2021-06-07,D1,6
Pfizer,10,2021-06-07,D2,0
Pfizer,10,2021-06-07,DU,0
Pfizer,10,2021-06-07,R,0
Pfizer,10,2021-06-08,D1,7
Pfizer,10,2021-06-08,D2,0
Pfizer,10,2021-06-08,DU,0
Pfizer,10,2021-06-08,R,0
Pfizer,10,2021-06-09,D1,7
Pfizer,10,2021-06-09,D2,0
Pfizer,10,2021-06-09,DU,0
Pfizer,10,2021-06-09,R,0
Pfizer,10,2021-06-10,D1,4
Pfizer,10,2021-06-10,D2,0
Pfizer,10,2021-06-10,DU,0
Pfizer,10,2021-06-10,R,0
Pfizer,10,2021-06-11,D1,5
Pfizer,10,2021-06-11,D2,0
Pfizer,10,2021-06-11,DU,0
Pfizer,10,2021-06-11,R,0
Pfizer,10,2021-06-12,D1,2
Pfizer,10,2021-06-12,D2,0
Pfizer,10,2021-06-12,DU,0
Pfizer,10,2021-06-12,R,0
Pfizer,10,2021-06-14,D1,6
Pfizer,10,2021-06-14,D2,0
Pfizer,10,2021-06-14,DU,0
Pfizer,10,2021-06-14,R,0
Pfizer,10,2021-06-15,D1,9
Pfizer,10,2021-06-15,D2,0
Pfizer,10,2021-06-15,DU,0
Pfizer,10,2021-06-15,R,0
Pfizer,10,2021-06-16,D1,1
Pfizer,10,2021-06-16,D2,0
Pfizer,10,2021-06-16,DU,0
Pfizer,10,2021-06-16,R,0
Pfizer,10,2021-06-17,D1,3
Pfizer,10,2021-06-17,D2,0
Pfizer,10,2021-06-17,DU,0
Pfizer,10,2021-06-17,R,0
Pfizer,10,2021-06-18,D1,1
Pfizer,10,2021-06-18,D2,0
Pfizer,10,2021-06-18,DU,0
Pfizer,10,2021-06-18,R,0
Pfizer,10,2021-06-19,D1,4
Pfizer,10,2021-06-19,D2,0
Pfizer,10,2021-06-19,DU,0
Pfizer,10,2021-06-19,R,0
Pfizer,10,2021-06-21,D1,5
Pfizer,10,2021-06-21,D2,0
Pfizer,10,2021-06-21,DU,0
Pfizer,10,2021-06-21,R,0
Pfizer,10,2021-06-22,D1,10
Pfizer,10,2021-06-22,D2,0
Pfizer,10,2021-06-22,DU,0
Pfizer,10,2021-06-22,R,0
Pfizer,10,2021-06-23,D1,11
Pfizer,10,2021-06-23,D2,0
Pfizer,10,2021-06-23,DU,0
Pfizer,10,2021-06-23,R,0
Pfizer,10,2021-06-24,D1,8
Pfizer,10,2021-06-24,D2,0
Pfizer,10,2021-06-24,DU,0
Pfizer,10,2021-06-24,R,0
Pfizer,10,2021-06-25,D1,26
Pfizer,10,2021-06-25,D2,0
Pfizer,10,2021-06-25,DU,0
Pfizer,10,2021-06-25,R,0
Pfizer,10,2021-06-26,D1,10
Pfizer,10,2021-06-26,D2,0
Pfizer,10,2021-06-26,DU,0
Pfizer,10,2021-06-26,R,0
Pfizer,10,2021-06-27,D1,1
Pfizer,10,2021-06-27,D2,0
Pfizer,10,2021-06-27,DU,0
Pfizer,10,2021-06-27,R,0
Pfizer,10,2021-06-28,D1,13
Pfizer,10,2021-06-28,D2,0
Pfizer,10,2021-06-28,DU,0
Pfizer,10,2021-06-28,R,0
Pfizer,10,2021-06-29,D1,9
Pfizer,10,2021-06-29,D2,0
Pfizer,10,2021-06-29,DU,0
Pfizer,10,2021-06-29,R,0
Pfizer,10,2021-06-30,D1,6
Pfizer,10,2021-06-30,D2,0
Pfizer,10,2021-06-30,DU,0
Pfizer,10,2021-06-30,R,0
Pfizer,10,2021-07-01,D1,2
Pfizer,10,2021-07-01,D2,0
Pfizer,10,2021-07-01,DU,0
Pfizer,10,2021-07-01,R,0
Pfizer,10,2021-07-02,D1,7
Pfizer,10,2021-07-02,D2,0
Pfizer,10,2021-07-02,DU,0
Pfizer,10,2021-07-02,R,0
Pfizer,10,2021-07-03,D1,4
Pfizer,10,2021-07-03,D2,0
Pfizer,10,2021-07-03,DU,0
Pfizer,10,2021-07-03,R,0
Pfizer,10,2021-07-05,D1,5
Pfizer,10,2021-07-05,D2,0
Pfizer,10,2021-07-05,DU,0
Pfizer,10,2021-07-05,R,0
Pfizer,10,2021-07-06,D1,9
Pfizer,10,2021-07-06,D2,0
Pfizer,10,2021-07-06,DU,0
Pfizer,10,2021-07-06,R,0
Pfizer,10,2021-07-07,D1,12
Pfizer,10,2021-07-07,D2,0
Pfizer,10,2021-07-07,DU,0
Pfizer,10,2021-07-07,R,0
Pfizer,10,2021-07-08,D1,16
Pfizer,10,2021-07-08,D2,0
Pfizer,10,2021-07-08,DU,0
Pfizer,10,2021-07-08,R,0
Pfizer,10,2021-07-09,D1,3
Pfizer,10,2021-07-09,D2,0
Pfizer,10,2021-07-09,DU,0
Pfizer,10,2021-07-09,R,0
Pfizer,10,2021-07-10,D1,3
Pfizer,10,2021-07-10,D2,0
Pfizer,10,2021-07-10,DU,0
Pfizer,10,2021-07-10,R,0
Pfizer,10,2021-07-12,D1,2
Pfizer,10,2021-07-12,D2,0
Pfizer,10,2021-07-12,DU,0
Pfizer,10,2021-07-12,R,0
Pfizer,10,2021-07-13,D1,2
Pfizer,10,2021-07-13,D2,0
Pfizer,10,2021-07-13,DU,0
Pfizer,10,2021-07-13,R,0
Pfizer,10,2021-07-14,D1,11
Pfizer,10,2021-07-14,D2,0
Pfizer,10,2021-07-14,DU,0
Pfizer,10,2021-07-14,R,0
Pfizer,10,2021-07-15,D1,14
Pfizer,10,2021-07-15,D2,0
Pfizer,10,2021-07-15,DU,0
Pfizer,10,2021-07-15,R,0
Pfizer,10,2021-07-16,D1,8
Pfizer,10,2021-07-16,D2,0
Pfizer,10,2021-07-16,DU,0
Pfizer,10,2021-07-16,R,0
Pfizer,10,2021-07-17,D1,8
Pfizer,10,2021-07-17,D2,0
Pfizer,10,2021-07-17,DU,0
Pfizer,10,2021-07-17,R,0
Pfizer,10,2021-07-19,D1,6
Pfizer,10,2021-07-19,D2,0
Pfizer,10,2021-07-19,DU,0
Pfizer,10,2021-07-19,R,0
Pfizer,10,2021-07-20,D1,2
Pfizer,10,2021-07-20,D2,0
Pfizer,10,2021-07-20,DU,0
Pfizer,10,2021-07-20,R,0
Pfizer,10,2021-07-21,D1,0
Pfizer,10,2021-07-21,D2,0
Pfizer,10,2021-07-21,DU,0
Pfizer,10,2021-07-21,R,1
Pfizer,10,2021-07-22,D1,2
Pfizer,10,2021-07-22,D2,0
Pfizer,10,2021-07-22,DU,0
Pfizer,10,2021-07-22,R,0
Pfizer,10,2021-07-23,D1,5
Pfizer,10,2021-07-23,D2,0
Pfizer,10,2021-07-23,DU,0
Pfizer,10,2021-07-23,R,0
Pfizer,10,2021-07-24,D1,1
Pfizer,10,2021-07-24,D2,0
Pfizer,10,2021-07-24,DU,0
Pfizer,10,2021-07-24,R,0
Pfizer,10,2021-07-26,D1,2
Pfizer,10,2021-07-26,D2,0
Pfizer,10,2021-07-26,DU,0
Pfizer,10,2021-07-26,R,0
Pfizer,10,2021-07-27,D1,2
Pfizer,10,2021-07-27,D2,0
Pfizer,10,2021-07-27,DU,0
Pfizer,10,2021-07-27,R,0
Pfizer,10,2021-07-28,D1,1
Pfizer,10,2021-07-28,D2,0
Pfizer,10,2021-07-28,DU,0
Pfizer,10,2021-07-28,R,0
Pfizer,10,2021-07-29,D1,4
Pfizer,10,2021-07-29,D2,5
Pfizer,10,2021-07-29,DU,0
Pfizer,10,2021-07-29,R,0
Pfizer,10,2021-07-30,D1,3
Pfizer,10,2021-07-30,D2,1
Pfizer,10,2021-07-30,DU,0
Pfizer,10,2021-07-30,R,0
Pfizer,10,2021-07-31,D1,0
Pfizer,10,2021-07-31,D2,1
Pfizer,10,2021-07-31,DU,0
Pfizer,10,2021-07-31,R,0
Pfizer,10,2021-08-02,D1,4
Pfizer,10,2021-08-02,D2,0
Pfizer,10,2021-08-02,DU,0
Pfizer,10,2021-08-02,R,0
Pfizer,10,2021-08-03,D1,2
Pfizer,10,2021-08-03,D2,0
Pfizer,10,2021-08-03,DU,0
Pfizer,10,2021-08-03,R,0
Pfizer,10,2021-08-04,D1,3
Pfizer,10,2021-08-04,D2,1
Pfizer,10,2021-08-04,DU,0
Pfizer,10,2021-08-04,R,0
Pfizer,10,2021-08-05,D1,2
Pfizer,10,2021-08-05,D2,1
Pfizer,10,2021-08-05,DU,0
Pfizer,10,2021-08-05,R,0
Pfizer,10,2021-08-06,D1,10
Pfizer,10,2021-08-06,D2,5
Pfizer,10,2021-08-06,DU,0
Pfizer,10,2021-08-06,R,0
Pfizer,10,2021-08-07,D1,1
Pfizer,10,2021-08-07,D2,2
Pfizer,10,2021-08-07,DU,0
Pfizer,10,2021-08-07,R,0
Pfizer,10,2021-08-09,D1,2
Pfizer,10,2021-08-09,D2,4
Pfizer,10,2021-08-09,DU,0
Pfizer,10,2021-08-09,R,0
Pfizer,10,2021-08-10,D1,2
Pfizer,10,2021-08-10,D2,6
Pfizer,10,2021-08-10,DU,0
Pfizer,10,2021-08-10,R,0
Pfizer,10,2021-08-11,D1,6
Pfizer,10,2021-08-11,D2,1
Pfizer,10,2021-08-11,DU,0
Pfizer,10,2021-08-11,R,0
Pfizer,10,2021-08-12,D1,8
Pfizer,10,2021-08-12,D2,4
Pfizer,10,2021-08-12,DU,0
Pfizer,10,2021-08-12,R,0
Pfizer,10,2021-08-13,D1,12
Pfizer,10,2021-08-13,D2,2
Pfizer,10,2021-08-13,DU,0
Pfizer,10,2021-08-13,R,0
Pfizer,10,2021-08-14,D1,9
Pfizer,10,2021-08-14,D2,1
Pfizer,10,2021-08-14,DU,0
Pfizer,10,2021-08-14,R,1
Pfizer,10,2021-08-15,D1,2
Pfizer,10,2021-08-15,D2,2
Pfizer,10,2021-08-15,DU,0
Pfizer,10,2021-08-15,R,0
Pfizer,10,2021-08-16,D1,6
Pfizer,10,2021-08-16,D2,0
Pfizer,10,2021-08-16,DU,0
Pfizer,10,2021-08-16,R,0
Pfizer,10,2021-08-17,D1,5
Pfizer,10,2021-08-17,D2,6
Pfizer,10,2021-08-17,DU,0
Pfizer,10,2021-08-17,R,0
Pfizer,10,2021-08-18,D1,6
Pfizer,10,2021-08-18,D2,8
Pfizer,10,2021-08-18,DU,0
Pfizer,10,2021-08-18,R,0
Pfizer,10,2021-08-19,D1,3
Pfizer,10,2021-08-19,D2,6
Pfizer,10,2021-08-19,DU,0
Pfizer,10,2021-08-19,R,0
Pfizer,10,2021-08-21,D1,3
Pfizer,10,2021-08-21,D2,0
Pfizer,10,2021-08-21,DU,0
Pfizer,10,2021-08-21,R,0
Pfizer,10,2021-08-23,D1,4
Pfizer,10,2021-08-23,D2,0
Pfizer,10,2021-08-23,DU,0
Pfizer,10,2021-08-23,R,0
Pfizer,10,2021-08-24,D1,3
Pfizer,10,2021-08-24,D2,3
Pfizer,10,2021-08-24,DU,0
Pfizer,10,2021-08-24,R,0
Pfizer,10,2021-08-25,D1,1
Pfizer,10,2021-08-25,D2,3
Pfizer,10,2021-08-25,DU,0
Pfizer,10,2021-08-25,R,0
Pfizer,10,2021-08-26,D1,4
Pfizer,10,2021-08-26,D2,6
Pfizer,10,2021-08-26,DU,0
Pfizer,10,2021-08-26,R,0
Pfizer,10,2021-08-27,D1,2
Pfizer,10,2021-08-27,D2,5
Pfizer,10,2021-08-27,DU,0
Pfizer,10,2021-08-27,R,0
Pfizer,10,2021-08-28,D1,1
Pfizer,10,2021-08-28,D2,2
Pfizer,10,2021-08-28,DU,0
Pfizer,10,2021-08-28,R,0
Pfizer,10,2021-08-30,D1,5
Pfizer,10,2021-08-30,D2,6
Pfizer,10,2021-08-30,DU,0
Pfizer,10,2021-08-30,R,0
Pfizer,10,2021-08-31,D1,3
Pfizer,10,2021-08-31,D2,6
Pfizer,10,2021-08-31,DU,0
Pfizer,10,2021-08-31,R,0
Pfizer,10,2021-09-01,D1,4
Pfizer,10,2021-09-01,D2,6
Pfizer,10,2021-09-01,DU,0
Pfizer,10,2021-09-01,R,0
Pfizer,10,2021-09-02,D1,3
Pfizer,10,2021-09-02,D2,2
Pfizer,10,2021-09-02,DU,0
Pfizer,10,2021-09-02,R,0
Pfizer,10,2021-09-03,D1,6
Pfizer,10,2021-09-03,D2,3
Pfizer,10,2021-09-03,DU,0
Pfizer,10,2021-09-03,R,1
Pfizer,10,2021-09-04,D1,0
Pfizer,10,2021-09-04,D2,2
Pfizer,10,2021-09-04,DU,0
Pfizer,10,2021-09-04,R,0
Pfizer,10,2021-09-06,D1,2
Pfizer,10,2021-09-06,D2,1
Pfizer,10,2021-09-06,DU,0
Pfizer,10,2021-09-06,R,11
Pfizer,10,2021-09-07,D1,1
Pfizer,10,2021-09-07,D2,0
Pfizer,10,2021-09-07,DU,0
Pfizer,10,2021-09-07,R,0
Pfizer,10,2021-09-08,D1,3
Pfizer,10,2021-09-08,D2,6
Pfizer,10,2021-09-08,DU,0
Pfizer,10,2021-09-08,R,11
Pfizer,10,2021-09-09,D1,1
Pfizer,10,2021-09-09,D2,6
Pfizer,10,2021-09-09,DU,0
Pfizer,10,2021-09-09,R,80
Pfizer,10,2021-09-10,D1,2
Pfizer,10,2021-09-10,D2,2
Pfizer,10,2021-09-10,DU,0
Pfizer,10,2021-09-10,R,95
Pfizer,10,2021-09-11,D1,0
Pfizer,10,2021-09-11,D2,5
Pfizer,10,2021-09-11,DU,0
Pfizer,10,2021-09-11,R,130
Pfizer,10,2021-09-12,D1,0
Pfizer,10,2021-09-12,D2,0
Pfizer,10,2021-09-12,DU,0
Pfizer,10,2021-09-12,R,23
Pfizer,10,2021-09-13,D1,1
Pfizer,10,2021-09-13,D2,15
Pfizer,10,2021-09-13,DU,0
Pfizer,10,2021-09-13,R,178
Pfizer,10,2021-09-14,D1,3
Pfizer,10,2021-09-14,D2,18
Pfizer,10,2021-09-14,DU,0
Pfizer,10,2021-09-14,R,201
Pfizer,10,2021-09-15,D1,7
Pfizer,10,2021-09-15,D2,19
Pfizer,10,2021-09-15,DU,0
Pfizer,10,2021-09-15,R,1646
Pfizer,10,2021-09-16,D1,5
Pfizer,10,2021-09-16,D2,13
Pfizer,10,2021-09-16,DU,0
Pfizer,10,2021-09-16,R,1519
Pfizer,10,2021-09-17,D1,1
Pfizer,10,2021-09-17,D2,25
Pfizer,10,2021-09-17,DU,0
Pfizer,10,2021-09-17,R,1241
Pfizer,10,2021-09-18,D1,2
Pfizer,10,2021-09-18,D2,7
Pfizer,10,2021-09-18,DU,0
Pfizer,10,2021-09-18,R,411
Pfizer,10,2021-09-19,D1,0
Pfizer,10,2021-09-19,D2,1
Pfizer,10,2021-09-19,DU,0
Pfizer,10,2021-09-19,R,44
Pfizer,10,2021-09-20,D1,2
Pfizer,10,2021-09-20,D2,18
Pfizer,10,2021-09-20,DU,0
Pfizer,10,2021-09-20,R,1471
Pfizer,10,2021-09-21,D1,6
Pfizer,10,2021-09-21,D2,14
Pfizer,10,2021-09-21,DU,0
Pfizer,10,2021-09-21,R,1440
Pfizer,10,2021-09-22,D1,2
Pfizer,10,2021-09-22,D2,9
Pfizer,10,2021-09-22,DU,0
Pfizer,10,2021-09-22,R,1160
Pfizer,10,2021-09-23,D1,4
Pfizer,10,2021-09-23,D2,13
Pfizer,10,2021-09-23,DU,0
Pfizer,10,2021-09-23,R,1656
Pfizer,10,2021-09-24,D1,6
Pfizer,10,2021-09-24,D2,15
Pfizer,10,2021-09-24,DU,0
Pfizer,10,2021-09-24,R,1412
Pfizer,10,2021-09-25,D1,1
Pfizer,10,2021-09-25,D2,4
Pfizer,10,2021-09-25,DU,0
Pfizer,10,2021-09-25,R,370
Pfizer,10,2021-09-26,D1,0
Pfizer,10,2021-09-26,D2,0
Pfizer,10,2021-09-26,DU,0
Pfizer,10,2021-09-26,R,43
Pfizer,10,2021-09-27,D1,5
Pfizer,10,2021-09-27,D2,19
Pfizer,10,2021-09-27,DU,0
Pfizer,10,2021-09-27,R,1478
Pfizer,10,2021-09-28,D1,5
Pfizer,10,2021-09-28,D2,24
Pfizer,10,2021-09-28,DU,0
Pfizer,10,2021-09-28,R,1485
Pfizer,10,2021-09-29,D1,2
Pfizer,10,2021-09-29,D2,10
Pfizer,10,2021-09-29,DU,0
Pfizer,10,2021-09-29,R,1256
Pfizer,10,2021-09-30,D1,3
Pfizer,10,2021-09-30,D2,13
Pfizer,10,2021-09-30,DU,0
Pfizer,10,2021-09-30,R,1001
Pfizer,10,2021-10-01,D1,4
Pfizer,10,2021-10-01,D2,7
Pfizer,10,2021-10-01,DU,0
Pfizer,10,2021-10-01,R,790
Pfizer,10,2021-10-02,D1,3
Pfizer,10,2021-10-02,D2,15
Pfizer,10,2021-10-02,DU,0
Pfizer,10,2021-10-02,R,937
Pfizer,10,2021-10-03,D1,0
Pfizer,10,2021-10-03,D2,0
Pfizer,10,2021-10-03,DU,0
Pfizer,10,2021-10-03,R,18
Pfizer,10,2021-10-04,D1,1
Pfizer,10,2021-10-04,D2,8
Pfizer,10,2021-10-04,DU,0
Pfizer,10,2021-10-04,R,717
Pfizer,10,2021-10-05,D1,4
Pfizer,10,2021-10-05,D2,6
Pfizer,10,2021-10-05,DU,0
Pfizer,10,2021-10-05,R,761
Pfizer,10,2021-10-06,D1,8
Pfizer,10,2021-10-06,D2,7
Pfizer,10,2021-10-06,DU,1
Pfizer,10,2021-10-06,R,809
Pfizer,10,2021-10-07,D1,4
Pfizer,10,2021-10-07,D2,13
Pfizer,10,2021-10-07,DU,0
Pfizer,10,2021-10-07,R,641
Pfizer,10,2021-10-08,D1,3
Pfizer,10,2021-10-08,D2,9
Pfizer,10,2021-10-08,DU,0
Pfizer,10,2021-10-08,R,653
Pfizer,10,2021-10-09,D1,1
Pfizer,10,2021-10-09,D2,5
Pfizer,10,2021-10-09,DU,0
Pfizer,10,2021-10-09,R,112
Pfizer,10,2021-10-10,D1,0
Pfizer,10,2021-10-10,D2,1
Pfizer,10,2021-10-10,DU,0
Pfizer,10,2021-10-10,R,17
Pfizer,10,2021-10-11,D1,0
Pfizer,10,2021-10-11,D2,0
Pfizer,10,2021-10-11,DU,0
Pfizer,10,2021-10-11,R,151
Pfizer,10,2021-10-12,D1,0
Pfizer,10,2021-10-12,D2,0
Pfizer,10,2021-10-12,DU,0
Pfizer,10,2021-10-12,R,55
Pfizer,10,2021-10-13,D1,7
Pfizer,10,2021-10-13,D2,9
Pfizer,10,2021-10-13,DU,0
Pfizer,10,2021-10-13,R,627
Pfizer,10,2021-10-14,D1,5
Pfizer,10,2021-10-14,D2,6
Pfizer,10,2021-10-14,DU,0
Pfizer,10,2021-10-14,R,758
Pfizer,10,2021-10-15,D1,2
Pfizer,10,2021-10-15,D2,6
Pfizer,10,2021-10-15,DU,0
Pfizer,10,2021-10-15,R,753
Pfizer,10,2021-10-16,D1,5
Pfizer,10,2021-10-16,D2,4
Pfizer,10,2021-10-16,DU,0
Pfizer,10,2021-10-16,R,555
Pfizer,10,2021-10-17,D1,0
Pfizer,10,2021-10-17,D2,0
Pfizer,10,2021-10-17,DU,0
Pfizer,10,2021-10-17,R,7
Pfizer,10,2021-10-18,D1,9
Pfizer,10,2021-10-18,D2,7
Pfizer,10,2021-10-18,DU,0
Pfizer,10,2021-10-18,R,491
Pfizer,10,2021-10-19,D1,11
Pfizer,10,2021-10-19,D2,5
Pfizer,10,2021-10-19,DU,0
Pfizer,10,2021-10-19,R,702
Pfizer,10,2021-10-20,D1,8
Pfizer,10,2021-10-20,D2,10
Pfizer,10,2021-10-20,DU,0
Pfizer,10,2021-10-20,R,688
Pfizer,10,2021-10-21,D1,7
Pfizer,10,2021-10-21,D2,10
Pfizer,10,2021-10-21,DU,0
Pfizer,10,2021-10-21,R,685
Pfizer,10,2021-10-22,D1,4
Pfizer,10,2021-10-22,D2,5
Pfizer,10,2021-10-22,DU,0
Pfizer,10,2021-10-22,R,683
Pfizer,10,2021-10-23,D1,1
Pfizer,10,2021-10-23,D2,6
Pfizer,10,2021-10-23,DU,0
Pfizer,10,2021-10-23,R,304
Pfizer,10,2021-10-24,D1,0
Pfizer,10,2021-10-24,D2,0
Pfizer,10,2021-10-24,DU,0
Pfizer,10,2021-10-24,R,11
Pfizer,10,2021-10-25,D1,7
Pfizer,10,2021-10-25,D2,6
Pfizer,10,2021-10-25,DU,0
Pfizer,10,2021-10-25,R,635
Pfizer,10,2021-10-26,D1,5
Pfizer,10,2021-10-26,D2,5
Pfizer,10,2021-10-26,DU,0
Pfizer,10,2021-10-26,R,746
Pfizer,10,2021-10-27,D1,1
Pfizer,10,2021-10-27,D2,6
Pfizer,10,2021-10-27,DU,0
Pfizer,10,2021-10-27,R,789
Pfizer,10,2021-10-28,D1,6
Pfizer,10,2021-10-28,D2,12
Pfizer,10,2021-10-28,DU,0
Pfizer,10,2021-10-28,R,724
Pfizer,10,2021-10-29,D1,1
Pfizer,10,2021-10-29,D2,3
Pfizer,10,2021-10-29,DU,0
Pfizer,10,2021-10-29,R,543
Pfizer,10,2021-10-30,D1,2
Pfizer,10,2021-10-30,D2,1
Pfizer,10,2021-10-30,DU,0
Pfizer,10,2021-10-30,R,246
Pfizer,10,2021-10-31,D1,0
Pfizer,10,2021-10-31,D2,0
Pfizer,10,2021-10-31,DU,0
Pfizer,10,2021-10-31,R,10
Pfizer,10,2021-11-01,D1,0
Pfizer,10,2021-11-01,D2,1
Pfizer,10,2021-11-01,DU,0
Pfizer,10,2021-11-01,R,98
Pfizer,10,2021-11-02,D1,0
Pfizer,10,2021-11-02,D2,0
Pfizer,10,2021-11-02,DU,0
Pfizer,10,2021-11-02,R,49
Pfizer,10,2021-11-03,D1,6
Pfizer,10,2021-11-03,D2,7
Pfizer,10,2021-11-03,DU,0
Pfizer,10,2021-11-03,R,689
Pfizer,10,2021-11-04,D1,8
Pfizer,10,2021-11-04,D2,8
Pfizer,10,2021-11-04,DU,0
Pfizer,10,2021-11-04,R,699
Pfizer,10,2021-11-05,D1,13
Pfizer,10,2021-11-05,D2,6
Pfizer,10,2021-11-05,DU,0
Pfizer,10,2021-11-05,R,698
Pfizer,10,2021-11-06,D1,2
Pfizer,10,2021-11-06,D2,9
Pfizer,10,2021-11-06,DU,0
Pfizer,10,2021-11-06,R,360
Pfizer,10,2021-11-07,D1,0
Pfizer,10,2021-11-07,D2,1
Pfizer,10,2021-11-07,DU,0
Pfizer,10,2021-11-07,R,16
Pfizer,10,2021-11-08,D1,8
Pfizer,10,2021-11-08,D2,9
Pfizer,10,2021-11-08,DU,0
Pfizer,10,2021-11-08,R,904
Pfizer,10,2021-11-09,D1,6
Pfizer,10,2021-11-09,D2,4
Pfizer,10,2021-11-09,DU,0
Pfizer,10,2021-11-09,R,699
Pfizer,10,2021-11-10,D1,1
Pfizer,10,2021-11-10,D2,5
Pfizer,10,2021-11-10,DU,0
Pfizer,10,2021-11-10,R,462
Pfizer,10,2021-11-11,D1,5
Pfizer,10,2021-11-11,D2,9
Pfizer,10,2021-11-11,DU,0
Pfizer,10,2021-11-11,R,602
Pfizer,10,2021-11-12,D1,2
Pfizer,10,2021-11-12,D2,7
Pfizer,10,2021-11-12,DU,0
Pfizer,10,2021-11-12,R,761
Pfizer,10,2021-11-13,D1,1
Pfizer,10,2021-11-13,D2,4
Pfizer,10,2021-11-13,DU,0
Pfizer,10,2021-11-13,R,361
Pfizer,10,2021-11-14,D1,0
Pfizer,10,2021-11-14,D2,1
Pfizer,10,2021-11-14,DU,0
Pfizer,10,2021-11-14,R,15
Pfizer,10,2021-11-15,D1,1
Pfizer,10,2021-11-15,D2,1
Pfizer,10,2021-11-15,DU,0
Pfizer,10,2021-11-15,R,81
Pfizer,10,2021-11-16,D1,8
Pfizer,10,2021-11-16,D2,6
Pfizer,10,2021-11-16,DU,0
Pfizer,10,2021-11-16,R,878
Pfizer,10,2021-11-17,D1,11
Pfizer,10,2021-11-17,D2,10
Pfizer,10,2021-11-17,DU,0
Pfizer,10,2021-11-17,R,1462
Pfizer,10,2021-11-18,D1,4
Pfizer,10,2021-11-18,D2,1
Pfizer,10,2021-11-18,DU,0
Pfizer,10,2021-11-18,R,2530
Pfizer,10,2021-11-19,D1,0
Pfizer,10,2021-11-19,D2,0
Pfizer,10,2021-11-19,DU,0
Pfizer,10,2021-11-19,R,114
Pfizer,10,2021-11-20,D1,3
Pfizer,10,2021-11-20,D2,0
Pfizer,10,2021-11-20,DU,0
Pfizer,10,2021-11-20,R,2756
Pfizer,10,2021-11-21,D1,0
Pfizer,10,2021-11-21,D2,0
Pfizer,10,2021-11-21,DU,0
Pfizer,10,2021-11-21,R,129
Pfizer,10,2021-11-22,D1,0
Pfizer,10,2021-11-22,D2,0
Pfizer,10,2021-11-22,DU,0
Pfizer,10,2021-11-22,R,37
Pfizer,10,2021-11-23,D1,0
Pfizer,10,2021-11-23,D2,6
Pfizer,10,2021-11-23,DU,0
Pfizer,10,2021-11-23,R,476
Pfizer,10,2021-11-24,D1,0
Pfizer,10,2021-11-24,D2,1
Pfizer,10,2021-11-24,DU,0
Pfizer,10,2021-11-24,R,100
Pfizer,10,2021-11-25,D1,0
Pfizer,10,2021-11-25,D2,0
Pfizer,10,2021-11-25,DU,0
Pfizer,10,2021-11-25,R,46
Pfizer,10,2021-11-26,D1,0
Pfizer,10,2021-11-26,D2,13
Pfizer,10,2021-11-26,DU,0
Pfizer,10,2021-11-26,R,67
Pfizer,10,2021-11-27,D1,0
Pfizer,10,2021-11-27,D2,0
Pfizer,10,2021-11-27,DU,0
Pfizer,10,2021-11-27,R,10
Pfizer,10,2021-11-29,D1,0
Pfizer,10,2021-11-29,D2,0
Pfizer,10,2021-11-29,DU,0
Pfizer,10,2021-11-29,R,27
Pfizer,10,2021-11-30,D1,0
Pfizer,10,2021-11-30,D2,0
Pfizer,10,2021-11-30,DU,0
Pfizer,10,2021-11-30,R,33
Pfizer,10,2021-12-01,D1,0
Pfizer,10,2021-12-01,D2,0
Pfizer,10,2021-12-01,DU,0
Pfizer,10,2021-12-01,R,19
Pfizer,10,2021-12-02,D1,0
Pfizer,10,2021-12-02,D2,8
Pfizer,10,2021-12-02,DU,0
Pfizer,10,2021-12-02,R,13
Pfizer,10,2021-12-03,D1,0
Pfizer,10,2021-12-03,D2,0
Pfizer,10,2021-12-03,DU,0
Pfizer,10,2021-12-03,R,17
Pfizer,10,2021-12-04,D1,5
Pfizer,10,2021-12-04,D2,0
Pfizer,10,2021-12-04,DU,0
Pfizer,10,2021-12-04,R,606
Pfizer,10,2021-12-05,D1,0
Pfizer,10,2021-12-05,D2,0
Pfizer,10,2021-12-05,DU,0
Pfizer,10,2021-12-05,R,24
Pfizer,10,2021-12-06,D1,0
Pfizer,10,2021-12-06,D2,0
Pfizer,10,2021-12-06,DU,0
Pfizer,10,2021-12-06,R,10
Pfizer,10,2021-12-07,D1,1
Pfizer,10,2021-12-07,D2,0
Pfizer,10,2021-12-07,DU,0
Pfizer,10,2021-12-07,R,704
Pfizer,10,2021-12-08,D1,0
Pfizer,10,2021-12-08,D2,0
Pfizer,10,2021-12-08,DU,0
Pfizer,10,2021-12-08,R,2
Pfizer,10,2021-12-09,D1,0
Pfizer,10,2021-12-09,D2,0
Pfizer,10,2021-12-09,DU,0
Pfizer,10,2021-12-09,R,4
Pfizer,10,2021-12-10,D1,0
Pfizer,10,2021-12-10,D2,0
Pfizer,10,2021-12-10,DU,0
Pfizer,10,2021-12-10,R,5
Pfizer,10,2021-12-11,D1,0
Pfizer,10,2021-12-11,D2,0
Pfizer,10,2021-12-11,DU,0
Pfizer,10,2021-12-11,R,2
Pfizer,10,2021-12-12,D1,0
Pfizer,10,2021-12-12,D2,0
Pfizer,10,2021-12-12,DU,0
Pfizer,10,2021-12-12,R,4
Pfizer,10,2021-12-13,D1,0
Pfizer,10,2021-12-13,D2,0
Pfizer,10,2021-12-13,DU,0
Pfizer,10,2021-12-13,R,3
Pfizer,10,2021-12-14,D1,3
Pfizer,10,2021-12-14,D2,0
Pfizer,10,2021-12-14,DU,0
Pfizer,10,2021-12-14,R,566
Pfizer,10,2021-12-15,D1,0
Pfizer,10,2021-12-15,D2,0
Pfizer,10,2021-12-15,DU,0
Pfizer,10,2021-12-15,R,2
Pfizer,10,2021-12-16,D1,0
Pfizer,10,2021-12-16,D2,0
Pfizer,10,2021-12-16,DU,0
Pfizer,10,2021-12-16,R,3
Pfizer,10,2021-12-17,D1,2
Pfizer,10,2021-12-17,D2,2
Pfizer,10,2021-12-17,DU,0
Pfizer,10,2021-12-17,R,473
Pfizer,10,2021-12-18,D1,0
Pfizer,10,2021-12-18,D2,0
Pfizer,10,2021-12-18,DU,0
Pfizer,10,2021-12-18,R,3
Pfizer,10,2021-12-19,D1,0
Pfizer,10,2021-12-19,D2,0
Pfizer,10,2021-12-19,DU,0
Pfizer,10,2021-12-19,R,14
Pfizer,10,2021-12-20,D1,1
Pfizer,10,2021-12-20,D2,1
Pfizer,10,2021-12-20,DU,0
Pfizer,10,2021-12-20,R,139
Pfizer,10,2021-12-21,D1,0
Pfizer,10,2021-12-21,D2,0
Pfizer,10,2021-12-21,DU,0
Pfizer,10,2021-12-21,R,4
Pfizer,10,2021-12-22,D1,0
Pfizer,10,2021-12-22,D2,0
Pfizer,10,2021-12-22,DU,0
Pfizer,10,2021-12-22,R,6
Pfizer,10,2021-12-23,D1,1
Pfizer,10,2021-12-23,D2,0
Pfizer,10,2021-12-23,DU,0
Pfizer,10,2021-12-23,R,108
Pfizer,10,2021-12-27,D1,2
Pfizer,10,2021-12-27,D2,1
Pfizer,10,2021-12-27,DU,0
Pfizer,10,2021-12-27,R,268
Pfizer,10,2021-12-28,D1,2
Pfizer,10,2021-12-28,D2,3
Pfizer,10,2021-12-28,DU,0
Pfizer,10,2021-12-28,R,297
Pfizer,10,2021-12-29,D1,0
Pfizer,10,2021-12-29,D2,0
Pfizer,10,2021-12-29,DU,0
Pfizer,10,2021-12-29,R,2
Pfizer,10,2021-12-30,D1,0
Pfizer,10,2021-12-30,D2,0
Pfizer,10,2021-12-30,DU,0
Pfizer,10,2021-12-30,R,1
Pfizer,10,2022-01-03,D1,1
Pfizer,10,2022-01-03,D2,0
Pfizer,10,2022-01-03,DU,0
Pfizer,10,2022-01-03,R,125
Pfizer,10,2022-01-04,D1,2
Pfizer,10,2022-01-04,D2,3
Pfizer,10,2022-01-04,DU,0
Pfizer,10,2022-01-04,R,278
Pfizer,10,2022-01-05,D1,0
Pfizer,10,2022-01-05,D2,0
Pfizer,10,2022-01-05,DU,0
Pfizer,10,2022-01-05,R,4
Pfizer,10,2022-01-06,D1,0
Pfizer,10,2022-01-06,D2,0
Pfizer,10,2022-01-06,DU,0
Pfizer,10,2022-01-06,R,1
Pfizer,10,2022-01-08,D1,0
Pfizer,10,2022-01-08,D2,0
Pfizer,10,2022-01-08,DU,0
Pfizer,10,2022-01-08,R,4
Pfizer,10,2022-01-10,D1,0
Pfizer,10,2022-01-10,D2,0
Pfizer,10,2022-01-10,DU,0
Pfizer,10,2022-01-10,R,194
Pfizer,10,2022-01-11,D1,1
Pfizer,10,2022-01-11,D2,1
Pfizer,10,2022-01-11,DU,0
Pfizer,10,2022-01-11,R,180
Pfizer,10,2022-01-12,D1,0
Pfizer,10,2022-01-12,D2,0
Pfizer,10,2022-01-12,DU,0
Pfizer,10,2022-01-12,R,4
Pfizer,10,2022-01-13,D1,1
Pfizer,10,2022-01-13,D2,0
Pfizer,10,2022-01-13,DU,0
Pfizer,10,2022-01-13,R,235
Pfizer,10,2022-01-14,D1,0
Pfizer,10,2022-01-14,D2,0
Pfizer,10,2022-01-14,DU,0
Pfizer,10,2022-01-14,R,14
Pfizer,11,2021-02-10,D1,1
Pfizer,11,2021-02-10,D2,0
Pfizer,11,2021-02-10,DU,0
Pfizer,11,2021-02-10,R,0
Pfizer,11,2021-03-03,D1,0
Pfizer,11,2021-03-03,D2,1
Pfizer,11,2021-03-03,DU,0
Pfizer,11,2021-03-03,R,0
Pfizer,11,2021-05-07,D1,1
Pfizer,11,2021-05-07,D2,0
Pfizer,11,2021-05-07,DU,0
Pfizer,11,2021-05-07,R,0
Pfizer,11,2021-05-14,D1,2
Pfizer,11,2021-05-14,D2,0
Pfizer,11,2021-05-14,DU,0
Pfizer,11,2021-05-14,R,0
Pfizer,11,2021-05-15,D1,1
Pfizer,11,2021-05-15,D2,0
Pfizer,11,2021-05-15,DU,0
Pfizer,11,2021-05-15,R,0
Pfizer,11,2021-05-17,D1,2
Pfizer,11,2021-05-17,D2,0
Pfizer,11,2021-05-17,DU,0
Pfizer,11,2021-05-17,R,0
Pfizer,11,2021-05-18,D1,4
Pfizer,11,2021-05-18,D2,0
Pfizer,11,2021-05-18,DU,0
Pfizer,11,2021-05-18,R,0
Pfizer,11,2021-05-19,D1,1
Pfizer,11,2021-05-19,D2,0
Pfizer,11,2021-05-19,DU,0
Pfizer,11,2021-05-19,R,0
Pfizer,11,2021-05-20,D1,1
Pfizer,11,2021-05-20,D2,0
Pfizer,11,2021-05-20,DU,0
Pfizer,11,2021-05-20,R,0
Pfizer,11,2021-05-25,D1,3
Pfizer,11,2021-05-25,D2,0
Pfizer,11,2021-05-25,DU,0
Pfizer,11,2021-05-25,R,0
Pfizer,11,2021-05-26,D1,1
Pfizer,11,2021-05-26,D2,0
Pfizer,11,2021-05-26,DU,0
Pfizer,11,2021-05-26,R,0
Pfizer,11,2021-05-27,D1,1
Pfizer,11,2021-05-27,D2,0
Pfizer,11,2021-05-27,DU,0
Pfizer,11,2021-05-27,R,0
Pfizer,11,2021-05-28,D1,1
Pfizer,11,2021-05-28,D2,0
Pfizer,11,2021-05-28,DU,0
Pfizer,11,2021-05-28,R,0
Pfizer,11,2021-06-02,D1,1
Pfizer,11,2021-06-02,D2,0
Pfizer,11,2021-06-02,DU,0
Pfizer,11,2021-06-02,R,0
Pfizer,11,2021-06-04,D1,2
Pfizer,11,2021-06-04,D2,0
Pfizer,11,2021-06-04,DU,0
Pfizer,11,2021-06-04,R,0
Pfizer,11,2021-06-07,D1,1
Pfizer,11,2021-06-07,D2,0
Pfizer,11,2021-06-07,DU,0
Pfizer,11,2021-06-07,R,0
Pfizer,11,2021-06-08,D1,2
Pfizer,11,2021-06-08,D2,0
Pfizer,11,2021-06-08,DU,0
Pfizer,11,2021-06-08,R,0
Pfizer,11,2021-06-09,D1,2
Pfizer,11,2021-06-09,D2,0
Pfizer,11,2021-06-09,DU,0
Pfizer,11,2021-06-09,R,0
Pfizer,11,2021-06-10,D1,1
Pfizer,11,2021-06-10,D2,0
Pfizer,11,2021-06-10,DU,0
Pfizer,11,2021-06-10,R,0
Pfizer,11,2021-06-12,D1,2
Pfizer,11,2021-06-12,D2,0
Pfizer,11,2021-06-12,DU,0
Pfizer,11,2021-06-12,R,0
Pfizer,11,2021-06-15,D1,3
Pfizer,11,2021-06-15,D2,0
Pfizer,11,2021-06-15,DU,0
Pfizer,11,2021-06-15,R,0
Pfizer,11,2021-06-17,D1,1
Pfizer,11,2021-06-17,D2,0
Pfizer,11,2021-06-17,DU,0
Pfizer,11,2021-06-17,R,0
Pfizer,11,2021-06-22,D1,2
Pfizer,11,2021-06-22,D2,0
Pfizer,11,2021-06-22,DU,0
Pfizer,11,2021-06-22,R,0
Pfizer,11,2021-06-23,D1,2
Pfizer,11,2021-06-23,D2,0
Pfizer,11,2021-06-23,DU,0
Pfizer,11,2021-06-23,R,0
Pfizer,11,2021-06-24,D1,2
Pfizer,11,2021-06-24,D2,0
Pfizer,11,2021-06-24,DU,0
Pfizer,11,2021-06-24,R,0
Pfizer,11,2021-06-25,D1,3
Pfizer,11,2021-06-25,D2,0
Pfizer,11,2021-06-25,DU,0
Pfizer,11,2021-06-25,R,0
Pfizer,11,2021-06-26,D1,1
Pfizer,11,2021-06-26,D2,0
Pfizer,11,2021-06-26,DU,0
Pfizer,11,2021-06-26,R,0
Pfizer,11,2021-06-28,D1,4
Pfizer,11,2021-06-28,D2,0
Pfizer,11,2021-06-28,DU,0
Pfizer,11,2021-06-28,R,0
Pfizer,11,2021-06-29,D1,2
Pfizer,11,2021-06-29,D2,0
Pfizer,11,2021-06-29,DU,0
Pfizer,11,2021-06-29,R,0
Pfizer,11,2021-07-03,D1,2
Pfizer,11,2021-07-03,D2,0
Pfizer,11,2021-07-03,DU,0
Pfizer,11,2021-07-03,R,0
Pfizer,11,2021-07-05,D1,2
Pfizer,11,2021-07-05,D2,0
Pfizer,11,2021-07-05,DU,0
Pfizer,11,2021-07-05,R,0
Pfizer,11,2021-07-06,D1,1
Pfizer,11,2021-07-06,D2,0
Pfizer,11,2021-07-06,DU,0
Pfizer,11,2021-07-06,R,0
Pfizer,11,2021-07-07,D1,1
Pfizer,11,2021-07-07,D2,0
Pfizer,11,2021-07-07,DU,0
Pfizer,11,2021-07-07,R,0
Pfizer,11,2021-07-08,D1,1
Pfizer,11,2021-07-08,D2,0
Pfizer,11,2021-07-08,DU,0
Pfizer,11,2021-07-08,R,0
Pfizer,11,2021-07-09,D1,1
Pfizer,11,2021-07-09,D2,0
Pfizer,11,2021-07-09,DU,0
Pfizer,11,2021-07-09,R,0
Pfizer,11,2021-07-12,D1,2
Pfizer,11,2021-07-12,D2,0
Pfizer,11,2021-07-12,DU,0
Pfizer,11,2021-07-12,R,0
Pfizer,11,2021-07-13,D1,1
Pfizer,11,2021-07-13,D2,0
Pfizer,11,2021-07-13,DU,0
Pfizer,11,2021-07-13,R,0
Pfizer,11,2021-07-14,D1,1
Pfizer,11,2021-07-14,D2,0
Pfizer,11,2021-07-14,DU,0
Pfizer,11,2021-07-14,R,0
Pfizer,11,2021-07-15,D1,1
Pfizer,11,2021-07-15,D2,0
Pfizer,11,2021-07-15,DU,0
Pfizer,11,2021-07-15,R,0
Pfizer,11,2021-07-16,D1,2
Pfizer,11,2021-07-16,D2,0
Pfizer,11,2021-07-16,DU,0
Pfizer,11,2021-07-16,R,0
Pfizer,11,2021-07-17,D1,2
Pfizer,11,2021-07-17,D2,0
Pfizer,11,2021-07-17,DU,0
Pfizer,11,2021-07-17,R,0
Pfizer,11,2021-07-20,D1,1
Pfizer,11,2021-07-20,D2,0
Pfizer,11,2021-07-20,DU,0
Pfizer,11,2021-07-20,R,0
Pfizer,11,2021-07-23,D1,1
Pfizer,11,2021-07-23,D2,0
Pfizer,11,2021-07-23,DU,0
Pfizer,11,2021-07-23,R,0
Pfizer,11,2021-07-26,D1,1
Pfizer,11,2021-07-26,D2,0
Pfizer,11,2021-07-26,DU,0
Pfizer,11,2021-07-26,R,0
Pfizer,11,2021-07-27,D1,1
Pfizer,11,2021-07-27,D2,0
Pfizer,11,2021-07-27,DU,0
Pfizer,11,2021-07-27,R,0
Pfizer,11,2021-07-30,D1,0
Pfizer,11,2021-07-30,D2,1
Pfizer,11,2021-07-30,DU,0
Pfizer,11,2021-07-30,R,0
Pfizer,11,2021-08-06,D1,2
Pfizer,11,2021-08-06,D2,1
Pfizer,11,2021-08-06,DU,0
Pfizer,11,2021-08-06,R,0
Pfizer,11,2021-08-07,D1,0
Pfizer,11,2021-08-07,D2,1
Pfizer,11,2021-08-07,DU,0
Pfizer,11,2021-08-07,R,0
Pfizer,11,2021-08-09,D1,1
Pfizer,11,2021-08-09,D2,4
Pfizer,11,2021-08-09,DU,0
Pfizer,11,2021-08-09,R,0
Pfizer,11,2021-08-10,D1,1
Pfizer,11,2021-08-10,D2,2
Pfizer,11,2021-08-10,DU,0
Pfizer,11,2021-08-10,R,0
Pfizer,11,2021-08-11,D1,1
Pfizer,11,2021-08-11,D2,1
Pfizer,11,2021-08-11,DU,0
Pfizer,11,2021-08-11,R,0
Pfizer,11,2021-08-13,D1,1
Pfizer,11,2021-08-13,D2,0
Pfizer,11,2021-08-13,DU,0
Pfizer,11,2021-08-13,R,0
Pfizer,11,2021-08-14,D1,1
Pfizer,11,2021-08-14,D2,1
Pfizer,11,2021-08-14,DU,0
Pfizer,11,2021-08-14,R,0
Pfizer,11,2021-08-15,D1,1
Pfizer,11,2021-08-15,D2,0
Pfizer,11,2021-08-15,DU,0
Pfizer,11,2021-08-15,R,0
Pfizer,11,2021-08-16,D1,1
Pfizer,11,2021-08-16,D2,1
Pfizer,11,2021-08-16,DU,0
Pfizer,11,2021-08-16,R,0
Pfizer,11,2021-08-17,D1,0
Pfizer,11,2021-08-17,D2,1
Pfizer,11,2021-08-17,DU,0
Pfizer,11,2021-08-17,R,0
Pfizer,11,2021-08-18,D1,0
Pfizer,11,2021-08-18,D2,1
Pfizer,11,2021-08-18,DU,0
Pfizer,11,2021-08-18,R,0
Pfizer,11,2021-08-19,D1,1
Pfizer,11,2021-08-19,D2,0
Pfizer,11,2021-08-19,DU,0
Pfizer,11,2021-08-19,R,0
Pfizer,11,2021-08-20,D1,1
Pfizer,11,2021-08-20,D2,1
Pfizer,11,2021-08-20,DU,0
Pfizer,11,2021-08-20,R,0
Pfizer,11,2021-08-24,D1,0
Pfizer,11,2021-08-24,D2,1
Pfizer,11,2021-08-24,DU,0
Pfizer,11,2021-08-24,R,0
Pfizer,11,2021-08-27,D1,0
Pfizer,11,2021-08-27,D2,1
Pfizer,11,2021-08-27,DU,0
Pfizer,11,2021-08-27,R,0
Pfizer,11,2021-08-28,D1,0
Pfizer,11,2021-08-28,D2,1
Pfizer,11,2021-08-28,DU,0
Pfizer,11,2021-08-28,R,0
Pfizer,11,2021-08-30,D1,1
Pfizer,11,2021-08-30,D2,0
Pfizer,11,2021-08-30,DU,0
Pfizer,11,2021-08-30,R,0
Pfizer,11,2021-08-31,D1,2
Pfizer,11,2021-08-31,D2,4
Pfizer,11,2021-08-31,DU,0
Pfizer,11,2021-08-31,R,0
Pfizer,11,2021-09-01,D1,1
Pfizer,11,2021-09-01,D2,2
Pfizer,11,2021-09-01,DU,0
Pfizer,11,2021-09-01,R,1
Pfizer,11,2021-09-03,D1,3
Pfizer,11,2021-09-03,D2,1
Pfizer,11,2021-09-03,DU,0
Pfizer,11,2021-09-03,R,1
Pfizer,11,2021-09-04,D1,1
Pfizer,11,2021-09-04,D2,2
Pfizer,11,2021-09-04,DU,0
Pfizer,11,2021-09-04,R,0
Pfizer,11,2021-09-06,D1,1
Pfizer,11,2021-09-06,D2,1
Pfizer,11,2021-09-06,DU,0
Pfizer,11,2021-09-06,R,11
Pfizer,11,2021-09-07,D1,0
Pfizer,11,2021-09-07,D2,0
Pfizer,11,2021-09-07,DU,0
Pfizer,11,2021-09-07,R,1
Pfizer,11,2021-09-08,D1,0
Pfizer,11,2021-09-08,D2,1
Pfizer,11,2021-09-08,DU,0
Pfizer,11,2021-09-08,R,22
Pfizer,11,2021-09-09,D1,0
Pfizer,11,2021-09-09,D2,0
Pfizer,11,2021-09-09,DU,0
Pfizer,11,2021-09-09,R,43
Pfizer,11,2021-09-10,D1,0
Pfizer,11,2021-09-10,D2,0
Pfizer,11,2021-09-10,DU,0
Pfizer,11,2021-09-10,R,48
Pfizer,11,2021-09-11,D1,1
Pfizer,11,2021-09-11,D2,1
Pfizer,11,2021-09-11,DU,0
Pfizer,11,2021-09-11,R,51
Pfizer,11,2021-09-12,D1,0
Pfizer,11,2021-09-12,D2,0
Pfizer,11,2021-09-12,DU,0
Pfizer,11,2021-09-12,R,4
Pfizer,11,2021-09-13,D1,0
Pfizer,11,2021-09-13,D2,1
Pfizer,11,2021-09-13,DU,0
Pfizer,11,2021-09-13,R,38
Pfizer,11,2021-09-14,D1,1
Pfizer,11,2021-09-14,D2,1
Pfizer,11,2021-09-14,DU,0
Pfizer,11,2021-09-14,R,46
Pfizer,11,2021-09-15,D1,1
Pfizer,11,2021-09-15,D2,7
Pfizer,11,2021-09-15,DU,0
Pfizer,11,2021-09-15,R,438
Pfizer,11,2021-09-16,D1,3
Pfizer,11,2021-09-16,D2,3
Pfizer,11,2021-09-16,DU,0
Pfizer,11,2021-09-16,R,445
Pfizer,11,2021-09-17,D1,0
Pfizer,11,2021-09-17,D2,5
Pfizer,11,2021-09-17,DU,0
Pfizer,11,2021-09-17,R,320
Pfizer,11,2021-09-18,D1,0
Pfizer,11,2021-09-18,D2,0
Pfizer,11,2021-09-18,DU,0
Pfizer,11,2021-09-18,R,97
Pfizer,11,2021-09-19,D1,0
Pfizer,11,2021-09-19,D2,0
Pfizer,11,2021-09-19,DU,0
Pfizer,11,2021-09-19,R,12
Pfizer,11,2021-09-20,D1,2
Pfizer,11,2021-09-20,D2,7
Pfizer,11,2021-09-20,DU,0
Pfizer,11,2021-09-20,R,233
Pfizer,11,2021-09-21,D1,1
Pfizer,11,2021-09-21,D2,0
Pfizer,11,2021-09-21,DU,0
Pfizer,11,2021-09-21,R,281
Pfizer,11,2021-09-22,D1,1
Pfizer,11,2021-09-22,D2,1
Pfizer,11,2021-09-22,DU,0
Pfizer,11,2021-09-22,R,215
Pfizer,11,2021-09-23,D1,2
Pfizer,11,2021-09-23,D2,4
Pfizer,11,2021-09-23,DU,0
Pfizer,11,2021-09-23,R,241
Pfizer,11,2021-09-24,D1,2
Pfizer,11,2021-09-24,D2,1
Pfizer,11,2021-09-24,DU,0
Pfizer,11,2021-09-24,R,189
Pfizer,11,2021-09-25,D1,0
Pfizer,11,2021-09-25,D2,1
Pfizer,11,2021-09-25,DU,0
Pfizer,11,2021-09-25,R,84
Pfizer,11,2021-09-26,D1,0
Pfizer,11,2021-09-26,D2,0
Pfizer,11,2021-09-26,DU,0
Pfizer,11,2021-09-26,R,8
Pfizer,11,2021-09-27,D1,1
Pfizer,11,2021-09-27,D2,3
Pfizer,11,2021-09-27,DU,0
Pfizer,11,2021-09-27,R,156
Pfizer,11,2021-09-28,D1,0
Pfizer,11,2021-09-28,D2,2
Pfizer,11,2021-09-28,DU,0
Pfizer,11,2021-09-28,R,239
Pfizer,11,2021-09-29,D1,1
Pfizer,11,2021-09-29,D2,1
Pfizer,11,2021-09-29,DU,0
Pfizer,11,2021-09-29,R,167
Pfizer,11,2021-09-30,D1,0
Pfizer,11,2021-09-30,D2,2
Pfizer,11,2021-09-30,DU,0
Pfizer,11,2021-09-30,R,161
Pfizer,11,2021-10-01,D1,0
Pfizer,11,2021-10-01,D2,1
Pfizer,11,2021-10-01,DU,0
Pfizer,11,2021-10-01,R,96
Pfizer,11,2021-10-02,D1,0
Pfizer,11,2021-10-02,D2,0
Pfizer,11,2021-10-02,DU,0
Pfizer,11,2021-10-02,R,204
Pfizer,11,2021-10-03,D1,0
Pfizer,11,2021-10-03,D2,0
Pfizer,11,2021-10-03,DU,0
Pfizer,11,2021-10-03,R,3
Pfizer,11,2021-10-04,D1,1
Pfizer,11,2021-10-04,D2,5
Pfizer,11,2021-10-04,DU,0
Pfizer,11,2021-10-04,R,98
Pfizer,11,2021-10-05,D1,1
Pfizer,11,2021-10-05,D2,0
Pfizer,11,2021-10-05,DU,0
Pfizer,11,2021-10-05,R,113
Pfizer,11,2021-10-06,D1,0
Pfizer,11,2021-10-06,D2,3
Pfizer,11,2021-10-06,DU,0
Pfizer,11,2021-10-06,R,140
Pfizer,11,2021-10-07,D1,1
Pfizer,11,2021-10-07,D2,0
Pfizer,11,2021-10-07,DU,0
Pfizer,11,2021-10-07,R,90
Pfizer,11,2021-10-08,D1,0
Pfizer,11,2021-10-08,D2,1
Pfizer,11,2021-10-08,DU,0
Pfizer,11,2021-10-08,R,111
Pfizer,11,2021-10-09,D1,0
Pfizer,11,2021-10-09,D2,0
Pfizer,11,2021-10-09,DU,0
Pfizer,11,2021-10-09,R,33
Pfizer,11,2021-10-10,D1,0
Pfizer,11,2021-10-10,D2,0
Pfizer,11,2021-10-10,DU,0
Pfizer,11,2021-10-10,R,1
Pfizer,11,2021-10-11,D1,0
Pfizer,11,2021-10-11,D2,0
Pfizer,11,2021-10-11,DU,0
Pfizer,11,2021-10-11,R,14
Pfizer,11,2021-10-12,D1,0
Pfizer,11,2021-10-12,D2,0
Pfizer,11,2021-10-12,DU,0
Pfizer,11,2021-10-12,R,14
Pfizer,11,2021-10-13,D1,0
Pfizer,11,2021-10-13,D2,1
Pfizer,11,2021-10-13,DU,0
Pfizer,11,2021-10-13,R,85
Pfizer,11,2021-10-14,D1,1
Pfizer,11,2021-10-14,D2,2
Pfizer,11,2021-10-14,DU,0
Pfizer,11,2021-10-14,R,103
Pfizer,11,2021-10-15,D1,1
Pfizer,11,2021-10-15,D2,2
Pfizer,11,2021-10-15,DU,0
Pfizer,11,2021-10-15,R,104
Pfizer,11,2021-10-16,D1,1
Pfizer,11,2021-10-16,D2,1
Pfizer,11,2021-10-16,DU,0
Pfizer,11,2021-10-16,R,102
Pfizer,11,2021-10-17,D1,0
Pfizer,11,2021-10-17,D2,0
Pfizer,11,2021-10-17,DU,0
Pfizer,11,2021-10-17,R,3
Pfizer,11,2021-10-18,D1,1
Pfizer,11,2021-10-18,D2,0
Pfizer,11,2021-10-18,DU,0
Pfizer,11,2021-10-18,R,66
Pfizer,11,2021-10-19,D1,2
Pfizer,11,2021-10-19,D2,1
Pfizer,11,2021-10-19,DU,0
Pfizer,11,2021-10-19,R,100
Pfizer,11,2021-10-20,D1,1
Pfizer,11,2021-10-20,D2,2
Pfizer,11,2021-10-20,DU,0
Pfizer,11,2021-10-20,R,126
Pfizer,11,2021-10-21,D1,0
Pfizer,11,2021-10-21,D2,0
Pfizer,11,2021-10-21,DU,0
Pfizer,11,2021-10-21,R,104
Pfizer,11,2021-10-22,D1,2
Pfizer,11,2021-10-22,D2,2
Pfizer,11,2021-10-22,DU,0
Pfizer,11,2021-10-22,R,129
Pfizer,11,2021-10-23,D1,0
Pfizer,11,2021-10-23,D2,0
Pfizer,11,2021-10-23,DU,0
Pfizer,11,2021-10-23,R,60
Pfizer,11,2021-10-25,D1,1
Pfizer,11,2021-10-25,D2,0
Pfizer,11,2021-10-25,DU,0
Pfizer,11,2021-10-25,R,106
Pfizer,11,2021-10-26,D1,1
Pfizer,11,2021-10-26,D2,0
Pfizer,11,2021-10-26,DU,0
Pfizer,11,2021-10-26,R,113
Pfizer,11,2021-10-27,D1,1
Pfizer,11,2021-10-27,D2,1
Pfizer,11,2021-10-27,DU,0
Pfizer,11,2021-10-27,R,141
Pfizer,11,2021-10-28,D1,0
Pfizer,11,2021-10-28,D2,2
Pfizer,11,2021-10-28,DU,0
Pfizer,11,2021-10-28,R,113
Pfizer,11,2021-10-29,D1,0
Pfizer,11,2021-10-29,D2,2
Pfizer,11,2021-10-29,DU,0
Pfizer,11,2021-10-29,R,96
Pfizer,11,2021-10-30,D1,0
Pfizer,11,2021-10-30,D2,0
Pfizer,11,2021-10-30,DU,0
Pfizer,11,2021-10-30,R,70
Pfizer,11,2021-11-01,D1,0
Pfizer,11,2021-11-01,D2,1
Pfizer,11,2021-11-01,DU,0
Pfizer,11,2021-11-01,R,37
Pfizer,11,2021-11-02,D1,0
Pfizer,11,2021-11-02,D2,0
Pfizer,11,2021-11-02,DU,0
Pfizer,11,2021-11-02,R,19
Pfizer,11,2021-11-03,D1,2
Pfizer,11,2021-11-03,D2,1
Pfizer,11,2021-11-03,DU,0
Pfizer,11,2021-11-03,R,204
Pfizer,11,2021-11-04,D1,1
Pfizer,11,2021-11-04,D2,0
Pfizer,11,2021-11-04,DU,0
Pfizer,11,2021-11-04,R,157
Pfizer,11,2021-11-05,D1,0
Pfizer,11,2021-11-05,D2,3
Pfizer,11,2021-11-05,DU,0
Pfizer,11,2021-11-05,R,329
Pfizer,11,2021-11-06,D1,0
Pfizer,11,2021-11-06,D2,0
Pfizer,11,2021-11-06,DU,0
Pfizer,11,2021-11-06,R,105
Pfizer,11,2021-11-07,D1,0
Pfizer,11,2021-11-07,D2,0
Pfizer,11,2021-11-07,DU,0
Pfizer,11,2021-11-07,R,5
Pfizer,11,2021-11-08,D1,0
Pfizer,11,2021-11-08,D2,2
Pfizer,11,2021-11-08,DU,0
Pfizer,11,2021-11-08,R,230
Pfizer,11,2021-11-09,D1,1
Pfizer,11,2021-11-09,D2,1
Pfizer,11,2021-11-09,DU,0
Pfizer,11,2021-11-09,R,165
Pfizer,11,2021-11-10,D1,0
Pfizer,11,2021-11-10,D2,0
Pfizer,11,2021-11-10,DU,0
Pfizer,11,2021-11-10,R,115
Pfizer,11,2021-11-11,D1,0
Pfizer,11,2021-11-11,D2,0
Pfizer,11,2021-11-11,DU,0
Pfizer,11,2021-11-11,R,159
Pfizer,11,2021-11-12,D1,0
Pfizer,11,2021-11-12,D2,1
Pfizer,11,2021-11-12,DU,0
Pfizer,11,2021-11-12,R,118
Pfizer,11,2021-11-13,D1,0
Pfizer,11,2021-11-13,D2,1
Pfizer,11,2021-11-13,DU,0
Pfizer,11,2021-11-13,R,105
Pfizer,11,2021-11-14,D1,0
Pfizer,11,2021-11-14,D2,0
Pfizer,11,2021-11-14,DU,0
Pfizer,11,2021-11-14,R,4
Pfizer,11,2021-11-15,D1,0
Pfizer,11,2021-11-15,D2,0
Pfizer,11,2021-11-15,DU,0
Pfizer,11,2021-11-15,R,10
Pfizer,11,2021-11-16,D1,0
Pfizer,11,2021-11-16,D2,0
Pfizer,11,2021-11-16,DU,0
Pfizer,11,2021-11-16,R,89
Pfizer,11,2021-11-17,D1,0
Pfizer,11,2021-11-17,D2,2
Pfizer,11,2021-11-17,DU,0
Pfizer,11,2021-11-17,R,127
Pfizer,11,2021-11-18,D1,3
Pfizer,11,2021-11-18,D2,0
Pfizer,11,2021-11-18,DU,0
Pfizer,11,2021-11-18,R,100
Pfizer,11,2021-11-20,D1,0
Pfizer,11,2021-11-20,D2,0
Pfizer,11,2021-11-20,DU,0
Pfizer,11,2021-11-20,R,69
Pfizer,11,2021-11-21,D1,0
Pfizer,11,2021-11-21,D2,0
Pfizer,11,2021-11-21,DU,0
Pfizer,11,2021-11-21,R,3
Pfizer,11,2021-11-23,D1,0
Pfizer,11,2021-11-23,D2,0
Pfizer,11,2021-11-23,DU,0
Pfizer,11,2021-11-23,R,7
Pfizer,11,2021-11-24,D1,0
Pfizer,11,2021-11-24,D2,0
Pfizer,11,2021-11-24,DU,0
Pfizer,11,2021-11-24,R,3
Pfizer,11,2021-11-25,D1,0
Pfizer,11,2021-11-25,D2,0
Pfizer,11,2021-11-25,DU,0
Pfizer,11,2021-11-25,R,1
Pfizer,11,2021-11-26,D1,0
Pfizer,11,2021-11-26,D2,1
Pfizer,11,2021-11-26,DU,0
Pfizer,11,2021-11-26,R,0
Pfizer,11,2021-11-27,D1,0
Pfizer,11,2021-11-27,D2,0
Pfizer,11,2021-11-27,DU,0
Pfizer,11,2021-11-27,R,1
Pfizer,11,2021-12-04,D1,1
Pfizer,11,2021-12-04,D2,0
Pfizer,11,2021-12-04,DU,0
Pfizer,11,2021-12-04,R,71
Pfizer,11,2021-12-05,D1,0
Pfizer,11,2021-12-05,D2,0
Pfizer,11,2021-12-05,DU,0
Pfizer,11,2021-12-05,R,2
Pfizer,11,2021-12-06,D1,1
Pfizer,11,2021-12-06,D2,0
Pfizer,11,2021-12-06,DU,0
Pfizer,11,2021-12-06,R,0
Pfizer,11,2021-12-07,D1,0
Pfizer,11,2021-12-07,D2,0
Pfizer,11,2021-12-07,DU,0
Pfizer,11,2021-12-07,R,35
Pfizer,11,2021-12-14,D1,0
Pfizer,11,2021-12-14,D2,0
Pfizer,11,2021-12-14,DU,0
Pfizer,11,2021-12-14,R,57
Pfizer,11,2021-12-15,D1,0
Pfizer,11,2021-12-15,D2,0
Pfizer,11,2021-12-15,DU,0
Pfizer,11,2021-12-15,R,1
Pfizer,11,2021-12-17,D1,1
Pfizer,11,2021-12-17,D2,0
Pfizer,11,2021-12-17,DU,0
Pfizer,11,2021-12-17,R,39
Pfizer,11,2021-12-20,D1,0
Pfizer,11,2021-12-20,D2,0
Pfizer,11,2021-12-20,DU,0
Pfizer,11,2021-12-20,R,12
Pfizer,11,2021-12-21,D1,0
Pfizer,11,2021-12-21,D2,0
Pfizer,11,2021-12-21,DU,0
Pfizer,11,2021-12-21,R,1
Pfizer,11,2021-12-22,D1,0
Pfizer,11,2021-12-22,D2,0
Pfizer,11,2021-12-22,DU,0
Pfizer,11,2021-12-22,R,1
Pfizer,11,2021-12-23,D1,0
Pfizer,11,2021-12-23,D2,0
Pfizer,11,2021-12-23,DU,0
Pfizer,11,2021-12-23,R,10
Pfizer,11,2021-12-26,D1,0
Pfizer,11,2021-12-26,D2,0
Pfizer,11,2021-12-26,DU,0
Pfizer,11,2021-12-26,R,1
Pfizer,11,2021-12-27,D1,0
Pfizer,11,2021-12-27,D2,1
Pfizer,11,2021-12-27,DU,0
Pfizer,11,2021-12-27,R,23
Pfizer,11,2021-12-28,D1,0
Pfizer,11,2021-12-28,D2,0
Pfizer,11,2021-12-28,DU,0
Pfizer,11,2021-12-28,R,19
Pfizer,11,2022-01-03,D1,0
Pfizer,11,2022-01-03,D2,0
Pfizer,11,2022-01-03,DU,0
Pfizer,11,2022-01-03,R,12
Pfizer,11,2022-01-04,D1,0
Pfizer,11,2022-01-04,D2,1
Pfizer,11,2022-01-04,DU,0
Pfizer,11,2022-01-04,R,24
Pfizer,11,2022-01-10,D1,0
Pfizer,11,2022-01-10,D2,0
Pfizer,11,2022-01-10,DU,0
Pfizer,11,2022-01-10,R,11
Pfizer,11,2022-01-11,D1,0
Pfizer,11,2022-01-11,D2,0
Pfizer,11,2022-01-11,DU,0
Pfizer,11,2022-01-11,R,17
Pfizer,11,2022-01-13,D1,0
Pfizer,11,2022-01-13,D2,0
Pfizer,11,2022-01-13,DU,0
Pfizer,11,2022-01-13,R,22
Pfizer,11,2022-01-14,D1,0
Pfizer,11,2022-01-14,D2,0
Pfizer,11,2022-01-14,DU,0
Pfizer,11,2022-01-14,R,1
Janssen,1,2021-07-05,D1,0
Janssen,1,2021-07-05,D2,0
Janssen,1,2021-07-05,DU,1
Janssen,1,2021-07-05,R,0
Janssen,1,2021-07-07,D1,0
Janssen,1,2021-07-07,D2,0
Janssen,1,2021-07-07,DU,2
Janssen,1,2021-07-07,R,0
Janssen,1,2021-07-09,D1,0
Janssen,1,2021-07-09,D2,0
Janssen,1,2021-07-09,DU,1
Janssen,1,2021-07-09,R,0
Janssen,1,2021-08-18,D1,0
Janssen,1,2021-08-18,D2,0
Janssen,1,2021-08-18,DU,1
Janssen,1,2021-08-18,R,0
Janssen,2,2021-07-15,D1,0
Janssen,2,2021-07-15,D2,0
Janssen,2,2021-07-15,DU,1
Janssen,2,2021-07-15,R,0
Janssen,3,2021-06-28,D1,0
Janssen,3,2021-06-28,D2,0
Janssen,3,2021-06-28,DU,1
Janssen,3,2021-06-28,R,0
Janssen,3,2021-06-29,D1,0
Janssen,3,2021-06-29,D2,0
Janssen,3,2021-06-29,DU,1
Janssen,3,2021-06-29,R,0
Janssen,3,2021-07-01,D1,0
Janssen,3,2021-07-01,D2,0
Janssen,3,2021-07-01,DU,2
Janssen,3,2021-07-01,R,0
Janssen,3,2021-07-07,D1,0
Janssen,3,2021-07-07,D2,0
Janssen,3,2021-07-07,DU,1
Janssen,3,2021-07-07,R,0
Janssen,3,2021-07-10,D1,0
Janssen,3,2021-07-10,D2,0
Janssen,3,2021-07-10,DU,1
Janssen,3,2021-07-10,R,0
Janssen,3,2021-07-17,D1,0
Janssen,3,2021-07-17,D2,0
Janssen,3,2021-07-17,DU,2
Janssen,3,2021-07-17,R,0
Janssen,3,2021-08-11,D1,0
Janssen,3,2021-08-11,D2,0
Janssen,3,2021-08-11,DU,2
Janssen,3,2021-08-11,R,0
Janssen,3,2021-08-17,D1,0
Janssen,3,2021-08-17,D2,0
Janssen,3,2021-08-17,DU,1
Janssen,3,2021-08-17,R,0
Janssen,3,2021-08-24,D1,0
Janssen,3,2021-08-24,D2,0
Janssen,3,2021-08-24,DU,1
Janssen,3,2021-08-24,R,0
Janssen,3,2021-08-27,D1,0
Janssen,3,2021-08-27,D2,0
Janssen,3,2021-08-27,DU,2
Janssen,3,2021-08-27,R,0
Janssen,3,2021-08-31,D1,0
Janssen,3,2021-08-31,D2,0
Janssen,3,2021-08-31,DU,2
Janssen,3,2021-08-31,R,0
Janssen,3,2021-09-02,D1,0
Janssen,3,2021-09-02,D2,0
Janssen,3,2021-09-02,DU,1
Janssen,3,2021-09-02,R,0
Janssen,3,2021-09-03,D1,0
Janssen,3,2021-09-03,D2,0
Janssen,3,2021-09-03,DU,1
Janssen,3,2021-09-03,R,0
Janssen,3,2021-09-06,D1,0
Janssen,3,2021-09-06,D2,0
Janssen,3,2021-09-06,DU,1
Janssen,3,2021-09-06,R,0
Janssen,3,2021-09-09,D1,0
Janssen,3,2021-09-09,D2,0
Janssen,3,2021-09-09,DU,1
Janssen,3,2021-09-09,R,0
Janssen,3,2021-09-29,D1,0
Janssen,3,2021-09-29,D2,0
Janssen,3,2021-09-29,DU,1
Janssen,3,2021-09-29,R,0
Janssen,3,2021-10-13,D1,0
Janssen,3,2021-10-13,D2,0
Janssen,3,2021-10-13,DU,1
Janssen,3,2021-10-13,R,0
Janssen,3,2021-11-03,D1,0
Janssen,3,2021-11-03,D2,0
Janssen,3,2021-11-03,DU,1
Janssen,3,2021-11-03,R,0
Janssen,3,2021-12-17,D1,0
Janssen,3,2021-12-17,D2,0
Janssen,3,2021-12-17,DU,1
Janssen,3,2021-12-17,R,1
Janssen,3,2021-12-27,D1,0
Janssen,3,2021-12-27,D2,0
Janssen,3,2021-12-27,DU,1
Janssen,3,2021-12-27,R,0
Janssen,3,2022-01-04,D1,0
Janssen,3,2022-01-04,D2,0
Janssen,3,2022-01-04,DU,0
Janssen,3,2022-01-04,R,1
Janssen,3,2022-01-10,D1,0
Janssen,3,2022-01-10,D2,0
Janssen,3,2022-01-10,DU,1
Janssen,3,2022-01-10,R,0
Janssen,4,2021-03-13,D1,0
Janssen,4,2021-03-13,D2,0
Janssen,4,2021-03-13,DU,3
Janssen,4,2021-03-13,R,0
Janssen,4,2021-03-15,D1,0
Janssen,4,2021-03-15,D2,0
Janssen,4,2021-03-15,DU,1
Janssen,4,2021-03-15,R,0
Janssen,4,2021-03-17,D1,0
Janssen,4,2021-03-17,D2,0
Janssen,4,2021-03-17,DU,3
Janssen,4,2021-03-17,R,0
Janssen,4,2021-03-19,D1,0
Janssen,4,2021-03-19,D2,0
Janssen,4,2021-03-19,DU,1
Janssen,4,2021-03-19,R,0
Janssen,4,2021-03-22,D1,0
Janssen,4,2021-03-22,D2,0
Janssen,4,2021-03-22,DU,3
Janssen,4,2021-03-22,R,0
Janssen,4,2021-03-29,D1,0
Janssen,4,2021-03-29,D2,0
Janssen,4,2021-03-29,DU,1
Janssen,4,2021-03-29,R,0
Janssen,4,2021-04-05,D1,0
Janssen,4,2021-04-05,D2,0
Janssen,4,2021-04-05,DU,1
Janssen,4,2021-04-05,R,0
Janssen,4,2021-04-06,D1,0
Janssen,4,2021-04-06,D2,0
Janssen,4,2021-04-06,DU,1
Janssen,4,2021-04-06,R,0
Janssen,4,2021-05-05,D1,0
Janssen,4,2021-05-05,D2,0
Janssen,4,2021-05-05,DU,1
Janssen,4,2021-05-05,R,0
Janssen,4,2021-05-29,D1,0
Janssen,4,2021-05-29,D2,0
Janssen,4,2021-05-29,DU,1
Janssen,4,2021-05-29,R,0
Janssen,4,2021-06-08,D1,0
Janssen,4,2021-06-08,D2,0
Janssen,4,2021-06-08,DU,1
Janssen,4,2021-06-08,R,0
Janssen,4,2021-06-10,D1,0
Janssen,4,2021-06-10,D2,0
Janssen,4,2021-06-10,DU,1
Janssen,4,2021-06-10,R,0
Janssen,4,2021-06-15,D1,0
Janssen,4,2021-06-15,D2,0
Janssen,4,2021-06-15,DU,3
Janssen,4,2021-06-15,R,0
Janssen,4,2021-06-16,D1,0
Janssen,4,2021-06-16,D2,0
Janssen,4,2021-06-16,DU,1
Janssen,4,2021-06-16,R,1
Janssen,4,2021-06-17,D1,0
Janssen,4,2021-06-17,D2,0
Janssen,4,2021-06-17,DU,7
Janssen,4,2021-06-17,R,0
Janssen,4,2021-06-18,D1,0
Janssen,4,2021-06-18,D2,0
Janssen,4,2021-06-18,DU,10
Janssen,4,2021-06-18,R,0
Janssen,4,2021-06-21,D1,0
Janssen,4,2021-06-21,D2,0
Janssen,4,2021-06-21,DU,8
Janssen,4,2021-06-21,R,0
Janssen,4,2021-06-22,D1,0
Janssen,4,2021-06-22,D2,0
Janssen,4,2021-06-22,DU,21
Janssen,4,2021-06-22,R,0
Janssen,4,2021-06-23,D1,0
Janssen,4,2021-06-23,D2,0
Janssen,4,2021-06-23,DU,29
Janssen,4,2021-06-23,R,0
Janssen,4,2021-06-24,D1,0
Janssen,4,2021-06-24,D2,0
Janssen,4,2021-06-24,DU,22
Janssen,4,2021-06-24,R,0
Janssen,4,2021-06-25,D1,0
Janssen,4,2021-06-25,D2,0
Janssen,4,2021-06-25,DU,28
Janssen,4,2021-06-25,R,0
Janssen,4,2021-06-28,D1,0
Janssen,4,2021-06-28,D2,0
Janssen,4,2021-06-28,DU,802
Janssen,4,2021-06-28,R,0
Janssen,4,2021-06-29,D1,0
Janssen,4,2021-06-29,D2,0
Janssen,4,2021-06-29,DU,386
Janssen,4,2021-06-29,R,0
Janssen,4,2021-06-30,D1,0
Janssen,4,2021-06-30,D2,0
Janssen,4,2021-06-30,DU,266
Janssen,4,2021-06-30,R,0
Janssen,4,2021-07-01,D1,0
Janssen,4,2021-07-01,D2,0
Janssen,4,2021-07-01,DU,210
Janssen,4,2021-07-01,R,0
Janssen,4,2021-07-02,D1,0
Janssen,4,2021-07-02,D2,0
Janssen,4,2021-07-02,DU,178
Janssen,4,2021-07-02,R,0
Janssen,4,2021-07-03,D1,0
Janssen,4,2021-07-03,D2,0
Janssen,4,2021-07-03,DU,30
Janssen,4,2021-07-03,R,0
Janssen,4,2021-07-04,D1,0
Janssen,4,2021-07-04,D2,0
Janssen,4,2021-07-04,DU,4
Janssen,4,2021-07-04,R,0
Janssen,4,2021-07-05,D1,0
Janssen,4,2021-07-05,D2,0
Janssen,4,2021-07-05,DU,151
Janssen,4,2021-07-05,R,0
Janssen,4,2021-07-06,D1,0
Janssen,4,2021-07-06,D2,0
Janssen,4,2021-07-06,DU,730
Janssen,4,2021-07-06,R,0
Janssen,4,2021-07-07,D1,0
Janssen,4,2021-07-07,D2,0
Janssen,4,2021-07-07,DU,883
Janssen,4,2021-07-07,R,0
Janssen,4,2021-07-08,D1,0
Janssen,4,2021-07-08,D2,0
Janssen,4,2021-07-08,DU,480
Janssen,4,2021-07-08,R,0
Janssen,4,2021-07-09,D1,0
Janssen,4,2021-07-09,D2,0
Janssen,4,2021-07-09,DU,229
Janssen,4,2021-07-09,R,0
Janssen,4,2021-07-10,D1,0
Janssen,4,2021-07-10,D2,0
Janssen,4,2021-07-10,DU,38
Janssen,4,2021-07-10,R,0
Janssen,4,2021-07-11,D1,0
Janssen,4,2021-07-11,D2,0
Janssen,4,2021-07-11,DU,18
Janssen,4,2021-07-11,R,0
Janssen,4,2021-07-12,D1,0
Janssen,4,2021-07-12,D2,0
Janssen,4,2021-07-12,DU,295
Janssen,4,2021-07-12,R,0
Janssen,4,2021-07-13,D1,0
Janssen,4,2021-07-13,D2,0
Janssen,4,2021-07-13,DU,443
Janssen,4,2021-07-13,R,0
Janssen,4,2021-07-14,D1,0
Janssen,4,2021-07-14,D2,0
Janssen,4,2021-07-14,DU,420
Janssen,4,2021-07-14,R,0
Janssen,4,2021-07-15,D1,0
Janssen,4,2021-07-15,D2,0
Janssen,4,2021-07-15,DU,256
Janssen,4,2021-07-15,R,0
Janssen,4,2021-07-16,D1,0
Janssen,4,2021-07-16,D2,0
Janssen,4,2021-07-16,DU,268
Janssen,4,2021-07-16,R,0
Janssen,4,2021-07-17,D1,0
Janssen,4,2021-07-17,D2,0
Janssen,4,2021-07-17,DU,170
Janssen,4,2021-07-17,R,0
Janssen,4,2021-07-19,D1,0
Janssen,4,2021-07-19,D2,0
Janssen,4,2021-07-19,DU,126
Janssen,4,2021-07-19,R,0
Janssen,4,2021-07-20,D1,0
Janssen,4,2021-07-20,D2,0
Janssen,4,2021-07-20,DU,149
Janssen,4,2021-07-20,R,0
Janssen,4,2021-07-21,D1,0
Janssen,4,2021-07-21,D2,0
Janssen,4,2021-07-21,DU,120
Janssen,4,2021-07-21,R,0
Janssen,4,2021-07-22,D1,0
Janssen,4,2021-07-22,D2,0
Janssen,4,2021-07-22,DU,283
Janssen,4,2021-07-22,R,0
Janssen,4,2021-07-23,D1,0
Janssen,4,2021-07-23,D2,0
Janssen,4,2021-07-23,DU,194
Janssen,4,2021-07-23,R,0
Janssen,4,2021-07-24,D1,0
Janssen,4,2021-07-24,D2,0
Janssen,4,2021-07-24,DU,271
Janssen,4,2021-07-24,R,0
Janssen,4,2021-07-25,D1,0
Janssen,4,2021-07-25,D2,0
Janssen,4,2021-07-25,DU,17
Janssen,4,2021-07-25,R,0
Janssen,4,2021-07-26,D1,0
Janssen,4,2021-07-26,D2,0
Janssen,4,2021-07-26,DU,238
Janssen,4,2021-07-26,R,0
Janssen,4,2021-07-27,D1,0
Janssen,4,2021-07-27,D2,0
Janssen,4,2021-07-27,DU,206
Janssen,4,2021-07-27,R,0
Janssen,4,2021-07-28,D1,0
Janssen,4,2021-07-28,D2,0
Janssen,4,2021-07-28,DU,340
Janssen,4,2021-07-28,R,0
Janssen,4,2021-07-29,D1,0
Janssen,4,2021-07-29,D2,0
Janssen,4,2021-07-29,DU,398
Janssen,4,2021-07-29,R,0
Janssen,4,2021-07-30,D1,0
Janssen,4,2021-07-30,D2,0
Janssen,4,2021-07-30,DU,369
Janssen,4,2021-07-30,R,0
Janssen,4,2021-07-31,D1,0
Janssen,4,2021-07-31,D2,0
Janssen,4,2021-07-31,DU,251
Janssen,4,2021-07-31,R,0
Janssen,4,2021-08-01,D1,0
Janssen,4,2021-08-01,D2,0
Janssen,4,2021-08-01,DU,2
Janssen,4,2021-08-01,R,0
Janssen,4,2021-08-02,D1,0
Janssen,4,2021-08-02,D2,0
Janssen,4,2021-08-02,DU,212
Janssen,4,2021-08-02,R,0
Janssen,4,2021-08-03,D1,0
Janssen,4,2021-08-03,D2,0
Janssen,4,2021-08-03,DU,274
Janssen,4,2021-08-03,R,0
Janssen,4,2021-08-04,D1,0
Janssen,4,2021-08-04,D2,0
Janssen,4,2021-08-04,DU,192
Janssen,4,2021-08-04,R,0
Janssen,4,2021-08-05,D1,0
Janssen,4,2021-08-05,D2,0
Janssen,4,2021-08-05,DU,166
Janssen,4,2021-08-05,R,0
Janssen,4,2021-08-06,D1,0
Janssen,4,2021-08-06,D2,0
Janssen,4,2021-08-06,DU,338
Janssen,4,2021-08-06,R,0
Janssen,4,2021-08-07,D1,0
Janssen,4,2021-08-07,D2,0
Janssen,4,2021-08-07,DU,21
Janssen,4,2021-08-07,R,0
Janssen,4,2021-08-08,D1,0
Janssen,4,2021-08-08,D2,0
Janssen,4,2021-08-08,DU,1
Janssen,4,2021-08-08,R,0
Janssen,4,2021-08-09,D1,0
Janssen,4,2021-08-09,D2,0
Janssen,4,2021-08-09,DU,407
Janssen,4,2021-08-09,R,0
Janssen,4,2021-08-10,D1,0
Janssen,4,2021-08-10,D2,0
Janssen,4,2021-08-10,DU,269
Janssen,4,2021-08-10,R,0
Janssen,4,2021-08-11,D1,0
Janssen,4,2021-08-11,D2,0
Janssen,4,2021-08-11,DU,306
Janssen,4,2021-08-11,R,0
Janssen,4,2021-08-12,D1,0
Janssen,4,2021-08-12,D2,0
Janssen,4,2021-08-12,DU,1727
Janssen,4,2021-08-12,R,0
Janssen,4,2021-08-13,D1,0
Janssen,4,2021-08-13,D2,0
Janssen,4,2021-08-13,DU,1004
Janssen,4,2021-08-13,R,0
Janssen,4,2021-08-14,D1,0
Janssen,4,2021-08-14,D2,0
Janssen,4,2021-08-14,DU,693
Janssen,4,2021-08-14,R,0
Janssen,4,2021-08-15,D1,0
Janssen,4,2021-08-15,D2,0
Janssen,4,2021-08-15,DU,167
Janssen,4,2021-08-15,R,0
Janssen,4,2021-08-16,D1,0
Janssen,4,2021-08-16,D2,0
Janssen,4,2021-08-16,DU,135
Janssen,4,2021-08-16,R,0
Janssen,4,2021-08-17,D1,0
Janssen,4,2021-08-17,D2,0
Janssen,4,2021-08-17,DU,153
Janssen,4,2021-08-17,R,0
Janssen,4,2021-08-18,D1,0
Janssen,4,2021-08-18,D2,0
Janssen,4,2021-08-18,DU,237
Janssen,4,2021-08-18,R,0
Janssen,4,2021-08-19,D1,0
Janssen,4,2021-08-19,D2,0
Janssen,4,2021-08-19,DU,90
Janssen,4,2021-08-19,R,0
Janssen,4,2021-08-20,D1,0
Janssen,4,2021-08-20,D2,0
Janssen,4,2021-08-20,DU,70
Janssen,4,2021-08-20,R,0
Janssen,4,2021-08-21,D1,0
Janssen,4,2021-08-21,D2,0
Janssen,4,2021-08-21,DU,32
Janssen,4,2021-08-21,R,1
Janssen,4,2021-08-23,D1,0
Janssen,4,2021-08-23,D2,0
Janssen,4,2021-08-23,DU,43
Janssen,4,2021-08-23,R,0
Janssen,4,2021-08-24,D1,0
Janssen,4,2021-08-24,D2,0
Janssen,4,2021-08-24,DU,103
Janssen,4,2021-08-24,R,0
Janssen,4,2021-08-25,D1,0
Janssen,4,2021-08-25,D2,0
Janssen,4,2021-08-25,DU,43
Janssen,4,2021-08-25,R,0
Janssen,4,2021-08-26,D1,0
Janssen,4,2021-08-26,D2,0
Janssen,4,2021-08-26,DU,50
Janssen,4,2021-08-26,R,0
Janssen,4,2021-08-27,D1,0
Janssen,4,2021-08-27,D2,0
Janssen,4,2021-08-27,DU,393
Janssen,4,2021-08-27,R,0
Janssen,4,2021-08-28,D1,0
Janssen,4,2021-08-28,D2,0
Janssen,4,2021-08-28,DU,9
Janssen,4,2021-08-28,R,0
Janssen,4,2021-08-29,D1,0
Janssen,4,2021-08-29,D2,0
Janssen,4,2021-08-29,DU,1
Janssen,4,2021-08-29,R,1
Janssen,4,2021-08-30,D1,0
Janssen,4,2021-08-30,D2,0
Janssen,4,2021-08-30,DU,14
Janssen,4,2021-08-30,R,0
Janssen,4,2021-08-31,D1,0
Janssen,4,2021-08-31,D2,0
Janssen,4,2021-08-31,DU,90
Janssen,4,2021-08-31,R,0
Janssen,4,2021-09-01,D1,0
Janssen,4,2021-09-01,D2,0
Janssen,4,2021-09-01,DU,55
Janssen,4,2021-09-01,R,0
Janssen,4,2021-09-02,D1,0
Janssen,4,2021-09-02,D2,0
Janssen,4,2021-09-02,DU,29
Janssen,4,2021-09-02,R,0
Janssen,4,2021-09-03,D1,0
Janssen,4,2021-09-03,D2,0
Janssen,4,2021-09-03,DU,23
Janssen,4,2021-09-03,R,0
Janssen,4,2021-09-04,D1,0
Janssen,4,2021-09-04,D2,0
Janssen,4,2021-09-04,DU,3
Janssen,4,2021-09-04,R,0
Janssen,4,2021-09-05,D1,0
Janssen,4,2021-09-05,D2,0
Janssen,4,2021-09-05,DU,2
Janssen,4,2021-09-05,R,0
Janssen,4,2021-09-06,D1,0
Janssen,4,2021-09-06,D2,0
Janssen,4,2021-09-06,DU,7
Janssen,4,2021-09-06,R,0
Janssen,4,2021-09-08,D1,0
Janssen,4,2021-09-08,D2,0
Janssen,4,2021-09-08,DU,13
Janssen,4,2021-09-08,R,0
Janssen,4,2021-09-09,D1,0
Janssen,4,2021-09-09,D2,0
Janssen,4,2021-09-09,DU,41
Janssen,4,2021-09-09,R,0
Janssen,4,2021-09-10,D1,0
Janssen,4,2021-09-10,D2,0
Janssen,4,2021-09-10,DU,90
Janssen,4,2021-09-10,R,0
Janssen,4,2021-09-11,D1,0
Janssen,4,2021-09-11,D2,0
Janssen,4,2021-09-11,DU,30
Janssen,4,2021-09-11,R,0
Janssen,4,2021-09-13,D1,0
Janssen,4,2021-09-13,D2,0
Janssen,4,2021-09-13,DU,19
Janssen,4,2021-09-13,R,0
Janssen,4,2021-09-14,D1,0
Janssen,4,2021-09-14,D2,0
Janssen,4,2021-09-14,DU,74
Janssen,4,2021-09-14,R,0
Janssen,4,2021-09-15,D1,0
Janssen,4,2021-09-15,D2,0
Janssen,4,2021-09-15,DU,39
Janssen,4,2021-09-15,R,0
Janssen,4,2021-09-16,D1,0
Janssen,4,2021-09-16,D2,0
Janssen,4,2021-09-16,DU,1
Janssen,4,2021-09-16,R,0
Janssen,4,2021-09-17,D1,0
Janssen,4,2021-09-17,D2,0
Janssen,4,2021-09-17,DU,7
Janssen,4,2021-09-17,R,0
Janssen,4,2021-09-18,D1,0
Janssen,4,2021-09-18,D2,0
Janssen,4,2021-09-18,DU,3
Janssen,4,2021-09-18,R,0
Janssen,4,2021-09-20,D1,0
Janssen,4,2021-09-20,D2,0
Janssen,4,2021-09-20,DU,1
Janssen,4,2021-09-20,R,0
Janssen,4,2021-09-21,D1,0
Janssen,4,2021-09-21,D2,0
Janssen,4,2021-09-21,DU,3
Janssen,4,2021-09-21,R,0
Janssen,4,2021-09-22,D1,0
Janssen,4,2021-09-22,D2,0
Janssen,4,2021-09-22,DU,3
Janssen,4,2021-09-22,R,0
Janssen,4,2021-09-23,D1,0
Janssen,4,2021-09-23,D2,0
Janssen,4,2021-09-23,DU,3
Janssen,4,2021-09-23,R,0
Janssen,4,2021-09-24,D1,0
Janssen,4,2021-09-24,D2,0
Janssen,4,2021-09-24,DU,10
Janssen,4,2021-09-24,R,1
Janssen,4,2021-09-25,D1,0
Janssen,4,2021-09-25,D2,0
Janssen,4,2021-09-25,DU,5
Janssen,4,2021-09-25,R,0
Janssen,4,2021-09-26,D1,0
Janssen,4,2021-09-26,D2,0
Janssen,4,2021-09-26,DU,3
Janssen,4,2021-09-26,R,0
Janssen,4,2021-09-27,D1,0
Janssen,4,2021-09-27,D2,0
Janssen,4,2021-09-27,DU,28
Janssen,4,2021-09-27,R,0
Janssen,4,2021-09-28,D1,0
Janssen,4,2021-09-28,D2,0
Janssen,4,2021-09-28,DU,8
Janssen,4,2021-09-28,R,0
Janssen,4,2021-09-29,D1,0
Janssen,4,2021-09-29,D2,0
Janssen,4,2021-09-29,DU,5
Janssen,4,2021-09-29,R,0
Janssen,4,2021-10-01,D1,0
Janssen,4,2021-10-01,D2,0
Janssen,4,2021-10-01,DU,9
Janssen,4,2021-10-01,R,0
Janssen,4,2021-10-02,D1,0
Janssen,4,2021-10-02,D2,0
Janssen,4,2021-10-02,DU,11
Janssen,4,2021-10-02,R,0
Janssen,4,2021-10-04,D1,0
Janssen,4,2021-10-04,D2,0
Janssen,4,2021-10-04,DU,2
Janssen,4,2021-10-04,R,4
Janssen,4,2021-10-05,D1,0
Janssen,4,2021-10-05,D2,0
Janssen,4,2021-10-05,DU,2
Janssen,4,2021-10-05,R,2
Janssen,4,2021-10-06,D1,0
Janssen,4,2021-10-06,D2,0
Janssen,4,2021-10-06,DU,4
Janssen,4,2021-10-06,R,0
Janssen,4,2021-10-07,D1,0
Janssen,4,2021-10-07,D2,0
Janssen,4,2021-10-07,DU,7
Janssen,4,2021-10-07,R,0
Janssen,4,2021-10-08,D1,0
Janssen,4,2021-10-08,D2,0
Janssen,4,2021-10-08,DU,3
Janssen,4,2021-10-08,R,0
Janssen,4,2021-10-14,D1,0
Janssen,4,2021-10-14,D2,0
Janssen,4,2021-10-14,DU,1
Janssen,4,2021-10-14,R,0
Janssen,4,2021-10-15,D1,0
Janssen,4,2021-10-15,D2,0
Janssen,4,2021-10-15,DU,1
Janssen,4,2021-10-15,R,1
Janssen,4,2021-10-16,D1,0
Janssen,4,2021-10-16,D2,0
Janssen,4,2021-10-16,DU,35
Janssen,4,2021-10-16,R,0
Janssen,4,2021-10-18,D1,0
Janssen,4,2021-10-18,D2,0
Janssen,4,2021-10-18,DU,6
Janssen,4,2021-10-18,R,0
Janssen,4,2021-10-19,D1,0
Janssen,4,2021-10-19,D2,0
Janssen,4,2021-10-19,DU,13
Janssen,4,2021-10-19,R,1
Janssen,4,2021-10-20,D1,0
Janssen,4,2021-10-20,D2,0
Janssen,4,2021-10-20,DU,1
Janssen,4,2021-10-20,R,0
Janssen,4,2021-10-21,D1,0
Janssen,4,2021-10-21,D2,0
Janssen,4,2021-10-21,DU,10
Janssen,4,2021-10-21,R,0
Janssen,4,2021-10-22,D1,0
Janssen,4,2021-10-22,D2,0
Janssen,4,2021-10-22,DU,1
Janssen,4,2021-10-22,R,0
Janssen,4,2021-10-25,D1,0
Janssen,4,2021-10-25,D2,0
Janssen,4,2021-10-25,DU,1
Janssen,4,2021-10-25,R,2
Janssen,4,2021-10-26,D1,0
Janssen,4,2021-10-26,D2,0
Janssen,4,2021-10-26,DU,8
Janssen,4,2021-10-26,R,0
Janssen,4,2021-10-27,D1,0
Janssen,4,2021-10-27,D2,0
Janssen,4,2021-10-27,DU,6
Janssen,4,2021-10-27,R,4
Janssen,4,2021-10-28,D1,0
Janssen,4,2021-10-28,D2,0
Janssen,4,2021-10-28,DU,1
Janssen,4,2021-10-28,R,0
Janssen,4,2021-11-01,D1,0
Janssen,4,2021-11-01,D2,0
Janssen,4,2021-11-01,DU,2
Janssen,4,2021-11-01,R,0
Janssen,4,2021-11-02,D1,0
Janssen,4,2021-11-02,D2,0
Janssen,4,2021-11-02,DU,1
Janssen,4,2021-11-02,R,0
Janssen,4,2021-11-03,D1,0
Janssen,4,2021-11-03,D2,0
Janssen,4,2021-11-03,DU,6
Janssen,4,2021-11-03,R,1
Janssen,4,2021-11-05,D1,0
Janssen,4,2021-11-05,D2,0
Janssen,4,2021-11-05,DU,1
Janssen,4,2021-11-05,R,0
Janssen,4,2021-11-08,D1,0
Janssen,4,2021-11-08,D2,0
Janssen,4,2021-11-08,DU,1
Janssen,4,2021-11-08,R,0
Janssen,4,2021-11-09,D1,0
Janssen,4,2021-11-09,D2,0
Janssen,4,2021-11-09,DU,1
Janssen,4,2021-11-09,R,0
Janssen,4,2021-11-10,D1,0
Janssen,4,2021-11-10,D2,0
Janssen,4,2021-11-10,DU,1
Janssen,4,2021-11-10,R,0
Janssen,4,2021-11-11,D1,0
Janssen,4,2021-11-11,D2,0
Janssen,4,2021-11-11,DU,1
Janssen,4,2021-11-11,R,0
Janssen,4,2021-11-12,D1,0
Janssen,4,2021-11-12,D2,0
Janssen,4,2021-11-12,DU,1
Janssen,4,2021-11-12,R,0
Janssen,4,2021-11-17,D1,0
Janssen,4,2021-11-17,D2,0
Janssen,4,2021-11-17,DU,1
Janssen,4,2021-11-17,R,0
Janssen,4,2021-11-18,D1,0
Janssen,4,2021-11-18,D2,0
Janssen,4,2021-11-18,DU,1
Janssen,4,2021-11-18,R,0
Janssen,4,2021-11-23,D1,0
Janssen,4,2021-11-23,D2,0
Janssen,4,2021-11-23,DU,2
Janssen,4,2021-11-23,R,0
Janssen,4,2021-12-04,D1,0
Janssen,4,2021-12-04,D2,0
Janssen,4,2021-12-04,DU,0
Janssen,4,2021-12-04,R,1
Janssen,4,2021-12-07,D1,0
Janssen,4,2021-12-07,D2,0
Janssen,4,2021-12-07,DU,1
Janssen,4,2021-12-07,R,3
Janssen,4,2021-12-14,D1,0
Janssen,4,2021-12-14,D2,0
Janssen,4,2021-12-14,DU,2
Janssen,4,2021-12-14,R,142
Janssen,4,2021-12-17,D1,0
Janssen,4,2021-12-17,D2,0
Janssen,4,2021-12-17,DU,13
Janssen,4,2021-12-17,R,127
Janssen,4,2021-12-19,D1,0
Janssen,4,2021-12-19,D2,0
Janssen,4,2021-12-19,DU,5
Janssen,4,2021-12-19,R,5
Janssen,4,2021-12-20,D1,0
Janssen,4,2021-12-20,D2,0
Janssen,4,2021-12-20,DU,9
Janssen,4,2021-12-20,R,34
Janssen,4,2021-12-23,D1,0
Janssen,4,2021-12-23,D2,0
Janssen,4,2021-12-23,DU,2
Janssen,4,2021-12-23,R,31
Janssen,4,2021-12-27,D1,0
Janssen,4,2021-12-27,D2,0
Janssen,4,2021-12-27,DU,19
Janssen,4,2021-12-27,R,123
Janssen,4,2021-12-28,D1,0
Janssen,4,2021-12-28,D2,0
Janssen,4,2021-12-28,DU,15
Janssen,4,2021-12-28,R,138
Janssen,4,2022-01-03,D1,0
Janssen,4,2022-01-03,D2,0
Janssen,4,2022-01-03,DU,8
Janssen,4,2022-01-03,R,133
Janssen,4,2022-01-04,D1,0
Janssen,4,2022-01-04,D2,0
Janssen,4,2022-01-04,DU,23
Janssen,4,2022-01-04,R,337
Janssen,4,2022-01-05,D1,0
Janssen,4,2022-01-05,D2,0
Janssen,4,2022-01-05,DU,0
Janssen,4,2022-01-05,R,9
Janssen,4,2022-01-07,D1,0
Janssen,4,2022-01-07,D2,0
Janssen,4,2022-01-07,DU,1
Janssen,4,2022-01-07,R,1
Janssen,4,2022-01-08,D1,0
Janssen,4,2022-01-08,D2,0
Janssen,4,2022-01-08,DU,0
Janssen,4,2022-01-08,R,11
Janssen,4,2022-01-09,D1,0
Janssen,4,2022-01-09,D2,0
Janssen,4,2022-01-09,DU,0
Janssen,4,2022-01-09,R,1
Janssen,4,2022-01-10,D1,0
Janssen,4,2022-01-10,D2,0
Janssen,4,2022-01-10,DU,48
Janssen,4,2022-01-10,R,449
Janssen,4,2022-01-11,D1,0
Janssen,4,2022-01-11,D2,0
Janssen,4,2022-01-11,DU,52
Janssen,4,2022-01-11,R,565
Janssen,4,2022-01-12,D1,0
Janssen,4,2022-01-12,D2,0
Janssen,4,2022-01-12,DU,0
Janssen,4,2022-01-12,R,1
Janssen,4,2022-01-13,D1,0
Janssen,4,2022-01-13,D2,0
Janssen,4,2022-01-13,DU,58
Janssen,4,2022-01-13,R,281
Janssen,4,2022-01-14,D1,0
Janssen,4,2022-01-14,D2,0
Janssen,4,2022-01-14,DU,3
Janssen,4,2022-01-14,R,13
Janssen,5,2021-01-18,D1,0
Janssen,5,2021-01-18,D2,0
Janssen,5,2021-01-18,DU,1
Janssen,5,2021-01-18,R,0
Janssen,5,2021-02-08,D1,0
Janssen,5,2021-02-08,D2,0
Janssen,5,2021-02-08,DU,1
Janssen,5,2021-02-08,R,0
Janssen,5,2021-02-25,D1,0
Janssen,5,2021-02-25,D2,0
Janssen,5,2021-02-25,DU,3
Janssen,5,2021-02-25,R,0
Janssen,5,2021-03-11,D1,0
Janssen,5,2021-03-11,D2,0
Janssen,5,2021-03-11,DU,1
Janssen,5,2021-03-11,R,0
Janssen,5,2021-03-13,D1,0
Janssen,5,2021-03-13,D2,0
Janssen,5,2021-03-13,DU,3
Janssen,5,2021-03-13,R,0
Janssen,5,2021-03-17,D1,0
Janssen,5,2021-03-17,D2,0
Janssen,5,2021-03-17,DU,3
Janssen,5,2021-03-17,R,0
Janssen,5,2021-03-19,D1,0
Janssen,5,2021-03-19,D2,0
Janssen,5,2021-03-19,DU,1
Janssen,5,2021-03-19,R,0
Janssen,5,2021-03-23,D1,0
Janssen,5,2021-03-23,D2,0
Janssen,5,2021-03-23,DU,1
Janssen,5,2021-03-23,R,0
Janssen,5,2021-04-05,D1,0
Janssen,5,2021-04-05,D2,0
Janssen,5,2021-04-05,DU,2
Janssen,5,2021-04-05,R,0
Janssen,5,2021-04-06,D1,0
Janssen,5,2021-04-06,D2,0
Janssen,5,2021-04-06,DU,1
Janssen,5,2021-04-06,R,0
Janssen,5,2021-04-10,D1,0
Janssen,5,2021-04-10,D2,0
Janssen,5,2021-04-10,DU,1
Janssen,5,2021-04-10,R,0
Janssen,5,2021-04-12,D1,0
Janssen,5,2021-04-12,D2,0
Janssen,5,2021-04-12,DU,1
Janssen,5,2021-04-12,R,0
Janssen,5,2021-04-15,D1,0
Janssen,5,2021-04-15,D2,0
Janssen,5,2021-04-15,DU,2
Janssen,5,2021-04-15,R,0
Janssen,5,2021-05-07,D1,0
Janssen,5,2021-05-07,D2,0
Janssen,5,2021-05-07,DU,1
Janssen,5,2021-05-07,R,0
Janssen,5,2021-05-15,D1,0
Janssen,5,2021-05-15,D2,0
Janssen,5,2021-05-15,DU,1
Janssen,5,2021-05-15,R,0
Janssen,5,2021-05-17,D1,0
Janssen,5,2021-05-17,D2,0
Janssen,5,2021-05-17,DU,1
Janssen,5,2021-05-17,R,0
Janssen,5,2021-05-20,D1,0
Janssen,5,2021-05-20,D2,0
Janssen,5,2021-05-20,DU,1
Janssen,5,2021-05-20,R,0
Janssen,5,2021-05-22,D1,0
Janssen,5,2021-05-22,D2,0
Janssen,5,2021-05-22,DU,1
Janssen,5,2021-05-22,R,0
Janssen,5,2021-05-28,D1,0
Janssen,5,2021-05-28,D2,0
Janssen,5,2021-05-28,DU,1
Janssen,5,2021-05-28,R,0
Janssen,5,2021-05-29,D1,0
Janssen,5,2021-05-29,D2,0
Janssen,5,2021-05-29,DU,2
Janssen,5,2021-05-29,R,0
Janssen,5,2021-06-02,D1,0
Janssen,5,2021-06-02,D2,0
Janssen,5,2021-06-02,DU,4
Janssen,5,2021-06-02,R,0
Janssen,5,2021-06-07,D1,0
Janssen,5,2021-06-07,D2,0
Janssen,5,2021-06-07,DU,1
Janssen,5,2021-06-07,R,0
Janssen,5,2021-06-08,D1,0
Janssen,5,2021-06-08,D2,0
Janssen,5,2021-06-08,DU,1
Janssen,5,2021-06-08,R,0
Janssen,5,2021-06-10,D1,0
Janssen,5,2021-06-10,D2,0
Janssen,5,2021-06-10,DU,8
Janssen,5,2021-06-10,R,0
Janssen,5,2021-06-14,D1,0
Janssen,5,2021-06-14,D2,0
Janssen,5,2021-06-14,DU,1
Janssen,5,2021-06-14,R,0
Janssen,5,2021-06-15,D1,0
Janssen,5,2021-06-15,D2,0
Janssen,5,2021-06-15,DU,3
Janssen,5,2021-06-15,R,0
Janssen,5,2021-06-16,D1,0
Janssen,5,2021-06-16,D2,0
Janssen,5,2021-06-16,DU,2
Janssen,5,2021-06-16,R,0
Janssen,5,2021-06-17,D1,0
Janssen,5,2021-06-17,D2,0
Janssen,5,2021-06-17,DU,11
Janssen,5,2021-06-17,R,2
Janssen,5,2021-06-18,D1,0
Janssen,5,2021-06-18,D2,0
Janssen,5,2021-06-18,DU,7
Janssen,5,2021-06-18,R,0
Janssen,5,2021-06-19,D1,0
Janssen,5,2021-06-19,D2,0
Janssen,5,2021-06-19,DU,2
Janssen,5,2021-06-19,R,0
Janssen,5,2021-06-21,D1,0
Janssen,5,2021-06-21,D2,0
Janssen,5,2021-06-21,DU,16
Janssen,5,2021-06-21,R,1
Janssen,5,2021-06-22,D1,0
Janssen,5,2021-06-22,D2,0
Janssen,5,2021-06-22,DU,11
Janssen,5,2021-06-22,R,0
Janssen,5,2021-06-23,D1,0
Janssen,5,2021-06-23,D2,0
Janssen,5,2021-06-23,DU,20
Janssen,5,2021-06-23,R,0
Janssen,5,2021-06-24,D1,0
Janssen,5,2021-06-24,D2,0
Janssen,5,2021-06-24,DU,33
Janssen,5,2021-06-24,R,0
Janssen,5,2021-06-25,D1,0
Janssen,5,2021-06-25,D2,0
Janssen,5,2021-06-25,DU,36
Janssen,5,2021-06-25,R,0
Janssen,5,2021-06-26,D1,0
Janssen,5,2021-06-26,D2,0
Janssen,5,2021-06-26,DU,5
Janssen,5,2021-06-26,R,0
Janssen,5,2021-06-28,D1,0
Janssen,5,2021-06-28,D2,0
Janssen,5,2021-06-28,DU,999
Janssen,5,2021-06-28,R,2
Janssen,5,2021-06-29,D1,0
Janssen,5,2021-06-29,D2,0
Janssen,5,2021-06-29,DU,602
Janssen,5,2021-06-29,R,0
Janssen,5,2021-06-30,D1,0
Janssen,5,2021-06-30,D2,0
Janssen,5,2021-06-30,DU,913
Janssen,5,2021-06-30,R,0
Janssen,5,2021-07-01,D1,0
Janssen,5,2021-07-01,D2,0
Janssen,5,2021-07-01,DU,832
Janssen,5,2021-07-01,R,0
Janssen,5,2021-07-02,D1,0
Janssen,5,2021-07-02,D2,0
Janssen,5,2021-07-02,DU,710
Janssen,5,2021-07-02,R,0
Janssen,5,2021-07-03,D1,0
Janssen,5,2021-07-03,D2,0
Janssen,5,2021-07-03,DU,87
Janssen,5,2021-07-03,R,0
Janssen,5,2021-07-04,D1,0
Janssen,5,2021-07-04,D2,0
Janssen,5,2021-07-04,DU,65
Janssen,5,2021-07-04,R,0
Janssen,5,2021-07-05,D1,0
Janssen,5,2021-07-05,D2,0
Janssen,5,2021-07-05,DU,564
Janssen,5,2021-07-05,R,0
Janssen,5,2021-07-06,D1,0
Janssen,5,2021-07-06,D2,0
Janssen,5,2021-07-06,DU,5787
Janssen,5,2021-07-06,R,0
Janssen,5,2021-07-07,D1,0
Janssen,5,2021-07-07,D2,0
Janssen,5,2021-07-07,DU,18514
Janssen,5,2021-07-07,R,0
Janssen,5,2021-07-08,D1,0
Janssen,5,2021-07-08,D2,0
Janssen,5,2021-07-08,DU,24188
Janssen,5,2021-07-08,R,0
Janssen,5,2021-07-09,D1,0
Janssen,5,2021-07-09,D2,0
Janssen,5,2021-07-09,DU,18098
Janssen,5,2021-07-09,R,0
Janssen,5,2021-07-10,D1,0
Janssen,5,2021-07-10,D2,0
Janssen,5,2021-07-10,DU,6835
Janssen,5,2021-07-10,R,0
Janssen,5,2021-07-11,D1,0
Janssen,5,2021-07-11,D2,0
Janssen,5,2021-07-11,DU,199
Janssen,5,2021-07-11,R,0
Janssen,5,2021-07-12,D1,0
Janssen,5,2021-07-12,D2,0
Janssen,5,2021-07-12,DU,10082
Janssen,5,2021-07-12,R,0
Janssen,5,2021-07-13,D1,0
Janssen,5,2021-07-13,D2,0
Janssen,5,2021-07-13,DU,9108
Janssen,5,2021-07-13,R,0
Janssen,5,2021-07-14,D1,0
Janssen,5,2021-07-14,D2,0
Janssen,5,2021-07-14,DU,6951
Janssen,5,2021-07-14,R,0
Janssen,5,2021-07-15,D1,0
Janssen,5,2021-07-15,D2,0
Janssen,5,2021-07-15,DU,5484
Janssen,5,2021-07-15,R,0
Janssen,5,2021-07-16,D1,0
Janssen,5,2021-07-16,D2,0
Janssen,5,2021-07-16,DU,3169
Janssen,5,2021-07-16,R,0
Janssen,5,2021-07-17,D1,0
Janssen,5,2021-07-17,D2,0
Janssen,5,2021-07-17,DU,5928
Janssen,5,2021-07-17,R,0
Janssen,5,2021-07-18,D1,0
Janssen,5,2021-07-18,D2,0
Janssen,5,2021-07-18,DU,160
Janssen,5,2021-07-18,R,0
Janssen,5,2021-07-19,D1,0
Janssen,5,2021-07-19,D2,0
Janssen,5,2021-07-19,DU,1694
Janssen,5,2021-07-19,R,0
Janssen,5,2021-07-20,D1,0
Janssen,5,2021-07-20,D2,0
Janssen,5,2021-07-20,DU,1567
Janssen,5,2021-07-20,R,0
Janssen,5,2021-07-21,D1,0
Janssen,5,2021-07-21,D2,0
Janssen,5,2021-07-21,DU,539
Janssen,5,2021-07-21,R,0
Janssen,5,2021-07-22,D1,0
Janssen,5,2021-07-22,D2,0
Janssen,5,2021-07-22,DU,792
Janssen,5,2021-07-22,R,1
Janssen,5,2021-07-23,D1,0
Janssen,5,2021-07-23,D2,0
Janssen,5,2021-07-23,DU,1145
Janssen,5,2021-07-23,R,0
Janssen,5,2021-07-24,D1,0
Janssen,5,2021-07-24,D2,0
Janssen,5,2021-07-24,DU,853
Janssen,5,2021-07-24,R,0
Janssen,5,2021-07-25,D1,0
Janssen,5,2021-07-25,D2,0
Janssen,5,2021-07-25,DU,26
Janssen,5,2021-07-25,R,0
Janssen,5,2021-07-26,D1,0
Janssen,5,2021-07-26,D2,0
Janssen,5,2021-07-26,DU,616
Janssen,5,2021-07-26,R,0
Janssen,5,2021-07-27,D1,0
Janssen,5,2021-07-27,D2,0
Janssen,5,2021-07-27,DU,284
Janssen,5,2021-07-27,R,0
Janssen,5,2021-07-28,D1,0
Janssen,5,2021-07-28,D2,0
Janssen,5,2021-07-28,DU,387
Janssen,5,2021-07-28,R,0
Janssen,5,2021-07-29,D1,0
Janssen,5,2021-07-29,D2,0
Janssen,5,2021-07-29,DU,330
Janssen,5,2021-07-29,R,0
Janssen,5,2021-07-30,D1,0
Janssen,5,2021-07-30,D2,0
Janssen,5,2021-07-30,DU,341
Janssen,5,2021-07-30,R,0
Janssen,5,2021-07-31,D1,0
Janssen,5,2021-07-31,D2,0
Janssen,5,2021-07-31,DU,132
Janssen,5,2021-07-31,R,0
Janssen,5,2021-08-02,D1,0
Janssen,5,2021-08-02,D2,0
Janssen,5,2021-08-02,DU,87
Janssen,5,2021-08-02,R,0
Janssen,5,2021-08-03,D1,0
Janssen,5,2021-08-03,D2,0
Janssen,5,2021-08-03,DU,174
Janssen,5,2021-08-03,R,0
Janssen,5,2021-08-04,D1,0
Janssen,5,2021-08-04,D2,0
Janssen,5,2021-08-04,DU,80
Janssen,5,2021-08-04,R,0
Janssen,5,2021-08-05,D1,0
Janssen,5,2021-08-05,D2,0
Janssen,5,2021-08-05,DU,54
Janssen,5,2021-08-05,R,0
Janssen,5,2021-08-06,D1,0
Janssen,5,2021-08-06,D2,0
Janssen,5,2021-08-06,DU,177
Janssen,5,2021-08-06,R,0
Janssen,5,2021-08-07,D1,0
Janssen,5,2021-08-07,D2,0
Janssen,5,2021-08-07,DU,36
Janssen,5,2021-08-07,R,0
Janssen,5,2021-08-08,D1,0
Janssen,5,2021-08-08,D2,0
Janssen,5,2021-08-08,DU,1
Janssen,5,2021-08-08,R,0
Janssen,5,2021-08-09,D1,0
Janssen,5,2021-08-09,D2,0
Janssen,5,2021-08-09,DU,93
Janssen,5,2021-08-09,R,0
Janssen,5,2021-08-10,D1,0
Janssen,5,2021-08-10,D2,0
Janssen,5,2021-08-10,DU,127
Janssen,5,2021-08-10,R,0
Janssen,5,2021-08-11,D1,0
Janssen,5,2021-08-11,D2,0
Janssen,5,2021-08-11,DU,81
Janssen,5,2021-08-11,R,0
Janssen,5,2021-08-12,D1,0
Janssen,5,2021-08-12,D2,0
Janssen,5,2021-08-12,DU,185
Janssen,5,2021-08-12,R,0
Janssen,5,2021-08-13,D1,0
Janssen,5,2021-08-13,D2,0
Janssen,5,2021-08-13,DU,170
Janssen,5,2021-08-13,R,0
Janssen,5,2021-08-14,D1,0
Janssen,5,2021-08-14,D2,0
Janssen,5,2021-08-14,DU,51
Janssen,5,2021-08-14,R,0
Janssen,5,2021-08-15,D1,0
Janssen,5,2021-08-15,D2,0
Janssen,5,2021-08-15,DU,2
Janssen,5,2021-08-15,R,0
Janssen,5,2021-08-16,D1,0
Janssen,5,2021-08-16,D2,0
Janssen,5,2021-08-16,DU,51
Janssen,5,2021-08-16,R,0
Janssen,5,2021-08-17,D1,0
Janssen,5,2021-08-17,D2,0
Janssen,5,2021-08-17,DU,23
Janssen,5,2021-08-17,R,1
Janssen,5,2021-08-18,D1,0
Janssen,5,2021-08-18,D2,0
Janssen,5,2021-08-18,DU,77
Janssen,5,2021-08-18,R,0
Janssen,5,2021-08-19,D1,0
Janssen,5,2021-08-19,D2,0
Janssen,5,2021-08-19,DU,19
Janssen,5,2021-08-19,R,0
Janssen,5,2021-08-20,D1,0
Janssen,5,2021-08-20,D2,0
Janssen,5,2021-08-20,DU,16
Janssen,5,2021-08-20,R,0
Janssen,5,2021-08-21,D1,0
Janssen,5,2021-08-21,D2,0
Janssen,5,2021-08-21,DU,8
Janssen,5,2021-08-21,R,0
Janssen,5,2021-08-22,D1,0
Janssen,5,2021-08-22,D2,0
Janssen,5,2021-08-22,DU,0
Janssen,5,2021-08-22,R,1
Janssen,5,2021-08-23,D1,0
Janssen,5,2021-08-23,D2,0
Janssen,5,2021-08-23,DU,8
Janssen,5,2021-08-23,R,0
Janssen,5,2021-08-24,D1,0
Janssen,5,2021-08-24,D2,0
Janssen,5,2021-08-24,DU,20
Janssen,5,2021-08-24,R,0
Janssen,5,2021-08-25,D1,0
Janssen,5,2021-08-25,D2,0
Janssen,5,2021-08-25,DU,17
Janssen,5,2021-08-25,R,0
Janssen,5,2021-08-26,D1,0
Janssen,5,2021-08-26,D2,0
Janssen,5,2021-08-26,DU,26
Janssen,5,2021-08-26,R,0
Janssen,5,2021-08-27,D1,0
Janssen,5,2021-08-27,D2,0
Janssen,5,2021-08-27,DU,153
Janssen,5,2021-08-27,R,0
Janssen,5,2021-08-28,D1,0
Janssen,5,2021-08-28,D2,0
Janssen,5,2021-08-28,DU,2
Janssen,5,2021-08-28,R,2
Janssen,5,2021-08-29,D1,0
Janssen,5,2021-08-29,D2,0
Janssen,5,2021-08-29,DU,0
Janssen,5,2021-08-29,R,1
Janssen,5,2021-08-30,D1,0
Janssen,5,2021-08-30,D2,0
Janssen,5,2021-08-30,DU,15
Janssen,5,2021-08-30,R,0
Janssen,5,2021-08-31,D1,0
Janssen,5,2021-08-31,D2,0
Janssen,5,2021-08-31,DU,28
Janssen,5,2021-08-31,R,0
Janssen,5,2021-09-01,D1,0
Janssen,5,2021-09-01,D2,0
Janssen,5,2021-09-01,DU,23
Janssen,5,2021-09-01,R,0
Janssen,5,2021-09-02,D1,0
Janssen,5,2021-09-02,D2,0
Janssen,5,2021-09-02,DU,25
Janssen,5,2021-09-02,R,0
Janssen,5,2021-09-03,D1,0
Janssen,5,2021-09-03,D2,0
Janssen,5,2021-09-03,DU,9
Janssen,5,2021-09-03,R,0
Janssen,5,2021-09-04,D1,0
Janssen,5,2021-09-04,D2,0
Janssen,5,2021-09-04,DU,1
Janssen,5,2021-09-04,R,0
Janssen,5,2021-09-05,D1,0
Janssen,5,2021-09-05,D2,0
Janssen,5,2021-09-05,DU,2
Janssen,5,2021-09-05,R,0
Janssen,5,2021-09-06,D1,0
Janssen,5,2021-09-06,D2,0
Janssen,5,2021-09-06,DU,3
Janssen,5,2021-09-06,R,0
Janssen,5,2021-09-07,D1,0
Janssen,5,2021-09-07,D2,0
Janssen,5,2021-09-07,DU,1
Janssen,5,2021-09-07,R,0
Janssen,5,2021-09-08,D1,0
Janssen,5,2021-09-08,D2,0
Janssen,5,2021-09-08,DU,7
Janssen,5,2021-09-08,R,0
Janssen,5,2021-09-09,D1,0
Janssen,5,2021-09-09,D2,0
Janssen,5,2021-09-09,DU,17
Janssen,5,2021-09-09,R,0
Janssen,5,2021-09-10,D1,0
Janssen,5,2021-09-10,D2,0
Janssen,5,2021-09-10,DU,20
Janssen,5,2021-09-10,R,0
Janssen,5,2021-09-11,D1,0
Janssen,5,2021-09-11,D2,0
Janssen,5,2021-09-11,DU,5
Janssen,5,2021-09-11,R,0
Janssen,5,2021-09-13,D1,0
Janssen,5,2021-09-13,D2,0
Janssen,5,2021-09-13,DU,17
Janssen,5,2021-09-13,R,0
Janssen,5,2021-09-14,D1,0
Janssen,5,2021-09-14,D2,0
Janssen,5,2021-09-14,DU,35
Janssen,5,2021-09-14,R,0
Janssen,5,2021-09-15,D1,0
Janssen,5,2021-09-15,D2,0
Janssen,5,2021-09-15,DU,17
Janssen,5,2021-09-15,R,0
Janssen,5,2021-09-16,D1,0
Janssen,5,2021-09-16,D2,0
Janssen,5,2021-09-16,DU,1
Janssen,5,2021-09-16,R,0
Janssen,5,2021-09-17,D1,0
Janssen,5,2021-09-17,D2,0
Janssen,5,2021-09-17,DU,9
Janssen,5,2021-09-17,R,0
Janssen,5,2021-09-18,D1,0
Janssen,5,2021-09-18,D2,0
Janssen,5,2021-09-18,DU,4
Janssen,5,2021-09-18,R,0
Janssen,5,2021-09-20,D1,0
Janssen,5,2021-09-20,D2,0
Janssen,5,2021-09-20,DU,3
Janssen,5,2021-09-20,R,0
Janssen,5,2021-09-21,D1,0
Janssen,5,2021-09-21,D2,0
Janssen,5,2021-09-21,DU,6
Janssen,5,2021-09-21,R,0
Janssen,5,2021-09-22,D1,0
Janssen,5,2021-09-22,D2,0
Janssen,5,2021-09-22,DU,3
Janssen,5,2021-09-22,R,0
Janssen,5,2021-09-23,D1,0
Janssen,5,2021-09-23,D2,0
Janssen,5,2021-09-23,DU,2
Janssen,5,2021-09-23,R,1
Janssen,5,2021-09-24,D1,0
Janssen,5,2021-09-24,D2,0
Janssen,5,2021-09-24,DU,4
Janssen,5,2021-09-24,R,2
Janssen,5,2021-09-25,D1,0
Janssen,5,2021-09-25,D2,0
Janssen,5,2021-09-25,DU,3
Janssen,5,2021-09-25,R,0
Janssen,5,2021-09-26,D1,0
Janssen,5,2021-09-26,D2,0
Janssen,5,2021-09-26,DU,6
Janssen,5,2021-09-26,R,2
Janssen,5,2021-09-27,D1,0
Janssen,5,2021-09-27,D2,0
Janssen,5,2021-09-27,DU,11
Janssen,5,2021-09-27,R,0
Janssen,5,2021-09-28,D1,0
Janssen,5,2021-09-28,D2,0
Janssen,5,2021-09-28,DU,2
Janssen,5,2021-09-28,R,0
Janssen,5,2021-09-29,D1,0
Janssen,5,2021-09-29,D2,0
Janssen,5,2021-09-29,DU,1
Janssen,5,2021-09-29,R,0
Janssen,5,2021-09-30,D1,0
Janssen,5,2021-09-30,D2,0
Janssen,5,2021-09-30,DU,1
Janssen,5,2021-09-30,R,0
Janssen,5,2021-10-01,D1,0
Janssen,5,2021-10-01,D2,0
Janssen,5,2021-10-01,DU,5
Janssen,5,2021-10-01,R,0
Janssen,5,2021-10-02,D1,0
Janssen,5,2021-10-02,D2,0
Janssen,5,2021-10-02,DU,6
Janssen,5,2021-10-02,R,2
Janssen,5,2021-10-04,D1,0
Janssen,5,2021-10-04,D2,0
Janssen,5,2021-10-04,DU,1
Janssen,5,2021-10-04,R,6
Janssen,5,2021-10-05,D1,0
Janssen,5,2021-10-05,D2,0
Janssen,5,2021-10-05,DU,4
Janssen,5,2021-10-05,R,0
Janssen,5,2021-10-06,D1,0
Janssen,5,2021-10-06,D2,0
Janssen,5,2021-10-06,DU,2
Janssen,5,2021-10-06,R,0
Janssen,5,2021-10-07,D1,0
Janssen,5,2021-10-07,D2,0
Janssen,5,2021-10-07,DU,9
Janssen,5,2021-10-07,R,1
Janssen,5,2021-10-08,D1,0
Janssen,5,2021-10-08,D2,0
Janssen,5,2021-10-08,DU,5
Janssen,5,2021-10-08,R,1
Janssen,5,2021-10-09,D1,0
Janssen,5,2021-10-09,D2,0
Janssen,5,2021-10-09,DU,2
Janssen,5,2021-10-09,R,0
Janssen,5,2021-10-10,D1,0
Janssen,5,2021-10-10,D2,0
Janssen,5,2021-10-10,DU,1
Janssen,5,2021-10-10,R,0
Janssen,5,2021-10-11,D1,0
Janssen,5,2021-10-11,D2,0
Janssen,5,2021-10-11,DU,1
Janssen,5,2021-10-11,R,1
Janssen,5,2021-10-13,D1,0
Janssen,5,2021-10-13,D2,0
Janssen,5,2021-10-13,DU,1
Janssen,5,2021-10-13,R,0
Janssen,5,2021-10-14,D1,0
Janssen,5,2021-10-14,D2,0
Janssen,5,2021-10-14,DU,0
Janssen,5,2021-10-14,R,1
Janssen,5,2021-10-15,D1,0
Janssen,5,2021-10-15,D2,0
Janssen,5,2021-10-15,DU,4
Janssen,5,2021-10-15,R,0
Janssen,5,2021-10-16,D1,0
Janssen,5,2021-10-16,D2,0
Janssen,5,2021-10-16,DU,18
Janssen,5,2021-10-16,R,0
Janssen,5,2021-10-18,D1,0
Janssen,5,2021-10-18,D2,0
Janssen,5,2021-10-18,DU,7
Janssen,5,2021-10-18,R,0
Janssen,5,2021-10-19,D1,0
Janssen,5,2021-10-19,D2,0
Janssen,5,2021-10-19,DU,7
Janssen,5,2021-10-19,R,0
Janssen,5,2021-10-21,D1,0
Janssen,5,2021-10-21,D2,0
Janssen,5,2021-10-21,DU,6
Janssen,5,2021-10-21,R,2
Janssen,5,2021-10-22,D1,0
Janssen,5,2021-10-22,D2,0
Janssen,5,2021-10-22,DU,1
Janssen,5,2021-10-22,R,0
Janssen,5,2021-10-25,D1,0
Janssen,5,2021-10-25,D2,0
Janssen,5,2021-10-25,DU,3
Janssen,5,2021-10-25,R,0
Janssen,5,2021-10-26,D1,0
Janssen,5,2021-10-26,D2,0
Janssen,5,2021-10-26,DU,4
Janssen,5,2021-10-26,R,3
Janssen,5,2021-10-27,D1,0
Janssen,5,2021-10-27,D2,0
Janssen,5,2021-10-27,DU,5
Janssen,5,2021-10-27,R,5
Janssen,5,2021-10-28,D1,0
Janssen,5,2021-10-28,D2,0
Janssen,5,2021-10-28,DU,3
Janssen,5,2021-10-28,R,0
Janssen,5,2021-10-30,D1,0
Janssen,5,2021-10-30,D2,0
Janssen,5,2021-10-30,DU,1
Janssen,5,2021-10-30,R,1
Janssen,5,2021-11-03,D1,0
Janssen,5,2021-11-03,D2,0
Janssen,5,2021-11-03,DU,2
Janssen,5,2021-11-03,R,0
Janssen,5,2021-11-04,D1,0
Janssen,5,2021-11-04,D2,0
Janssen,5,2021-11-04,DU,1
Janssen,5,2021-11-04,R,0
Janssen,5,2021-11-05,D1,0
Janssen,5,2021-11-05,D2,0
Janssen,5,2021-11-05,DU,0
Janssen,5,2021-11-05,R,1
Janssen,5,2021-11-06,D1,0
Janssen,5,2021-11-06,D2,0
Janssen,5,2021-11-06,DU,0
Janssen,5,2021-11-06,R,2
Janssen,5,2021-11-09,D1,0
Janssen,5,2021-11-09,D2,0
Janssen,5,2021-11-09,DU,1
Janssen,5,2021-11-09,R,0
Janssen,5,2021-11-11,D1,0
Janssen,5,2021-11-11,D2,0
Janssen,5,2021-11-11,DU,4
Janssen,5,2021-11-11,R,0
Janssen,5,2021-11-15,D1,0
Janssen,5,2021-11-15,D2,0
Janssen,5,2021-11-15,DU,0
Janssen,5,2021-11-15,R,1
Janssen,5,2021-11-17,D1,0
Janssen,5,2021-11-17,D2,0
Janssen,5,2021-11-17,DU,2
Janssen,5,2021-11-17,R,2
Janssen,5,2021-11-27,D1,0
Janssen,5,2021-11-27,D2,0
Janssen,5,2021-11-27,DU,0
Janssen,5,2021-11-27,R,1
Janssen,5,2021-12-04,D1,0
Janssen,5,2021-12-04,D2,0
Janssen,5,2021-12-04,DU,1
Janssen,5,2021-12-04,R,2
Janssen,5,2021-12-07,D1,0
Janssen,5,2021-12-07,D2,0
Janssen,5,2021-12-07,DU,1
Janssen,5,2021-12-07,R,7
Janssen,5,2021-12-13,D1,0
Janssen,5,2021-12-13,D2,0
Janssen,5,2021-12-13,DU,0
Janssen,5,2021-12-13,R,1
Janssen,5,2021-12-14,D1,0
Janssen,5,2021-12-14,D2,0
Janssen,5,2021-12-14,DU,3
Janssen,5,2021-12-14,R,1751
Janssen,5,2021-12-15,D1,0
Janssen,5,2021-12-15,D2,0
Janssen,5,2021-12-15,DU,0
Janssen,5,2021-12-15,R,9
Janssen,5,2021-12-16,D1,0
Janssen,5,2021-12-16,D2,0
Janssen,5,2021-12-16,DU,0
Janssen,5,2021-12-16,R,2
Janssen,5,2021-12-17,D1,0
Janssen,5,2021-12-17,D2,0
Janssen,5,2021-12-17,DU,19
Janssen,5,2021-12-17,R,1317
Janssen,5,2021-12-19,D1,0
Janssen,5,2021-12-19,D2,0
Janssen,5,2021-12-19,DU,2
Janssen,5,2021-12-19,R,80
Janssen,5,2021-12-20,D1,0
Janssen,5,2021-12-20,D2,0
Janssen,5,2021-12-20,DU,7
Janssen,5,2021-12-20,R,414
Janssen,5,2021-12-21,D1,0
Janssen,5,2021-12-21,D2,0
Janssen,5,2021-12-21,DU,0
Janssen,5,2021-12-21,R,11
Janssen,5,2021-12-22,D1,0
Janssen,5,2021-12-22,D2,0
Janssen,5,2021-12-22,DU,0
Janssen,5,2021-12-22,R,1
Janssen,5,2021-12-23,D1,0
Janssen,5,2021-12-23,D2,0
Janssen,5,2021-12-23,DU,2
Janssen,5,2021-12-23,R,227
Janssen,5,2021-12-26,D1,0
Janssen,5,2021-12-26,D2,0
Janssen,5,2021-12-26,DU,0
Janssen,5,2021-12-26,R,6
Janssen,5,2021-12-27,D1,0
Janssen,5,2021-12-27,D2,0
Janssen,5,2021-12-27,DU,16
Janssen,5,2021-12-27,R,886
Janssen,5,2021-12-28,D1,0
Janssen,5,2021-12-28,D2,0
Janssen,5,2021-12-28,DU,21
Janssen,5,2021-12-28,R,1073
Janssen,5,2022-01-03,D1,0
Janssen,5,2022-01-03,D2,0
Janssen,5,2022-01-03,DU,9
Janssen,5,2022-01-03,R,616
Janssen,5,2022-01-04,D1,0
Janssen,5,2022-01-04,D2,0
Janssen,5,2022-01-04,DU,28
Janssen,5,2022-01-04,R,1350
Janssen,5,2022-01-05,D1,0
Janssen,5,2022-01-05,D2,0
Janssen,5,2022-01-05,DU,0
Janssen,5,2022-01-05,R,20
Janssen,5,2022-01-07,D1,0
Janssen,5,2022-01-07,D2,0
Janssen,5,2022-01-07,DU,0
Janssen,5,2022-01-07,R,1
Janssen,5,2022-01-08,D1,0
Janssen,5,2022-01-08,D2,0
Janssen,5,2022-01-08,DU,0
Janssen,5,2022-01-08,R,24
Janssen,5,2022-01-10,D1,0
Janssen,5,2022-01-10,D2,0
Janssen,5,2022-01-10,DU,40
Janssen,5,2022-01-10,R,1049
Janssen,5,2022-01-11,D1,0
Janssen,5,2022-01-11,D2,0
Janssen,5,2022-01-11,DU,34
Janssen,5,2022-01-11,R,1293
Janssen,5,2022-01-12,D1,0
Janssen,5,2022-01-12,D2,0
Janssen,5,2022-01-12,DU,0
Janssen,5,2022-01-12,R,1
Janssen,5,2022-01-13,D1,0
Janssen,5,2022-01-13,D2,0
Janssen,5,2022-01-13,DU,23
Janssen,5,2022-01-13,R,917
Janssen,5,2022-01-14,D1,0
Janssen,5,2022-01-14,D2,0
Janssen,5,2022-01-14,DU,0
Janssen,5,2022-01-14,R,51
Janssen,6,2021-01-18,D1,0
Janssen,6,2021-01-18,D2,0
Janssen,6,2021-01-18,DU,1
Janssen,6,2021-01-18,R,0
Janssen,6,2021-01-28,D1,0
Janssen,6,2021-01-28,D2,0
Janssen,6,2021-01-28,DU,1
Janssen,6,2021-01-28,R,0
Janssen,6,2021-02-25,D1,0
Janssen,6,2021-02-25,D2,0
Janssen,6,2021-02-25,DU,2
Janssen,6,2021-02-25,R,0
Janssen,6,2021-03-11,D1,0
Janssen,6,2021-03-11,D2,0
Janssen,6,2021-03-11,DU,1
Janssen,6,2021-03-11,R,0
Janssen,6,2021-03-12,D1,0
Janssen,6,2021-03-12,D2,0
Janssen,6,2021-03-12,DU,3
Janssen,6,2021-03-12,R,0
Janssen,6,2021-03-13,D1,0
Janssen,6,2021-03-13,D2,0
Janssen,6,2021-03-13,DU,9
Janssen,6,2021-03-13,R,0
Janssen,6,2021-03-15,D1,0
Janssen,6,2021-03-15,D2,0
Janssen,6,2021-03-15,DU,1
Janssen,6,2021-03-15,R,0
Janssen,6,2021-03-16,D1,0
Janssen,6,2021-03-16,D2,0
Janssen,6,2021-03-16,DU,1
Janssen,6,2021-03-16,R,0
Janssen,6,2021-03-17,D1,0
Janssen,6,2021-03-17,D2,0
Janssen,6,2021-03-17,DU,1
Janssen,6,2021-03-17,R,0
Janssen,6,2021-03-19,D1,0
Janssen,6,2021-03-19,D2,0
Janssen,6,2021-03-19,DU,2
Janssen,6,2021-03-19,R,0
Janssen,6,2021-04-01,D1,0
Janssen,6,2021-04-01,D2,0
Janssen,6,2021-04-01,DU,1
Janssen,6,2021-04-01,R,0
Janssen,6,2021-04-05,D1,0
Janssen,6,2021-04-05,D2,0
Janssen,6,2021-04-05,DU,3
Janssen,6,2021-04-05,R,0
Janssen,6,2021-04-07,D1,0
Janssen,6,2021-04-07,D2,0
Janssen,6,2021-04-07,DU,1
Janssen,6,2021-04-07,R,0
Janssen,6,2021-04-09,D1,0
Janssen,6,2021-04-09,D2,0
Janssen,6,2021-04-09,DU,1
Janssen,6,2021-04-09,R,0
Janssen,6,2021-04-10,D1,0
Janssen,6,2021-04-10,D2,0
Janssen,6,2021-04-10,DU,2
Janssen,6,2021-04-10,R,0
Janssen,6,2021-05-20,D1,0
Janssen,6,2021-05-20,D2,0
Janssen,6,2021-05-20,DU,1
Janssen,6,2021-05-20,R,0
Janssen,6,2021-05-28,D1,0
Janssen,6,2021-05-28,D2,0
Janssen,6,2021-05-28,DU,2
Janssen,6,2021-05-28,R,0
Janssen,6,2021-06-01,D1,0
Janssen,6,2021-06-01,D2,0
Janssen,6,2021-06-01,DU,1
Janssen,6,2021-06-01,R,0
Janssen,6,2021-06-02,D1,0
Janssen,6,2021-06-02,D2,0
Janssen,6,2021-06-02,DU,1
Janssen,6,2021-06-02,R,0
Janssen,6,2021-06-10,D1,0
Janssen,6,2021-06-10,D2,0
Janssen,6,2021-06-10,DU,6
Janssen,6,2021-06-10,R,0
Janssen,6,2021-06-14,D1,0
Janssen,6,2021-06-14,D2,0
Janssen,6,2021-06-14,DU,1
Janssen,6,2021-06-14,R,0
Janssen,6,2021-06-15,D1,0
Janssen,6,2021-06-15,D2,0
Janssen,6,2021-06-15,DU,2
Janssen,6,2021-06-15,R,0
Janssen,6,2021-06-16,D1,0
Janssen,6,2021-06-16,D2,0
Janssen,6,2021-06-16,DU,1
Janssen,6,2021-06-16,R,0
Janssen,6,2021-06-17,D1,0
Janssen,6,2021-06-17,D2,0
Janssen,6,2021-06-17,DU,9
Janssen,6,2021-06-17,R,1
Janssen,6,2021-06-18,D1,0
Janssen,6,2021-06-18,D2,0
Janssen,6,2021-06-18,DU,2
Janssen,6,2021-06-18,R,0
Janssen,6,2021-06-19,D1,0
Janssen,6,2021-06-19,D2,0
Janssen,6,2021-06-19,DU,3
Janssen,6,2021-06-19,R,0
Janssen,6,2021-06-20,D1,0
Janssen,6,2021-06-20,D2,0
Janssen,6,2021-06-20,DU,1
Janssen,6,2021-06-20,R,0
Janssen,6,2021-06-21,D1,0
Janssen,6,2021-06-21,D2,0
Janssen,6,2021-06-21,DU,7
Janssen,6,2021-06-21,R,0
Janssen,6,2021-06-22,D1,0
Janssen,6,2021-06-22,D2,0
Janssen,6,2021-06-22,DU,14
Janssen,6,2021-06-22,R,1
Janssen,6,2021-06-23,D1,0
Janssen,6,2021-06-23,D2,0
Janssen,6,2021-06-23,DU,23
Janssen,6,2021-06-23,R,0
Janssen,6,2021-06-24,D1,0
Janssen,6,2021-06-24,D2,0
Janssen,6,2021-06-24,DU,22
Janssen,6,2021-06-24,R,0
Janssen,6,2021-06-25,D1,0
Janssen,6,2021-06-25,D2,0
Janssen,6,2021-06-25,DU,28
Janssen,6,2021-06-25,R,0
Janssen,6,2021-06-26,D1,0
Janssen,6,2021-06-26,D2,0
Janssen,6,2021-06-26,DU,20
Janssen,6,2021-06-26,R,0
Janssen,6,2021-06-27,D1,0
Janssen,6,2021-06-27,D2,0
Janssen,6,2021-06-27,DU,3
Janssen,6,2021-06-27,R,0
Janssen,6,2021-06-28,D1,0
Janssen,6,2021-06-28,D2,0
Janssen,6,2021-06-28,DU,23321
Janssen,6,2021-06-28,R,1
Janssen,6,2021-06-29,D1,0
Janssen,6,2021-06-29,D2,0
Janssen,6,2021-06-29,DU,12070
Janssen,6,2021-06-29,R,0
Janssen,6,2021-06-30,D1,0
Janssen,6,2021-06-30,D2,0
Janssen,6,2021-06-30,DU,9065
Janssen,6,2021-06-30,R,0
Janssen,6,2021-07-01,D1,0
Janssen,6,2021-07-01,D2,0
Janssen,6,2021-07-01,DU,6045
Janssen,6,2021-07-01,R,0
Janssen,6,2021-07-02,D1,0
Janssen,6,2021-07-02,D2,0
Janssen,6,2021-07-02,DU,3224
Janssen,6,2021-07-02,R,0
Janssen,6,2021-07-03,D1,0
Janssen,6,2021-07-03,D2,0
Janssen,6,2021-07-03,DU,2138
Janssen,6,2021-07-03,R,0
Janssen,6,2021-07-04,D1,0
Janssen,6,2021-07-04,D2,0
Janssen,6,2021-07-04,DU,38
Janssen,6,2021-07-04,R,0
Janssen,6,2021-07-05,D1,0
Janssen,6,2021-07-05,D2,0
Janssen,6,2021-07-05,DU,1641
Janssen,6,2021-07-05,R,1
Janssen,6,2021-07-06,D1,0
Janssen,6,2021-07-06,D2,0
Janssen,6,2021-07-06,DU,11605
Janssen,6,2021-07-06,R,0
Janssen,6,2021-07-07,D1,0
Janssen,6,2021-07-07,D2,0
Janssen,6,2021-07-07,DU,25396
Janssen,6,2021-07-07,R,0
Janssen,6,2021-07-08,D1,0
Janssen,6,2021-07-08,D2,0
Janssen,6,2021-07-08,DU,5756
Janssen,6,2021-07-08,R,0
Janssen,6,2021-07-09,D1,0
Janssen,6,2021-07-09,D2,0
Janssen,6,2021-07-09,DU,4958
Janssen,6,2021-07-09,R,0
Janssen,6,2021-07-10,D1,0
Janssen,6,2021-07-10,D2,0
Janssen,6,2021-07-10,DU,4102
Janssen,6,2021-07-10,R,0
Janssen,6,2021-07-11,D1,0
Janssen,6,2021-07-11,D2,0
Janssen,6,2021-07-11,DU,179
Janssen,6,2021-07-11,R,0
Janssen,6,2021-07-12,D1,0
Janssen,6,2021-07-12,D2,0
Janssen,6,2021-07-12,DU,2604
Janssen,6,2021-07-12,R,0
Janssen,6,2021-07-13,D1,0
Janssen,6,2021-07-13,D2,0
Janssen,6,2021-07-13,DU,2033
Janssen,6,2021-07-13,R,0
Janssen,6,2021-07-14,D1,0
Janssen,6,2021-07-14,D2,0
Janssen,6,2021-07-14,DU,1582
Janssen,6,2021-07-14,R,0
Janssen,6,2021-07-15,D1,0
Janssen,6,2021-07-15,D2,0
Janssen,6,2021-07-15,DU,1133
Janssen,6,2021-07-15,R,0
Janssen,6,2021-07-16,D1,0
Janssen,6,2021-07-16,D2,0
Janssen,6,2021-07-16,DU,740
Janssen,6,2021-07-16,R,0
Janssen,6,2021-07-17,D1,0
Janssen,6,2021-07-17,D2,0
Janssen,6,2021-07-17,DU,859
Janssen,6,2021-07-17,R,0
Janssen,6,2021-07-18,D1,0
Janssen,6,2021-07-18,D2,0
Janssen,6,2021-07-18,DU,42
Janssen,6,2021-07-18,R,0
Janssen,6,2021-07-19,D1,0
Janssen,6,2021-07-19,D2,0
Janssen,6,2021-07-19,DU,253
Janssen,6,2021-07-19,R,0
Janssen,6,2021-07-20,D1,0
Janssen,6,2021-07-20,D2,0
Janssen,6,2021-07-20,DU,394
Janssen,6,2021-07-20,R,0
Janssen,6,2021-07-21,D1,0
Janssen,6,2021-07-21,D2,0
Janssen,6,2021-07-21,DU,150
Janssen,6,2021-07-21,R,0
Janssen,6,2021-07-22,D1,0
Janssen,6,2021-07-22,D2,0
Janssen,6,2021-07-22,DU,120
Janssen,6,2021-07-22,R,0
Janssen,6,2021-07-23,D1,0
Janssen,6,2021-07-23,D2,0
Janssen,6,2021-07-23,DU,160
Janssen,6,2021-07-23,R,0
Janssen,6,2021-07-24,D1,0
Janssen,6,2021-07-24,D2,0
Janssen,6,2021-07-24,DU,90
Janssen,6,2021-07-24,R,0
Janssen,6,2021-07-25,D1,0
Janssen,6,2021-07-25,D2,0
Janssen,6,2021-07-25,DU,6
Janssen,6,2021-07-25,R,0
Janssen,6,2021-07-26,D1,0
Janssen,6,2021-07-26,D2,0
Janssen,6,2021-07-26,DU,191
Janssen,6,2021-07-26,R,0
Janssen,6,2021-07-27,D1,0
Janssen,6,2021-07-27,D2,0
Janssen,6,2021-07-27,DU,85
Janssen,6,2021-07-27,R,0
Janssen,6,2021-07-28,D1,0
Janssen,6,2021-07-28,D2,0
Janssen,6,2021-07-28,DU,65
Janssen,6,2021-07-28,R,0
Janssen,6,2021-07-29,D1,0
Janssen,6,2021-07-29,D2,0
Janssen,6,2021-07-29,DU,58
Janssen,6,2021-07-29,R,0
Janssen,6,2021-07-30,D1,0
Janssen,6,2021-07-30,D2,0
Janssen,6,2021-07-30,DU,69
Janssen,6,2021-07-30,R,0
Janssen,6,2021-07-31,D1,0
Janssen,6,2021-07-31,D2,0
Janssen,6,2021-07-31,DU,74
Janssen,6,2021-07-31,R,0
Janssen,6,2021-08-01,D1,0
Janssen,6,2021-08-01,D2,0
Janssen,6,2021-08-01,DU,1
Janssen,6,2021-08-01,R,0
Janssen,6,2021-08-02,D1,0
Janssen,6,2021-08-02,D2,0
Janssen,6,2021-08-02,DU,33
Janssen,6,2021-08-02,R,0
Janssen,6,2021-08-03,D1,0
Janssen,6,2021-08-03,D2,0
Janssen,6,2021-08-03,DU,39
Janssen,6,2021-08-03,R,0
Janssen,6,2021-08-04,D1,0
Janssen,6,2021-08-04,D2,0
Janssen,6,2021-08-04,DU,33
Janssen,6,2021-08-04,R,0
Janssen,6,2021-08-05,D1,0
Janssen,6,2021-08-05,D2,0
Janssen,6,2021-08-05,DU,26
Janssen,6,2021-08-05,R,0
Janssen,6,2021-08-06,D1,0
Janssen,6,2021-08-06,D2,0
Janssen,6,2021-08-06,DU,39
Janssen,6,2021-08-06,R,0
Janssen,6,2021-08-07,D1,0
Janssen,6,2021-08-07,D2,0
Janssen,6,2021-08-07,DU,17
Janssen,6,2021-08-07,R,0
Janssen,6,2021-08-09,D1,0
Janssen,6,2021-08-09,D2,0
Janssen,6,2021-08-09,DU,25
Janssen,6,2021-08-09,R,0
Janssen,6,2021-08-10,D1,0
Janssen,6,2021-08-10,D2,0
Janssen,6,2021-08-10,DU,60
Janssen,6,2021-08-10,R,0
Janssen,6,2021-08-11,D1,0
Janssen,6,2021-08-11,D2,0
Janssen,6,2021-08-11,DU,43
Janssen,6,2021-08-11,R,0
Janssen,6,2021-08-12,D1,0
Janssen,6,2021-08-12,D2,0
Janssen,6,2021-08-12,DU,59
Janssen,6,2021-08-12,R,0
Janssen,6,2021-08-13,D1,0
Janssen,6,2021-08-13,D2,0
Janssen,6,2021-08-13,DU,64
Janssen,6,2021-08-13,R,0
Janssen,6,2021-08-14,D1,0
Janssen,6,2021-08-14,D2,0
Janssen,6,2021-08-14,DU,13
Janssen,6,2021-08-14,R,0
Janssen,6,2021-08-16,D1,0
Janssen,6,2021-08-16,D2,0
Janssen,6,2021-08-16,DU,22
Janssen,6,2021-08-16,R,0
Janssen,6,2021-08-17,D1,0
Janssen,6,2021-08-17,D2,0
Janssen,6,2021-08-17,DU,15
Janssen,6,2021-08-17,R,1
Janssen,6,2021-08-18,D1,0
Janssen,6,2021-08-18,D2,0
Janssen,6,2021-08-18,DU,33
Janssen,6,2021-08-18,R,0
Janssen,6,2021-08-19,D1,0
Janssen,6,2021-08-19,D2,0
Janssen,6,2021-08-19,DU,16
Janssen,6,2021-08-19,R,0
Janssen,6,2021-08-20,D1,0
Janssen,6,2021-08-20,D2,0
Janssen,6,2021-08-20,DU,10
Janssen,6,2021-08-20,R,0
Janssen,6,2021-08-21,D1,0
Janssen,6,2021-08-21,D2,0
Janssen,6,2021-08-21,DU,3
Janssen,6,2021-08-21,R,0
Janssen,6,2021-08-23,D1,0
Janssen,6,2021-08-23,D2,0
Janssen,6,2021-08-23,DU,4
Janssen,6,2021-08-23,R,0
Janssen,6,2021-08-24,D1,0
Janssen,6,2021-08-24,D2,0
Janssen,6,2021-08-24,DU,11
Janssen,6,2021-08-24,R,0
Janssen,6,2021-08-25,D1,0
Janssen,6,2021-08-25,D2,0
Janssen,6,2021-08-25,DU,6
Janssen,6,2021-08-25,R,0
Janssen,6,2021-08-26,D1,0
Janssen,6,2021-08-26,D2,0
Janssen,6,2021-08-26,DU,12
Janssen,6,2021-08-26,R,0
Janssen,6,2021-08-27,D1,0
Janssen,6,2021-08-27,D2,0
Janssen,6,2021-08-27,DU,84
Janssen,6,2021-08-27,R,0
Janssen,6,2021-08-28,D1,0
Janssen,6,2021-08-28,D2,0
Janssen,6,2021-08-28,DU,5
Janssen,6,2021-08-28,R,0
Janssen,6,2021-08-30,D1,0
Janssen,6,2021-08-30,D2,0
Janssen,6,2021-08-30,DU,9
Janssen,6,2021-08-30,R,0
Janssen,6,2021-08-31,D1,0
Janssen,6,2021-08-31,D2,0
Janssen,6,2021-08-31,DU,13
Janssen,6,2021-08-31,R,0
Janssen,6,2021-09-01,D1,0
Janssen,6,2021-09-01,D2,0
Janssen,6,2021-09-01,DU,14
Janssen,6,2021-09-01,R,0
Janssen,6,2021-09-02,D1,0
Janssen,6,2021-09-02,D2,0
Janssen,6,2021-09-02,DU,8
Janssen,6,2021-09-02,R,0
Janssen,6,2021-09-03,D1,0
Janssen,6,2021-09-03,D2,0
Janssen,6,2021-09-03,DU,12
Janssen,6,2021-09-03,R,0
Janssen,6,2021-09-06,D1,0
Janssen,6,2021-09-06,D2,0
Janssen,6,2021-09-06,DU,3
Janssen,6,2021-09-06,R,0
Janssen,6,2021-09-08,D1,0
Janssen,6,2021-09-08,D2,0
Janssen,6,2021-09-08,DU,4
Janssen,6,2021-09-08,R,0
Janssen,6,2021-09-09,D1,0
Janssen,6,2021-09-09,D2,0
Janssen,6,2021-09-09,DU,6
Janssen,6,2021-09-09,R,0
Janssen,6,2021-09-10,D1,0
Janssen,6,2021-09-10,D2,0
Janssen,6,2021-09-10,DU,12
Janssen,6,2021-09-10,R,0
Janssen,6,2021-09-11,D1,0
Janssen,6,2021-09-11,D2,0
Janssen,6,2021-09-11,DU,3
Janssen,6,2021-09-11,R,0
Janssen,6,2021-09-13,D1,0
Janssen,6,2021-09-13,D2,0
Janssen,6,2021-09-13,DU,8
Janssen,6,2021-09-13,R,0
Janssen,6,2021-09-14,D1,0
Janssen,6,2021-09-14,D2,0
Janssen,6,2021-09-14,DU,23
Janssen,6,2021-09-14,R,0
Janssen,6,2021-09-15,D1,0
Janssen,6,2021-09-15,D2,0
Janssen,6,2021-09-15,DU,6
Janssen,6,2021-09-15,R,0
Janssen,6,2021-09-16,D1,0
Janssen,6,2021-09-16,D2,0
Janssen,6,2021-09-16,DU,2
Janssen,6,2021-09-16,R,0
Janssen,6,2021-09-17,D1,0
Janssen,6,2021-09-17,D2,0
Janssen,6,2021-09-17,DU,2
Janssen,6,2021-09-17,R,0
Janssen,6,2021-09-18,D1,0
Janssen,6,2021-09-18,D2,0
Janssen,6,2021-09-18,DU,2
Janssen,6,2021-09-18,R,0
Janssen,6,2021-09-20,D1,0
Janssen,6,2021-09-20,D2,0
Janssen,6,2021-09-20,DU,1
Janssen,6,2021-09-20,R,0
Janssen,6,2021-09-21,D1,0
Janssen,6,2021-09-21,D2,0
Janssen,6,2021-09-21,DU,1
Janssen,6,2021-09-21,R,0
Janssen,6,2021-09-22,D1,0
Janssen,6,2021-09-22,D2,0
Janssen,6,2021-09-22,DU,2
Janssen,6,2021-09-22,R,0
Janssen,6,2021-09-23,D1,0
Janssen,6,2021-09-23,D2,0
Janssen,6,2021-09-23,DU,1
Janssen,6,2021-09-23,R,0
Janssen,6,2021-09-24,D1,0
Janssen,6,2021-09-24,D2,0
Janssen,6,2021-09-24,DU,1
Janssen,6,2021-09-24,R,0
Janssen,6,2021-09-25,D1,0
Janssen,6,2021-09-25,D2,0
Janssen,6,2021-09-25,DU,4
Janssen,6,2021-09-25,R,0
Janssen,6,2021-09-26,D1,0
Janssen,6,2021-09-26,D2,0
Janssen,6,2021-09-26,DU,2
Janssen,6,2021-09-26,R,0
Janssen,6,2021-09-27,D1,0
Janssen,6,2021-09-27,D2,0
Janssen,6,2021-09-27,DU,9
Janssen,6,2021-09-27,R,0
Janssen,6,2021-09-28,D1,0
Janssen,6,2021-09-28,D2,0
Janssen,6,2021-09-28,DU,2
Janssen,6,2021-09-28,R,0
Janssen,6,2021-09-29,D1,0
Janssen,6,2021-09-29,D2,0
Janssen,6,2021-09-29,DU,4
Janssen,6,2021-09-29,R,0
Janssen,6,2021-09-30,D1,0
Janssen,6,2021-09-30,D2,0
Janssen,6,2021-09-30,DU,1
Janssen,6,2021-09-30,R,0
Janssen,6,2021-10-01,D1,0
Janssen,6,2021-10-01,D2,0
Janssen,6,2021-10-01,DU,2
Janssen,6,2021-10-01,R,0
Janssen,6,2021-10-02,D1,0
Janssen,6,2021-10-02,D2,0
Janssen,6,2021-10-02,DU,6
Janssen,6,2021-10-02,R,0
Janssen,6,2021-10-04,D1,0
Janssen,6,2021-10-04,D2,0
Janssen,6,2021-10-04,DU,0
Janssen,6,2021-10-04,R,3
Janssen,6,2021-10-05,D1,0
Janssen,6,2021-10-05,D2,0
Janssen,6,2021-10-05,DU,3
Janssen,6,2021-10-05,R,5
Janssen,6,2021-10-06,D1,0
Janssen,6,2021-10-06,D2,0
Janssen,6,2021-10-06,DU,3
Janssen,6,2021-10-06,R,0
Janssen,6,2021-10-07,D1,0
Janssen,6,2021-10-07,D2,0
Janssen,6,2021-10-07,DU,3
Janssen,6,2021-10-07,R,0
Janssen,6,2021-10-08,D1,0
Janssen,6,2021-10-08,D2,0
Janssen,6,2021-10-08,DU,4
Janssen,6,2021-10-08,R,0
Janssen,6,2021-10-09,D1,0
Janssen,6,2021-10-09,D2,0
Janssen,6,2021-10-09,DU,1
Janssen,6,2021-10-09,R,0
Janssen,6,2021-10-10,D1,0
Janssen,6,2021-10-10,D2,0
Janssen,6,2021-10-10,DU,6
Janssen,6,2021-10-10,R,1
Janssen,6,2021-10-13,D1,0
Janssen,6,2021-10-13,D2,0
Janssen,6,2021-10-13,DU,2
Janssen,6,2021-10-13,R,1
Janssen,6,2021-10-14,D1,0
Janssen,6,2021-10-14,D2,0
Janssen,6,2021-10-14,DU,4
Janssen,6,2021-10-14,R,0
Janssen,6,2021-10-15,D1,0
Janssen,6,2021-10-15,D2,0
Janssen,6,2021-10-15,DU,1
Janssen,6,2021-10-15,R,0
Janssen,6,2021-10-16,D1,0
Janssen,6,2021-10-16,D2,0
Janssen,6,2021-10-16,DU,6
Janssen,6,2021-10-16,R,0
Janssen,6,2021-10-18,D1,0
Janssen,6,2021-10-18,D2,0
Janssen,6,2021-10-18,DU,1
Janssen,6,2021-10-18,R,0
Janssen,6,2021-10-19,D1,0
Janssen,6,2021-10-19,D2,0
Janssen,6,2021-10-19,DU,3
Janssen,6,2021-10-19,R,0
Janssen,6,2021-10-20,D1,0
Janssen,6,2021-10-20,D2,0
Janssen,6,2021-10-20,DU,1
Janssen,6,2021-10-20,R,0
Janssen,6,2021-10-21,D1,0
Janssen,6,2021-10-21,D2,0
Janssen,6,2021-10-21,DU,3
Janssen,6,2021-10-21,R,0
Janssen,6,2021-10-22,D1,0
Janssen,6,2021-10-22,D2,0
Janssen,6,2021-10-22,DU,1
Janssen,6,2021-10-22,R,1
Janssen,6,2021-10-25,D1,0
Janssen,6,2021-10-25,D2,0
Janssen,6,2021-10-25,DU,2
Janssen,6,2021-10-25,R,0
Janssen,6,2021-10-26,D1,0
Janssen,6,2021-10-26,D2,0
Janssen,6,2021-10-26,DU,4
Janssen,6,2021-10-26,R,3
Janssen,6,2021-10-27,D1,0
Janssen,6,2021-10-27,D2,0
Janssen,6,2021-10-27,DU,2
Janssen,6,2021-10-27,R,7
Janssen,6,2021-11-08,D1,0
Janssen,6,2021-11-08,D2,0
Janssen,6,2021-11-08,DU,1
Janssen,6,2021-11-08,R,0
Janssen,6,2021-11-11,D1,0
Janssen,6,2021-11-11,D2,0
Janssen,6,2021-11-11,DU,2
Janssen,6,2021-11-11,R,0
Janssen,6,2021-11-12,D1,0
Janssen,6,2021-11-12,D2,0
Janssen,6,2021-11-12,DU,3
Janssen,6,2021-11-12,R,0
Janssen,6,2021-11-23,D1,0
Janssen,6,2021-11-23,D2,0
Janssen,6,2021-11-23,DU,1
Janssen,6,2021-11-23,R,0
Janssen,6,2021-11-27,D1,0
Janssen,6,2021-11-27,D2,0
Janssen,6,2021-11-27,DU,0
Janssen,6,2021-11-27,R,2
Janssen,6,2021-12-04,D1,0
Janssen,6,2021-12-04,D2,0
Janssen,6,2021-12-04,DU,0
Janssen,6,2021-12-04,R,3
Janssen,6,2021-12-07,D1,0
Janssen,6,2021-12-07,D2,0
Janssen,6,2021-12-07,DU,2
Janssen,6,2021-12-07,R,3
Janssen,6,2021-12-14,D1,0
Janssen,6,2021-12-14,D2,0
Janssen,6,2021-12-14,DU,0
Janssen,6,2021-12-14,R,1646
Janssen,6,2021-12-15,D1,0
Janssen,6,2021-12-15,D2,0
Janssen,6,2021-12-15,DU,0
Janssen,6,2021-12-15,R,2
Janssen,6,2021-12-17,D1,0
Janssen,6,2021-12-17,D2,0
Janssen,6,2021-12-17,DU,8
Janssen,6,2021-12-17,R,1039
Janssen,6,2021-12-19,D1,0
Janssen,6,2021-12-19,D2,0
Janssen,6,2021-12-19,DU,2
Janssen,6,2021-12-19,R,61
Janssen,6,2021-12-20,D1,0
Janssen,6,2021-12-20,D2,0
Janssen,6,2021-12-20,DU,3
Janssen,6,2021-12-20,R,341
Janssen,6,2021-12-21,D1,0
Janssen,6,2021-12-21,D2,0
Janssen,6,2021-12-21,DU,0
Janssen,6,2021-12-21,R,2
Janssen,6,2021-12-22,D1,0
Janssen,6,2021-12-22,D2,0
Janssen,6,2021-12-22,DU,0
Janssen,6,2021-12-22,R,4
Janssen,6,2021-12-23,D1,0
Janssen,6,2021-12-23,D2,0
Janssen,6,2021-12-23,DU,7
Janssen,6,2021-12-23,R,232
Janssen,6,2021-12-26,D1,0
Janssen,6,2021-12-26,D2,0
Janssen,6,2021-12-26,DU,1
Janssen,6,2021-12-26,R,13
Janssen,6,2021-12-27,D1,0
Janssen,6,2021-12-27,D2,0
Janssen,6,2021-12-27,DU,18
Janssen,6,2021-12-27,R,863
Janssen,6,2021-12-28,D1,0
Janssen,6,2021-12-28,D2,0
Janssen,6,2021-12-28,DU,21
Janssen,6,2021-12-28,R,976
Janssen,6,2022-01-03,D1,0
Janssen,6,2022-01-03,D2,0
Janssen,6,2022-01-03,DU,14
Janssen,6,2022-01-03,R,562
Janssen,6,2022-01-04,D1,0
Janssen,6,2022-01-04,D2,0
Janssen,6,2022-01-04,DU,20
Janssen,6,2022-01-04,R,1194
Janssen,6,2022-01-05,D1,0
Janssen,6,2022-01-05,D2,0
Janssen,6,2022-01-05,DU,0
Janssen,6,2022-01-05,R,11
Janssen,6,2022-01-08,D1,0
Janssen,6,2022-01-08,D2,0
Janssen,6,2022-01-08,DU,0
Janssen,6,2022-01-08,R,32
Janssen,6,2022-01-10,D1,0
Janssen,6,2022-01-10,D2,0
Janssen,6,2022-01-10,DU,22
Janssen,6,2022-01-10,R,992
Janssen,6,2022-01-11,D1,0
Janssen,6,2022-01-11,D2,0
Janssen,6,2022-01-11,DU,29
Janssen,6,2022-01-11,R,1120
Janssen,6,2022-01-13,D1,0
Janssen,6,2022-01-13,D2,0
Janssen,6,2022-01-13,DU,19
Janssen,6,2022-01-13,R,825
Janssen,6,2022-01-14,D1,0
Janssen,6,2022-01-14,D2,0
Janssen,6,2022-01-14,DU,2
Janssen,6,2022-01-14,R,65
Janssen,7,2021-01-18,D1,0
Janssen,7,2021-01-18,D2,0
Janssen,7,2021-01-18,DU,1
Janssen,7,2021-01-18,R,0
Janssen,7,2021-02-22,D1,0
Janssen,7,2021-02-22,D2,0
Janssen,7,2021-02-22,DU,1
Janssen,7,2021-02-22,R,0
Janssen,7,2021-03-12,D1,0
Janssen,7,2021-03-12,D2,0
Janssen,7,2021-03-12,DU,3
Janssen,7,2021-03-12,R,0
Janssen,7,2021-03-13,D1,0
Janssen,7,2021-03-13,D2,0
Janssen,7,2021-03-13,DU,5
Janssen,7,2021-03-13,R,0
Janssen,7,2021-03-15,D1,0
Janssen,7,2021-03-15,D2,0
Janssen,7,2021-03-15,DU,1
Janssen,7,2021-03-15,R,0
Janssen,7,2021-03-16,D1,0
Janssen,7,2021-03-16,D2,0
Janssen,7,2021-03-16,DU,3
Janssen,7,2021-03-16,R,0
Janssen,7,2021-03-17,D1,0
Janssen,7,2021-03-17,D2,0
Janssen,7,2021-03-17,DU,1
Janssen,7,2021-03-17,R,0
Janssen,7,2021-03-19,D1,0
Janssen,7,2021-03-19,D2,0
Janssen,7,2021-03-19,DU,3
Janssen,7,2021-03-19,R,0
Janssen,7,2021-04-06,D1,0
Janssen,7,2021-04-06,D2,0
Janssen,7,2021-04-06,DU,1
Janssen,7,2021-04-06,R,0
Janssen,7,2021-05-17,D1,0
Janssen,7,2021-05-17,D2,0
Janssen,7,2021-05-17,DU,1
Janssen,7,2021-05-17,R,0
Janssen,7,2021-06-10,D1,0
Janssen,7,2021-06-10,D2,0
Janssen,7,2021-06-10,DU,2
Janssen,7,2021-06-10,R,0
Janssen,7,2021-06-14,D1,0
Janssen,7,2021-06-14,D2,0
Janssen,7,2021-06-14,DU,2
Janssen,7,2021-06-14,R,0
Janssen,7,2021-06-15,D1,0
Janssen,7,2021-06-15,D2,0
Janssen,7,2021-06-15,DU,2
Janssen,7,2021-06-15,R,0
Janssen,7,2021-06-16,D1,0
Janssen,7,2021-06-16,D2,0
Janssen,7,2021-06-16,DU,0
Janssen,7,2021-06-16,R,1
Janssen,7,2021-06-19,D1,0
Janssen,7,2021-06-19,D2,0
Janssen,7,2021-06-19,DU,1
Janssen,7,2021-06-19,R,0
Janssen,7,2021-06-21,D1,0
Janssen,7,2021-06-21,D2,0
Janssen,7,2021-06-21,DU,2
Janssen,7,2021-06-21,R,0
Janssen,7,2021-06-22,D1,0
Janssen,7,2021-06-22,D2,0
Janssen,7,2021-06-22,DU,4
Janssen,7,2021-06-22,R,0
Janssen,7,2021-06-23,D1,0
Janssen,7,2021-06-23,D2,0
Janssen,7,2021-06-23,DU,4
Janssen,7,2021-06-23,R,0
Janssen,7,2021-06-24,D1,0
Janssen,7,2021-06-24,D2,0
Janssen,7,2021-06-24,DU,3
Janssen,7,2021-06-24,R,0
Janssen,7,2021-06-25,D1,0
Janssen,7,2021-06-25,D2,0
Janssen,7,2021-06-25,DU,11
Janssen,7,2021-06-25,R,0
Janssen,7,2021-06-26,D1,0
Janssen,7,2021-06-26,D2,0
Janssen,7,2021-06-26,DU,5
Janssen,7,2021-06-26,R,0
Janssen,7,2021-06-28,D1,0
Janssen,7,2021-06-28,D2,0
Janssen,7,2021-06-28,DU,3456
Janssen,7,2021-06-28,R,0
Janssen,7,2021-06-29,D1,0
Janssen,7,2021-06-29,D2,0
Janssen,7,2021-06-29,DU,1503
Janssen,7,2021-06-29,R,0
Janssen,7,2021-06-30,D1,0
Janssen,7,2021-06-30,D2,0
Janssen,7,2021-06-30,DU,865
Janssen,7,2021-06-30,R,0
Janssen,7,2021-07-01,D1,0
Janssen,7,2021-07-01,D2,0
Janssen,7,2021-07-01,DU,551
Janssen,7,2021-07-01,R,0
Janssen,7,2021-07-02,D1,0
Janssen,7,2021-07-02,D2,0
Janssen,7,2021-07-02,DU,236
Janssen,7,2021-07-02,R,0
Janssen,7,2021-07-03,D1,0
Janssen,7,2021-07-03,D2,0
Janssen,7,2021-07-03,DU,185
Janssen,7,2021-07-03,R,0
Janssen,7,2021-07-04,D1,0
Janssen,7,2021-07-04,D2,0
Janssen,7,2021-07-04,DU,8
Janssen,7,2021-07-04,R,0
Janssen,7,2021-07-05,D1,0
Janssen,7,2021-07-05,D2,0
Janssen,7,2021-07-05,DU,181
Janssen,7,2021-07-05,R,0
Janssen,7,2021-07-06,D1,0
Janssen,7,2021-07-06,D2,0
Janssen,7,2021-07-06,DU,1589
Janssen,7,2021-07-06,R,0
Janssen,7,2021-07-07,D1,0
Janssen,7,2021-07-07,D2,0
Janssen,7,2021-07-07,DU,2053
Janssen,7,2021-07-07,R,0
Janssen,7,2021-07-08,D1,0
Janssen,7,2021-07-08,D2,0
Janssen,7,2021-07-08,DU,995
Janssen,7,2021-07-08,R,0
Janssen,7,2021-07-09,D1,0
Janssen,7,2021-07-09,D2,0
Janssen,7,2021-07-09,DU,736
Janssen,7,2021-07-09,R,0
Janssen,7,2021-07-10,D1,0
Janssen,7,2021-07-10,D2,0
Janssen,7,2021-07-10,DU,498
Janssen,7,2021-07-10,R,0
Janssen,7,2021-07-11,D1,0
Janssen,7,2021-07-11,D2,0
Janssen,7,2021-07-11,DU,24
Janssen,7,2021-07-11,R,0
Janssen,7,2021-07-12,D1,0
Janssen,7,2021-07-12,D2,0
Janssen,7,2021-07-12,DU,636
Janssen,7,2021-07-12,R,0
Janssen,7,2021-07-13,D1,0
Janssen,7,2021-07-13,D2,0
Janssen,7,2021-07-13,DU,542
Janssen,7,2021-07-13,R,0
Janssen,7,2021-07-14,D1,0
Janssen,7,2021-07-14,D2,0
Janssen,7,2021-07-14,DU,414
Janssen,7,2021-07-14,R,0
Janssen,7,2021-07-15,D1,0
Janssen,7,2021-07-15,D2,0
Janssen,7,2021-07-15,DU,359
Janssen,7,2021-07-15,R,0
Janssen,7,2021-07-16,D1,0
Janssen,7,2021-07-16,D2,0
Janssen,7,2021-07-16,DU,185
Janssen,7,2021-07-16,R,0
Janssen,7,2021-07-17,D1,0
Janssen,7,2021-07-17,D2,0
Janssen,7,2021-07-17,DU,284
Janssen,7,2021-07-17,R,0
Janssen,7,2021-07-18,D1,0
Janssen,7,2021-07-18,D2,0
Janssen,7,2021-07-18,DU,10
Janssen,7,2021-07-18,R,0
Janssen,7,2021-07-19,D1,0
Janssen,7,2021-07-19,D2,0
Janssen,7,2021-07-19,DU,52
Janssen,7,2021-07-19,R,0
Janssen,7,2021-07-20,D1,0
Janssen,7,2021-07-20,D2,0
Janssen,7,2021-07-20,DU,91
Janssen,7,2021-07-20,R,0
Janssen,7,2021-07-21,D1,0
Janssen,7,2021-07-21,D2,0
Janssen,7,2021-07-21,DU,58
Janssen,7,2021-07-21,R,0
Janssen,7,2021-07-22,D1,0
Janssen,7,2021-07-22,D2,0
Janssen,7,2021-07-22,DU,37
Janssen,7,2021-07-22,R,0
Janssen,7,2021-07-23,D1,0
Janssen,7,2021-07-23,D2,0
Janssen,7,2021-07-23,DU,46
Janssen,7,2021-07-23,R,0
Janssen,7,2021-07-24,D1,0
Janssen,7,2021-07-24,D2,0
Janssen,7,2021-07-24,DU,25
Janssen,7,2021-07-24,R,0
Janssen,7,2021-07-25,D1,0
Janssen,7,2021-07-25,D2,0
Janssen,7,2021-07-25,DU,1
Janssen,7,2021-07-25,R,0
Janssen,7,2021-07-26,D1,0
Janssen,7,2021-07-26,D2,0
Janssen,7,2021-07-26,DU,49
Janssen,7,2021-07-26,R,0
Janssen,7,2021-07-27,D1,0
Janssen,7,2021-07-27,D2,0
Janssen,7,2021-07-27,DU,13
Janssen,7,2021-07-27,R,2
Janssen,7,2021-07-28,D1,0
Janssen,7,2021-07-28,D2,0
Janssen,7,2021-07-28,DU,32
Janssen,7,2021-07-28,R,0
Janssen,7,2021-07-29,D1,0
Janssen,7,2021-07-29,D2,0
Janssen,7,2021-07-29,DU,27
Janssen,7,2021-07-29,R,0
Janssen,7,2021-07-30,D1,0
Janssen,7,2021-07-30,D2,0
Janssen,7,2021-07-30,DU,22
Janssen,7,2021-07-30,R,0
Janssen,7,2021-07-31,D1,0
Janssen,7,2021-07-31,D2,0
Janssen,7,2021-07-31,DU,13
Janssen,7,2021-07-31,R,0
Janssen,7,2021-08-02,D1,0
Janssen,7,2021-08-02,D2,0
Janssen,7,2021-08-02,DU,9
Janssen,7,2021-08-02,R,0
Janssen,7,2021-08-03,D1,0
Janssen,7,2021-08-03,D2,0
Janssen,7,2021-08-03,DU,12
Janssen,7,2021-08-03,R,0
Janssen,7,2021-08-04,D1,0
Janssen,7,2021-08-04,D2,0
Janssen,7,2021-08-04,DU,13
Janssen,7,2021-08-04,R,0
Janssen,7,2021-08-05,D1,0
Janssen,7,2021-08-05,D2,0
Janssen,7,2021-08-05,DU,10
Janssen,7,2021-08-05,R,0
Janssen,7,2021-08-06,D1,0
Janssen,7,2021-08-06,D2,0
Janssen,7,2021-08-06,DU,18
Janssen,7,2021-08-06,R,0
Janssen,7,2021-08-07,D1,0
Janssen,7,2021-08-07,D2,0
Janssen,7,2021-08-07,DU,7
Janssen,7,2021-08-07,R,0
Janssen,7,2021-08-09,D1,0
Janssen,7,2021-08-09,D2,0
Janssen,7,2021-08-09,DU,16
Janssen,7,2021-08-09,R,0
Janssen,7,2021-08-10,D1,0
Janssen,7,2021-08-10,D2,0
Janssen,7,2021-08-10,DU,8
Janssen,7,2021-08-10,R,0
Janssen,7,2021-08-11,D1,0
Janssen,7,2021-08-11,D2,0
Janssen,7,2021-08-11,DU,11
Janssen,7,2021-08-11,R,0
Janssen,7,2021-08-12,D1,0
Janssen,7,2021-08-12,D2,0
Janssen,7,2021-08-12,DU,17
Janssen,7,2021-08-12,R,0
Janssen,7,2021-08-13,D1,0
Janssen,7,2021-08-13,D2,0
Janssen,7,2021-08-13,DU,16
Janssen,7,2021-08-13,R,0
Janssen,7,2021-08-14,D1,0
Janssen,7,2021-08-14,D2,0
Janssen,7,2021-08-14,DU,6
Janssen,7,2021-08-14,R,0
Janssen,7,2021-08-16,D1,0
Janssen,7,2021-08-16,D2,0
Janssen,7,2021-08-16,DU,3
Janssen,7,2021-08-16,R,0
Janssen,7,2021-08-17,D1,0
Janssen,7,2021-08-17,D2,0
Janssen,7,2021-08-17,DU,6
Janssen,7,2021-08-17,R,0
Janssen,7,2021-08-18,D1,0
Janssen,7,2021-08-18,D2,0
Janssen,7,2021-08-18,DU,8
Janssen,7,2021-08-18,R,0
Janssen,7,2021-08-19,D1,0
Janssen,7,2021-08-19,D2,0
Janssen,7,2021-08-19,DU,1
Janssen,7,2021-08-19,R,0
Janssen,7,2021-08-20,D1,0
Janssen,7,2021-08-20,D2,0
Janssen,7,2021-08-20,DU,6
Janssen,7,2021-08-20,R,0
Janssen,7,2021-08-21,D1,0
Janssen,7,2021-08-21,D2,0
Janssen,7,2021-08-21,DU,2
Janssen,7,2021-08-21,R,0
Janssen,7,2021-08-22,D1,0
Janssen,7,2021-08-22,D2,0
Janssen,7,2021-08-22,DU,0
Janssen,7,2021-08-22,R,1
Janssen,7,2021-08-23,D1,0
Janssen,7,2021-08-23,D2,0
Janssen,7,2021-08-23,DU,2
Janssen,7,2021-08-23,R,0
Janssen,7,2021-08-24,D1,0
Janssen,7,2021-08-24,D2,0
Janssen,7,2021-08-24,DU,7
Janssen,7,2021-08-24,R,0
Janssen,7,2021-08-25,D1,0
Janssen,7,2021-08-25,D2,0
Janssen,7,2021-08-25,DU,4
Janssen,7,2021-08-25,R,0
Janssen,7,2021-08-26,D1,0
Janssen,7,2021-08-26,D2,0
Janssen,7,2021-08-26,DU,1
Janssen,7,2021-08-26,R,0
Janssen,7,2021-08-27,D1,0
Janssen,7,2021-08-27,D2,0
Janssen,7,2021-08-27,DU,39
Janssen,7,2021-08-27,R,0
Janssen,7,2021-08-30,D1,0
Janssen,7,2021-08-30,D2,0
Janssen,7,2021-08-30,DU,3
Janssen,7,2021-08-30,R,0
Janssen,7,2021-08-31,D1,0
Janssen,7,2021-08-31,D2,0
Janssen,7,2021-08-31,DU,13
Janssen,7,2021-08-31,R,0
Janssen,7,2021-09-01,D1,0
Janssen,7,2021-09-01,D2,0
Janssen,7,2021-09-01,DU,6
Janssen,7,2021-09-01,R,0
Janssen,7,2021-09-02,D1,0
Janssen,7,2021-09-02,D2,0
Janssen,7,2021-09-02,DU,6
Janssen,7,2021-09-02,R,0
Janssen,7,2021-09-03,D1,0
Janssen,7,2021-09-03,D2,0
Janssen,7,2021-09-03,DU,7
Janssen,7,2021-09-03,R,0
Janssen,7,2021-09-05,D1,0
Janssen,7,2021-09-05,D2,0
Janssen,7,2021-09-05,DU,2
Janssen,7,2021-09-05,R,0
Janssen,7,2021-09-06,D1,0
Janssen,7,2021-09-06,D2,0
Janssen,7,2021-09-06,DU,4
Janssen,7,2021-09-06,R,0
Janssen,7,2021-09-08,D1,0
Janssen,7,2021-09-08,D2,0
Janssen,7,2021-09-08,DU,3
Janssen,7,2021-09-08,R,0
Janssen,7,2021-09-09,D1,0
Janssen,7,2021-09-09,D2,0
Janssen,7,2021-09-09,DU,7
Janssen,7,2021-09-09,R,0
Janssen,7,2021-09-10,D1,0
Janssen,7,2021-09-10,D2,0
Janssen,7,2021-09-10,DU,4
Janssen,7,2021-09-10,R,0
Janssen,7,2021-09-11,D1,0
Janssen,7,2021-09-11,D2,0
Janssen,7,2021-09-11,DU,1
Janssen,7,2021-09-11,R,0
Janssen,7,2021-09-13,D1,0
Janssen,7,2021-09-13,D2,0
Janssen,7,2021-09-13,DU,5
Janssen,7,2021-09-13,R,0
Janssen,7,2021-09-14,D1,0
Janssen,7,2021-09-14,D2,0
Janssen,7,2021-09-14,DU,9
Janssen,7,2021-09-14,R,0
Janssen,7,2021-09-15,D1,0
Janssen,7,2021-09-15,D2,0
Janssen,7,2021-09-15,DU,6
Janssen,7,2021-09-15,R,0
Janssen,7,2021-09-16,D1,0
Janssen,7,2021-09-16,D2,0
Janssen,7,2021-09-16,DU,1
Janssen,7,2021-09-16,R,0
Janssen,7,2021-09-17,D1,0
Janssen,7,2021-09-17,D2,0
Janssen,7,2021-09-17,DU,2
Janssen,7,2021-09-17,R,0
Janssen,7,2021-09-18,D1,0
Janssen,7,2021-09-18,D2,0
Janssen,7,2021-09-18,DU,1
Janssen,7,2021-09-18,R,0
Janssen,7,2021-09-20,D1,0
Janssen,7,2021-09-20,D2,0
Janssen,7,2021-09-20,DU,1
Janssen,7,2021-09-20,R,0
Janssen,7,2021-09-23,D1,0
Janssen,7,2021-09-23,D2,0
Janssen,7,2021-09-23,DU,1
Janssen,7,2021-09-23,R,0
Janssen,7,2021-09-24,D1,0
Janssen,7,2021-09-24,D2,0
Janssen,7,2021-09-24,DU,2
Janssen,7,2021-09-24,R,0
Janssen,7,2021-09-25,D1,0
Janssen,7,2021-09-25,D2,0
Janssen,7,2021-09-25,DU,1
Janssen,7,2021-09-25,R,0
Janssen,7,2021-09-26,D1,0
Janssen,7,2021-09-26,D2,0
Janssen,7,2021-09-26,DU,2
Janssen,7,2021-09-26,R,0
Janssen,7,2021-09-27,D1,0
Janssen,7,2021-09-27,D2,0
Janssen,7,2021-09-27,DU,3
Janssen,7,2021-09-27,R,0
Janssen,7,2021-09-28,D1,0
Janssen,7,2021-09-28,D2,0
Janssen,7,2021-09-28,DU,1
Janssen,7,2021-09-28,R,1
Janssen,7,2021-10-02,D1,0
Janssen,7,2021-10-02,D2,0
Janssen,7,2021-10-02,DU,4
Janssen,7,2021-10-02,R,0
Janssen,7,2021-10-03,D1,0
Janssen,7,2021-10-03,D2,0
Janssen,7,2021-10-03,DU,1
Janssen,7,2021-10-03,R,0
Janssen,7,2021-10-04,D1,0
Janssen,7,2021-10-04,D2,0
Janssen,7,2021-10-04,DU,0
Janssen,7,2021-10-04,R,5
Janssen,7,2021-10-05,D1,0
Janssen,7,2021-10-05,D2,0
Janssen,7,2021-10-05,DU,2
Janssen,7,2021-10-05,R,2
Janssen,7,2021-10-06,D1,0
Janssen,7,2021-10-06,D2,0
Janssen,7,2021-10-06,DU,1
Janssen,7,2021-10-06,R,0
Janssen,7,2021-10-07,D1,0
Janssen,7,2021-10-07,D2,0
Janssen,7,2021-10-07,DU,2
Janssen,7,2021-10-07,R,0
Janssen,7,2021-10-14,D1,0
Janssen,7,2021-10-14,D2,0
Janssen,7,2021-10-14,DU,1
Janssen,7,2021-10-14,R,0
Janssen,7,2021-10-15,D1,0
Janssen,7,2021-10-15,D2,0
Janssen,7,2021-10-15,DU,2
Janssen,7,2021-10-15,R,1
Janssen,7,2021-10-16,D1,0
Janssen,7,2021-10-16,D2,0
Janssen,7,2021-10-16,DU,10
Janssen,7,2021-10-16,R,0
Janssen,7,2021-10-18,D1,0
Janssen,7,2021-10-18,D2,0
Janssen,7,2021-10-18,DU,2
Janssen,7,2021-10-18,R,0
Janssen,7,2021-10-26,D1,0
Janssen,7,2021-10-26,D2,0
Janssen,7,2021-10-26,DU,1
Janssen,7,2021-10-26,R,1
Janssen,7,2021-10-27,D1,0
Janssen,7,2021-10-27,D2,0
Janssen,7,2021-10-27,DU,2
Janssen,7,2021-10-27,R,1
Janssen,7,2021-11-05,D1,0
Janssen,7,2021-11-05,D2,0
Janssen,7,2021-11-05,DU,1
Janssen,7,2021-11-05,R,0
Janssen,7,2021-11-09,D1,0
Janssen,7,2021-11-09,D2,0
Janssen,7,2021-11-09,DU,1
Janssen,7,2021-11-09,R,0
Janssen,7,2021-11-11,D1,0
Janssen,7,2021-11-11,D2,0
Janssen,7,2021-11-11,DU,1
Janssen,7,2021-11-11,R,1
Janssen,7,2021-11-12,D1,0
Janssen,7,2021-11-12,D2,0
Janssen,7,2021-11-12,DU,2
Janssen,7,2021-11-12,R,0
Janssen,7,2021-11-16,D1,0
Janssen,7,2021-11-16,D2,0
Janssen,7,2021-11-16,DU,1
Janssen,7,2021-11-16,R,1
Janssen,7,2021-11-23,D1,0
Janssen,7,2021-11-23,D2,0
Janssen,7,2021-11-23,DU,3
Janssen,7,2021-11-23,R,0
Janssen,7,2021-12-04,D1,0
Janssen,7,2021-12-04,D2,0
Janssen,7,2021-12-04,DU,1
Janssen,7,2021-12-04,R,3
Janssen,7,2021-12-07,D1,0
Janssen,7,2021-12-07,D2,0
Janssen,7,2021-12-07,DU,1
Janssen,7,2021-12-07,R,2
Janssen,7,2021-12-14,D1,0
Janssen,7,2021-12-14,D2,0
Janssen,7,2021-12-14,DU,0
Janssen,7,2021-12-14,R,240
Janssen,7,2021-12-15,D1,0
Janssen,7,2021-12-15,D2,0
Janssen,7,2021-12-15,DU,0
Janssen,7,2021-12-15,R,6
Janssen,7,2021-12-17,D1,0
Janssen,7,2021-12-17,D2,0
Janssen,7,2021-12-17,DU,5
Janssen,7,2021-12-17,R,179
Janssen,7,2021-12-19,D1,0
Janssen,7,2021-12-19,D2,0
Janssen,7,2021-12-19,DU,1
Janssen,7,2021-12-19,R,9
Janssen,7,2021-12-20,D1,0
Janssen,7,2021-12-20,D2,0
Janssen,7,2021-12-20,DU,0
Janssen,7,2021-12-20,R,85
Janssen,7,2021-12-22,D1,0
Janssen,7,2021-12-22,D2,0
Janssen,7,2021-12-22,DU,0
Janssen,7,2021-12-22,R,2
Janssen,7,2021-12-23,D1,0
Janssen,7,2021-12-23,D2,0
Janssen,7,2021-12-23,DU,0
Janssen,7,2021-12-23,R,63
Janssen,7,2021-12-26,D1,0
Janssen,7,2021-12-26,D2,0
Janssen,7,2021-12-26,DU,0
Janssen,7,2021-12-26,R,1
Janssen,7,2021-12-27,D1,0
Janssen,7,2021-12-27,D2,0
Janssen,7,2021-12-27,DU,5
Janssen,7,2021-12-27,R,177
Janssen,7,2021-12-28,D1,0
Janssen,7,2021-12-28,D2,0
Janssen,7,2021-12-28,DU,2
Janssen,7,2021-12-28,R,232
Janssen,7,2022-01-03,D1,0
Janssen,7,2022-01-03,D2,0
Janssen,7,2022-01-03,DU,4
Janssen,7,2022-01-03,R,158
Janssen,7,2022-01-04,D1,0
Janssen,7,2022-01-04,D2,0
Janssen,7,2022-01-04,DU,1
Janssen,7,2022-01-04,R,403
Janssen,7,2022-01-05,D1,0
Janssen,7,2022-01-05,D2,0
Janssen,7,2022-01-05,DU,1
Janssen,7,2022-01-05,R,8
Janssen,7,2022-01-07,D1,0
Janssen,7,2022-01-07,D2,0
Janssen,7,2022-01-07,DU,0
Janssen,7,2022-01-07,R,2
Janssen,7,2022-01-08,D1,0
Janssen,7,2022-01-08,D2,0
Janssen,7,2022-01-08,DU,2
Janssen,7,2022-01-08,R,5
Janssen,7,2022-01-10,D1,0
Janssen,7,2022-01-10,D2,0
Janssen,7,2022-01-10,DU,17
Janssen,7,2022-01-10,R,834
Janssen,7,2022-01-11,D1,0
Janssen,7,2022-01-11,D2,0
Janssen,7,2022-01-11,DU,9
Janssen,7,2022-01-11,R,1035
Janssen,7,2022-01-12,D1,0
Janssen,7,2022-01-12,D2,0
Janssen,7,2022-01-12,DU,0
Janssen,7,2022-01-12,R,1
Janssen,7,2022-01-13,D1,0
Janssen,7,2022-01-13,D2,0
Janssen,7,2022-01-13,DU,8
Janssen,7,2022-01-13,R,392
Janssen,7,2022-01-14,D1,0
Janssen,7,2022-01-14,D2,0
Janssen,7,2022-01-14,DU,0
Janssen,7,2022-01-14,R,19
Janssen,8,2021-01-18,D1,0
Janssen,8,2021-01-18,D2,0
Janssen,8,2021-01-18,DU,1
Janssen,8,2021-01-18,R,0
Janssen,8,2021-03-11,D1,0
Janssen,8,2021-03-11,D2,0
Janssen,8,2021-03-11,DU,1
Janssen,8,2021-03-11,R,0
Janssen,8,2021-03-12,D1,0
Janssen,8,2021-03-12,D2,0
Janssen,8,2021-03-12,DU,1
Janssen,8,2021-03-12,R,0
Janssen,8,2021-03-13,D1,0
Janssen,8,2021-03-13,D2,0
Janssen,8,2021-03-13,DU,5
Janssen,8,2021-03-13,R,0
Janssen,8,2021-03-15,D1,0
Janssen,8,2021-03-15,D2,0
Janssen,8,2021-03-15,DU,2
Janssen,8,2021-03-15,R,0
Janssen,8,2021-03-16,D1,0
Janssen,8,2021-03-16,D2,0
Janssen,8,2021-03-16,DU,3
Janssen,8,2021-03-16,R,0
Janssen,8,2021-03-17,D1,0
Janssen,8,2021-03-17,D2,0
Janssen,8,2021-03-17,DU,4
Janssen,8,2021-03-17,R,0
Janssen,8,2021-03-18,D1,0
Janssen,8,2021-03-18,D2,0
Janssen,8,2021-03-18,DU,1
Janssen,8,2021-03-18,R,0
Janssen,8,2021-04-06,D1,0
Janssen,8,2021-04-06,D2,0
Janssen,8,2021-04-06,DU,1
Janssen,8,2021-04-06,R,0
Janssen,8,2021-06-15,D1,0
Janssen,8,2021-06-15,D2,0
Janssen,8,2021-06-15,DU,1
Janssen,8,2021-06-15,R,0
Janssen,8,2021-06-18,D1,0
Janssen,8,2021-06-18,D2,0
Janssen,8,2021-06-18,DU,0
Janssen,8,2021-06-18,R,1
Janssen,8,2021-06-26,D1,0
Janssen,8,2021-06-26,D2,0
Janssen,8,2021-06-26,DU,1
Janssen,8,2021-06-26,R,0
Janssen,8,2021-06-28,D1,0
Janssen,8,2021-06-28,D2,0
Janssen,8,2021-06-28,DU,265
Janssen,8,2021-06-28,R,0
Janssen,8,2021-06-29,D1,0
Janssen,8,2021-06-29,D2,0
Janssen,8,2021-06-29,DU,131
Janssen,8,2021-06-29,R,0
Janssen,8,2021-06-30,D1,0
Janssen,8,2021-06-30,D2,0
Janssen,8,2021-06-30,DU,93
Janssen,8,2021-06-30,R,0
Janssen,8,2021-07-01,D1,0
Janssen,8,2021-07-01,D2,0
Janssen,8,2021-07-01,DU,61
Janssen,8,2021-07-01,R,0
Janssen,8,2021-07-02,D1,0
Janssen,8,2021-07-02,D2,0
Janssen,8,2021-07-02,DU,29
Janssen,8,2021-07-02,R,0
Janssen,8,2021-07-03,D1,0
Janssen,8,2021-07-03,D2,0
Janssen,8,2021-07-03,DU,23
Janssen,8,2021-07-03,R,0
Janssen,8,2021-07-04,D1,0
Janssen,8,2021-07-04,D2,0
Janssen,8,2021-07-04,DU,1
Janssen,8,2021-07-04,R,0
Janssen,8,2021-07-05,D1,0
Janssen,8,2021-07-05,D2,0
Janssen,8,2021-07-05,DU,28
Janssen,8,2021-07-05,R,0
Janssen,8,2021-07-06,D1,0
Janssen,8,2021-07-06,D2,0
Janssen,8,2021-07-06,DU,252
Janssen,8,2021-07-06,R,0
Janssen,8,2021-07-07,D1,0
Janssen,8,2021-07-07,D2,0
Janssen,8,2021-07-07,DU,367
Janssen,8,2021-07-07,R,0
Janssen,8,2021-07-08,D1,0
Janssen,8,2021-07-08,D2,0
Janssen,8,2021-07-08,DU,179
Janssen,8,2021-07-08,R,1
Janssen,8,2021-07-09,D1,0
Janssen,8,2021-07-09,D2,0
Janssen,8,2021-07-09,DU,127
Janssen,8,2021-07-09,R,0
Janssen,8,2021-07-10,D1,0
Janssen,8,2021-07-10,D2,0
Janssen,8,2021-07-10,DU,80
Janssen,8,2021-07-10,R,0
Janssen,8,2021-07-11,D1,0
Janssen,8,2021-07-11,D2,0
Janssen,8,2021-07-11,DU,5
Janssen,8,2021-07-11,R,0
Janssen,8,2021-07-12,D1,0
Janssen,8,2021-07-12,D2,0
Janssen,8,2021-07-12,DU,84
Janssen,8,2021-07-12,R,0
Janssen,8,2021-07-13,D1,0
Janssen,8,2021-07-13,D2,0
Janssen,8,2021-07-13,DU,72
Janssen,8,2021-07-13,R,0
Janssen,8,2021-07-14,D1,0
Janssen,8,2021-07-14,D2,0
Janssen,8,2021-07-14,DU,82
Janssen,8,2021-07-14,R,0
Janssen,8,2021-07-15,D1,0
Janssen,8,2021-07-15,D2,0
Janssen,8,2021-07-15,DU,64
Janssen,8,2021-07-15,R,0
Janssen,8,2021-07-16,D1,0
Janssen,8,2021-07-16,D2,0
Janssen,8,2021-07-16,DU,37
Janssen,8,2021-07-16,R,0
Janssen,8,2021-07-17,D1,0
Janssen,8,2021-07-17,D2,0
Janssen,8,2021-07-17,DU,48
Janssen,8,2021-07-17,R,0
Janssen,8,2021-07-19,D1,0
Janssen,8,2021-07-19,D2,0
Janssen,8,2021-07-19,DU,10
Janssen,8,2021-07-19,R,0
Janssen,8,2021-07-20,D1,0
Janssen,8,2021-07-20,D2,0
Janssen,8,2021-07-20,DU,13
Janssen,8,2021-07-20,R,0
Janssen,8,2021-07-21,D1,0
Janssen,8,2021-07-21,D2,0
Janssen,8,2021-07-21,DU,9
Janssen,8,2021-07-21,R,1
Janssen,8,2021-07-22,D1,0
Janssen,8,2021-07-22,D2,0
Janssen,8,2021-07-22,DU,10
Janssen,8,2021-07-22,R,0
Janssen,8,2021-07-23,D1,0
Janssen,8,2021-07-23,D2,0
Janssen,8,2021-07-23,DU,6
Janssen,8,2021-07-23,R,0
Janssen,8,2021-07-24,D1,0
Janssen,8,2021-07-24,D2,0
Janssen,8,2021-07-24,DU,12
Janssen,8,2021-07-24,R,0
Janssen,8,2021-07-25,D1,0
Janssen,8,2021-07-25,D2,0
Janssen,8,2021-07-25,DU,1
Janssen,8,2021-07-25,R,0
Janssen,8,2021-07-26,D1,0
Janssen,8,2021-07-26,D2,0
Janssen,8,2021-07-26,DU,5
Janssen,8,2021-07-26,R,0
Janssen,8,2021-07-27,D1,0
Janssen,8,2021-07-27,D2,0
Janssen,8,2021-07-27,DU,3
Janssen,8,2021-07-27,R,0
Janssen,8,2021-07-28,D1,0
Janssen,8,2021-07-28,D2,0
Janssen,8,2021-07-28,DU,11
Janssen,8,2021-07-28,R,0
Janssen,8,2021-07-29,D1,0
Janssen,8,2021-07-29,D2,0
Janssen,8,2021-07-29,DU,6
Janssen,8,2021-07-29,R,0
Janssen,8,2021-07-30,D1,0
Janssen,8,2021-07-30,D2,0
Janssen,8,2021-07-30,DU,9
Janssen,8,2021-07-30,R,0
Janssen,8,2021-07-31,D1,0
Janssen,8,2021-07-31,D2,0
Janssen,8,2021-07-31,DU,4
Janssen,8,2021-07-31,R,0
Janssen,8,2021-08-03,D1,0
Janssen,8,2021-08-03,D2,0
Janssen,8,2021-08-03,DU,2
Janssen,8,2021-08-03,R,0
Janssen,8,2021-08-04,D1,0
Janssen,8,2021-08-04,D2,0
Janssen,8,2021-08-04,DU,3
Janssen,8,2021-08-04,R,0
Janssen,8,2021-08-05,D1,0
Janssen,8,2021-08-05,D2,0
Janssen,8,2021-08-05,DU,4
Janssen,8,2021-08-05,R,0
Janssen,8,2021-08-06,D1,0
Janssen,8,2021-08-06,D2,0
Janssen,8,2021-08-06,DU,6
Janssen,8,2021-08-06,R,0
Janssen,8,2021-08-09,D1,0
Janssen,8,2021-08-09,D2,0
Janssen,8,2021-08-09,DU,3
Janssen,8,2021-08-09,R,0
Janssen,8,2021-08-10,D1,0
Janssen,8,2021-08-10,D2,0
Janssen,8,2021-08-10,DU,3
Janssen,8,2021-08-10,R,0
Janssen,8,2021-08-11,D1,0
Janssen,8,2021-08-11,D2,0
Janssen,8,2021-08-11,DU,5
Janssen,8,2021-08-11,R,0
Janssen,8,2021-08-12,D1,0
Janssen,8,2021-08-12,D2,0
Janssen,8,2021-08-12,DU,2
Janssen,8,2021-08-12,R,0
Janssen,8,2021-08-13,D1,0
Janssen,8,2021-08-13,D2,0
Janssen,8,2021-08-13,DU,3
Janssen,8,2021-08-13,R,0
Janssen,8,2021-08-16,D1,0
Janssen,8,2021-08-16,D2,0
Janssen,8,2021-08-16,DU,2
Janssen,8,2021-08-16,R,0
Janssen,8,2021-08-17,D1,0
Janssen,8,2021-08-17,D2,0
Janssen,8,2021-08-17,DU,2
Janssen,8,2021-08-17,R,1
Janssen,8,2021-08-18,D1,0
Janssen,8,2021-08-18,D2,0
Janssen,8,2021-08-18,DU,4
Janssen,8,2021-08-18,R,0
Janssen,8,2021-08-19,D1,0
Janssen,8,2021-08-19,D2,0
Janssen,8,2021-08-19,DU,2
Janssen,8,2021-08-19,R,1
Janssen,8,2021-08-20,D1,0
Janssen,8,2021-08-20,D2,0
Janssen,8,2021-08-20,DU,1
Janssen,8,2021-08-20,R,0
Janssen,8,2021-08-21,D1,0
Janssen,8,2021-08-21,D2,0
Janssen,8,2021-08-21,DU,1
Janssen,8,2021-08-21,R,6
Janssen,8,2021-08-22,D1,0
Janssen,8,2021-08-22,D2,0
Janssen,8,2021-08-22,DU,0
Janssen,8,2021-08-22,R,3
Janssen,8,2021-08-24,D1,0
Janssen,8,2021-08-24,D2,0
Janssen,8,2021-08-24,DU,3
Janssen,8,2021-08-24,R,0
Janssen,8,2021-08-25,D1,0
Janssen,8,2021-08-25,D2,0
Janssen,8,2021-08-25,DU,5
Janssen,8,2021-08-25,R,0
Janssen,8,2021-08-27,D1,0
Janssen,8,2021-08-27,D2,0
Janssen,8,2021-08-27,DU,16
Janssen,8,2021-08-27,R,0
Janssen,8,2021-08-28,D1,0
Janssen,8,2021-08-28,D2,0
Janssen,8,2021-08-28,DU,1
Janssen,8,2021-08-28,R,4
Janssen,8,2021-08-29,D1,0
Janssen,8,2021-08-29,D2,0
Janssen,8,2021-08-29,DU,1
Janssen,8,2021-08-29,R,2
Janssen,8,2021-08-30,D1,0
Janssen,8,2021-08-30,D2,0
Janssen,8,2021-08-30,DU,1
Janssen,8,2021-08-30,R,0
Janssen,8,2021-08-31,D1,0
Janssen,8,2021-08-31,D2,0
Janssen,8,2021-08-31,DU,1
Janssen,8,2021-08-31,R,0
Janssen,8,2021-09-01,D1,0
Janssen,8,2021-09-01,D2,0
Janssen,8,2021-09-01,DU,1
Janssen,8,2021-09-01,R,0
Janssen,8,2021-09-02,D1,0
Janssen,8,2021-09-02,D2,0
Janssen,8,2021-09-02,DU,2
Janssen,8,2021-09-02,R,0
Janssen,8,2021-09-05,D1,0
Janssen,8,2021-09-05,D2,0
Janssen,8,2021-09-05,DU,1
Janssen,8,2021-09-05,R,0
Janssen,8,2021-09-08,D1,0
Janssen,8,2021-09-08,D2,0
Janssen,8,2021-09-08,DU,0
Janssen,8,2021-09-08,R,1
Janssen,8,2021-09-09,D1,0
Janssen,8,2021-09-09,D2,0
Janssen,8,2021-09-09,DU,1
Janssen,8,2021-09-09,R,0
Janssen,8,2021-09-10,D1,0
Janssen,8,2021-09-10,D2,0
Janssen,8,2021-09-10,DU,2
Janssen,8,2021-09-10,R,0
Janssen,8,2021-09-11,D1,0
Janssen,8,2021-09-11,D2,0
Janssen,8,2021-09-11,DU,1
Janssen,8,2021-09-11,R,1
Janssen,8,2021-09-13,D1,0
Janssen,8,2021-09-13,D2,0
Janssen,8,2021-09-13,DU,3
Janssen,8,2021-09-13,R,0
Janssen,8,2021-09-14,D1,0
Janssen,8,2021-09-14,D2,0
Janssen,8,2021-09-14,DU,5
Janssen,8,2021-09-14,R,0
Janssen,8,2021-09-16,D1,0
Janssen,8,2021-09-16,D2,0
Janssen,8,2021-09-16,DU,1
Janssen,8,2021-09-16,R,0
Janssen,8,2021-09-17,D1,0
Janssen,8,2021-09-17,D2,0
Janssen,8,2021-09-17,DU,1
Janssen,8,2021-09-17,R,0
Janssen,8,2021-09-25,D1,0
Janssen,8,2021-09-25,D2,0
Janssen,8,2021-09-25,DU,1
Janssen,8,2021-09-25,R,0
Janssen,8,2021-09-27,D1,0
Janssen,8,2021-09-27,D2,0
Janssen,8,2021-09-27,DU,1
Janssen,8,2021-09-27,R,0
Janssen,8,2021-10-01,D1,0
Janssen,8,2021-10-01,D2,0
Janssen,8,2021-10-01,DU,1
Janssen,8,2021-10-01,R,0
Janssen,8,2021-10-04,D1,0
Janssen,8,2021-10-04,D2,0
Janssen,8,2021-10-04,DU,0
Janssen,8,2021-10-04,R,2
Janssen,8,2021-10-07,D1,0
Janssen,8,2021-10-07,D2,0
Janssen,8,2021-10-07,DU,0
Janssen,8,2021-10-07,R,1
Janssen,8,2021-10-10,D1,0
Janssen,8,2021-10-10,D2,0
Janssen,8,2021-10-10,DU,1
Janssen,8,2021-10-10,R,0
Janssen,8,2021-10-16,D1,0
Janssen,8,2021-10-16,D2,0
Janssen,8,2021-10-16,DU,1
Janssen,8,2021-10-16,R,0
Janssen,8,2021-10-18,D1,0
Janssen,8,2021-10-18,D2,0
Janssen,8,2021-10-18,DU,1
Janssen,8,2021-10-18,R,0
Janssen,8,2021-10-22,D1,0
Janssen,8,2021-10-22,D2,0
Janssen,8,2021-10-22,DU,0
Janssen,8,2021-10-22,R,1
Janssen,8,2021-10-26,D1,0
Janssen,8,2021-10-26,D2,0
Janssen,8,2021-10-26,DU,0
Janssen,8,2021-10-26,R,17
Janssen,8,2021-10-27,D1,0
Janssen,8,2021-10-27,D2,0
Janssen,8,2021-10-27,DU,0
Janssen,8,2021-10-27,R,3
Janssen,8,2021-11-05,D1,0
Janssen,8,2021-11-05,D2,0
Janssen,8,2021-11-05,DU,0
Janssen,8,2021-11-05,R,1
Janssen,8,2021-11-17,D1,0
Janssen,8,2021-11-17,D2,0
Janssen,8,2021-11-17,DU,1
Janssen,8,2021-11-17,R,0
Janssen,8,2021-11-23,D1,0
Janssen,8,2021-11-23,D2,0
Janssen,8,2021-11-23,DU,4
Janssen,8,2021-11-23,R,0
Janssen,8,2021-11-24,D1,0
Janssen,8,2021-11-24,D2,0
Janssen,8,2021-11-24,DU,0
Janssen,8,2021-11-24,R,1
Janssen,8,2021-12-14,D1,0
Janssen,8,2021-12-14,D2,0
Janssen,8,2021-12-14,DU,0
Janssen,8,2021-12-14,R,102
Janssen,8,2021-12-15,D1,0
Janssen,8,2021-12-15,D2,0
Janssen,8,2021-12-15,DU,0
Janssen,8,2021-12-15,R,5
Janssen,8,2021-12-17,D1,0
Janssen,8,2021-12-17,D2,0
Janssen,8,2021-12-17,DU,2
Janssen,8,2021-12-17,R,86
Janssen,8,2021-12-20,D1,0
Janssen,8,2021-12-20,D2,0
Janssen,8,2021-12-20,DU,0
Janssen,8,2021-12-20,R,34
Janssen,8,2021-12-22,D1,0
Janssen,8,2021-12-22,D2,0
Janssen,8,2021-12-22,DU,1
Janssen,8,2021-12-22,R,5
Janssen,8,2021-12-23,D1,0
Janssen,8,2021-12-23,D2,0
Janssen,8,2021-12-23,DU,0
Janssen,8,2021-12-23,R,22
Janssen,8,2021-12-27,D1,0
Janssen,8,2021-12-27,D2,0
Janssen,8,2021-12-27,DU,1
Janssen,8,2021-12-27,R,60
Janssen,8,2021-12-28,D1,0
Janssen,8,2021-12-28,D2,0
Janssen,8,2021-12-28,DU,1
Janssen,8,2021-12-28,R,90
Janssen,8,2022-01-03,D1,0
Janssen,8,2022-01-03,D2,0
Janssen,8,2022-01-03,DU,0
Janssen,8,2022-01-03,R,58
Janssen,8,2022-01-04,D1,0
Janssen,8,2022-01-04,D2,0
Janssen,8,2022-01-04,DU,4
Janssen,8,2022-01-04,R,157
Janssen,8,2022-01-05,D1,0
Janssen,8,2022-01-05,D2,0
Janssen,8,2022-01-05,DU,0
Janssen,8,2022-01-05,R,4
Janssen,8,2022-01-10,D1,0
Janssen,8,2022-01-10,D2,0
Janssen,8,2022-01-10,DU,5
Janssen,8,2022-01-10,R,159
Janssen,8,2022-01-11,D1,0
Janssen,8,2022-01-11,D2,0
Janssen,8,2022-01-11,DU,1
Janssen,8,2022-01-11,R,267
Janssen,8,2022-01-13,D1,0
Janssen,8,2022-01-13,D2,0
Janssen,8,2022-01-13,DU,4
Janssen,8,2022-01-13,R,64
Janssen,8,2022-01-14,D1,0
Janssen,8,2022-01-14,D2,0
Janssen,8,2022-01-14,DU,0
Janssen,8,2022-01-14,R,3
Janssen,9,2021-03-11,D1,0
Janssen,9,2021-03-11,D2,0
Janssen,9,2021-03-11,DU,2
Janssen,9,2021-03-11,R,0
Janssen,9,2021-03-12,D1,0
Janssen,9,2021-03-12,D2,0
Janssen,9,2021-03-12,DU,1
Janssen,9,2021-03-12,R,0
Janssen,9,2021-06-28,D1,0
Janssen,9,2021-06-28,D2,0
Janssen,9,2021-06-28,DU,43
Janssen,9,2021-06-28,R,0
Janssen,9,2021-06-29,D1,0
Janssen,9,2021-06-29,D2,0
Janssen,9,2021-06-29,DU,29
Janssen,9,2021-06-29,R,0
Janssen,9,2021-06-30,D1,0
Janssen,9,2021-06-30,D2,0
Janssen,9,2021-06-30,DU,26
Janssen,9,2021-06-30,R,0
Janssen,9,2021-07-01,D1,0
Janssen,9,2021-07-01,D2,0
Janssen,9,2021-07-01,DU,7
Janssen,9,2021-07-01,R,0
Janssen,9,2021-07-02,D1,0
Janssen,9,2021-07-02,D2,0
Janssen,9,2021-07-02,DU,11
Janssen,9,2021-07-02,R,0
Janssen,9,2021-07-03,D1,0
Janssen,9,2021-07-03,D2,0
Janssen,9,2021-07-03,DU,7
Janssen,9,2021-07-03,R,0
Janssen,9,2021-07-04,D1,0
Janssen,9,2021-07-04,D2,0
Janssen,9,2021-07-04,DU,2
Janssen,9,2021-07-04,R,0
Janssen,9,2021-07-05,D1,0
Janssen,9,2021-07-05,D2,0
Janssen,9,2021-07-05,DU,7
Janssen,9,2021-07-05,R,0
Janssen,9,2021-07-06,D1,0
Janssen,9,2021-07-06,D2,0
Janssen,9,2021-07-06,DU,56
Janssen,9,2021-07-06,R,0
Janssen,9,2021-07-07,D1,0
Janssen,9,2021-07-07,D2,0
Janssen,9,2021-07-07,DU,79
Janssen,9,2021-07-07,R,0
Janssen,9,2021-07-08,D1,0
Janssen,9,2021-07-08,D2,0
Janssen,9,2021-07-08,DU,22
Janssen,9,2021-07-08,R,0
Janssen,9,2021-07-09,D1,0
Janssen,9,2021-07-09,D2,0
Janssen,9,2021-07-09,DU,23
Janssen,9,2021-07-09,R,0
Janssen,9,2021-07-10,D1,0
Janssen,9,2021-07-10,D2,0
Janssen,9,2021-07-10,DU,18
Janssen,9,2021-07-10,R,0
Janssen,9,2021-07-12,D1,0
Janssen,9,2021-07-12,D2,0
Janssen,9,2021-07-12,DU,21
Janssen,9,2021-07-12,R,0
Janssen,9,2021-07-13,D1,0
Janssen,9,2021-07-13,D2,0
Janssen,9,2021-07-13,DU,14
Janssen,9,2021-07-13,R,0
Janssen,9,2021-07-14,D1,0
Janssen,9,2021-07-14,D2,0
Janssen,9,2021-07-14,DU,19
Janssen,9,2021-07-14,R,0
Janssen,9,2021-07-15,D1,0
Janssen,9,2021-07-15,D2,0
Janssen,9,2021-07-15,DU,10
Janssen,9,2021-07-15,R,0
Janssen,9,2021-07-16,D1,0
Janssen,9,2021-07-16,D2,0
Janssen,9,2021-07-16,DU,5
Janssen,9,2021-07-16,R,0
Janssen,9,2021-07-17,D1,0
Janssen,9,2021-07-17,D2,0
Janssen,9,2021-07-17,DU,11
Janssen,9,2021-07-17,R,0
Janssen,9,2021-07-19,D1,0
Janssen,9,2021-07-19,D2,0
Janssen,9,2021-07-19,DU,1
Janssen,9,2021-07-19,R,0
Janssen,9,2021-07-20,D1,0
Janssen,9,2021-07-20,D2,0
Janssen,9,2021-07-20,DU,2
Janssen,9,2021-07-20,R,0
Janssen,9,2021-07-21,D1,0
Janssen,9,2021-07-21,D2,0
Janssen,9,2021-07-21,DU,1
Janssen,9,2021-07-21,R,0
Janssen,9,2021-07-23,D1,0
Janssen,9,2021-07-23,D2,0
Janssen,9,2021-07-23,DU,1
Janssen,9,2021-07-23,R,0
Janssen,9,2021-07-24,D1,0
Janssen,9,2021-07-24,D2,0
Janssen,9,2021-07-24,DU,3
Janssen,9,2021-07-24,R,0
Janssen,9,2021-07-26,D1,0
Janssen,9,2021-07-26,D2,0
Janssen,9,2021-07-26,DU,3
Janssen,9,2021-07-26,R,0
Janssen,9,2021-07-27,D1,0
Janssen,9,2021-07-27,D2,0
Janssen,9,2021-07-27,DU,3
Janssen,9,2021-07-27,R,0
Janssen,9,2021-07-28,D1,0
Janssen,9,2021-07-28,D2,0
Janssen,9,2021-07-28,DU,1
Janssen,9,2021-07-28,R,0
Janssen,9,2021-07-29,D1,0
Janssen,9,2021-07-29,D2,0
Janssen,9,2021-07-29,DU,1
Janssen,9,2021-07-29,R,0
Janssen,9,2021-07-30,D1,0
Janssen,9,2021-07-30,D2,0
Janssen,9,2021-07-30,DU,1
Janssen,9,2021-07-30,R,0
Janssen,9,2021-08-05,D1,0
Janssen,9,2021-08-05,D2,0
Janssen,9,2021-08-05,DU,1
Janssen,9,2021-08-05,R,0
Janssen,9,2021-08-06,D1,0
Janssen,9,2021-08-06,D2,0
Janssen,9,2021-08-06,DU,3
Janssen,9,2021-08-06,R,0
Janssen,9,2021-08-07,D1,0
Janssen,9,2021-08-07,D2,0
Janssen,9,2021-08-07,DU,1
Janssen,9,2021-08-07,R,0
Janssen,9,2021-08-10,D1,0
Janssen,9,2021-08-10,D2,0
Janssen,9,2021-08-10,DU,2
Janssen,9,2021-08-10,R,0
Janssen,9,2021-08-11,D1,0
Janssen,9,2021-08-11,D2,0
Janssen,9,2021-08-11,DU,1
Janssen,9,2021-08-11,R,0
Janssen,9,2021-08-13,D1,0
Janssen,9,2021-08-13,D2,0
Janssen,9,2021-08-13,DU,1
Janssen,9,2021-08-13,R,0
Janssen,9,2021-08-16,D1,0
Janssen,9,2021-08-16,D2,0
Janssen,9,2021-08-16,DU,1
Janssen,9,2021-08-16,R,0
Janssen,9,2021-08-17,D1,0
Janssen,9,2021-08-17,D2,0
Janssen,9,2021-08-17,DU,0
Janssen,9,2021-08-17,R,1
Janssen,9,2021-08-18,D1,0
Janssen,9,2021-08-18,D2,0
Janssen,9,2021-08-18,DU,1
Janssen,9,2021-08-18,R,0
Janssen,9,2021-08-20,D1,0
Janssen,9,2021-08-20,D2,0
Janssen,9,2021-08-20,DU,1
Janssen,9,2021-08-20,R,0
Janssen,9,2021-08-21,D1,0
Janssen,9,2021-08-21,D2,0
Janssen,9,2021-08-21,DU,1
Janssen,9,2021-08-21,R,0
Janssen,9,2021-08-22,D1,0
Janssen,9,2021-08-22,D2,0
Janssen,9,2021-08-22,DU,0
Janssen,9,2021-08-22,R,1
Janssen,9,2021-08-25,D1,0
Janssen,9,2021-08-25,D2,0
Janssen,9,2021-08-25,DU,1
Janssen,9,2021-08-25,R,0
Janssen,9,2021-08-26,D1,0
Janssen,9,2021-08-26,D2,0
Janssen,9,2021-08-26,DU,1
Janssen,9,2021-08-26,R,0
Janssen,9,2021-08-27,D1,0
Janssen,9,2021-08-27,D2,0
Janssen,9,2021-08-27,DU,10
Janssen,9,2021-08-27,R,0
Janssen,9,2021-08-30,D1,0
Janssen,9,2021-08-30,D2,0
Janssen,9,2021-08-30,DU,1
Janssen,9,2021-08-30,R,0
Janssen,9,2021-09-03,D1,0
Janssen,9,2021-09-03,D2,0
Janssen,9,2021-09-03,DU,1
Janssen,9,2021-09-03,R,0
Janssen,9,2021-09-10,D1,0
Janssen,9,2021-09-10,D2,0
Janssen,9,2021-09-10,DU,0
Janssen,9,2021-09-10,R,1
Janssen,9,2021-09-11,D1,0
Janssen,9,2021-09-11,D2,0
Janssen,9,2021-09-11,DU,1
Janssen,9,2021-09-11,R,0
Janssen,9,2021-09-13,D1,0
Janssen,9,2021-09-13,D2,0
Janssen,9,2021-09-13,DU,0
Janssen,9,2021-09-13,R,1
Janssen,9,2021-09-14,D1,0
Janssen,9,2021-09-14,D2,0
Janssen,9,2021-09-14,DU,2
Janssen,9,2021-09-14,R,0
Janssen,9,2021-09-15,D1,0
Janssen,9,2021-09-15,D2,0
Janssen,9,2021-09-15,DU,1
Janssen,9,2021-09-15,R,0
Janssen,9,2021-09-17,D1,0
Janssen,9,2021-09-17,D2,0
Janssen,9,2021-09-17,DU,1
Janssen,9,2021-09-17,R,0
Janssen,9,2021-09-24,D1,0
Janssen,9,2021-09-24,D2,0
Janssen,9,2021-09-24,DU,0
Janssen,9,2021-09-24,R,1
Janssen,9,2021-09-28,D1,0
Janssen,9,2021-09-28,D2,0
Janssen,9,2021-09-28,DU,0
Janssen,9,2021-09-28,R,1
Janssen,9,2021-10-10,D1,0
Janssen,9,2021-10-10,D2,0
Janssen,9,2021-10-10,DU,0
Janssen,9,2021-10-10,R,1
Janssen,9,2021-10-13,D1,0
Janssen,9,2021-10-13,D2,0
Janssen,9,2021-10-13,DU,0
Janssen,9,2021-10-13,R,1
Janssen,9,2021-10-15,D1,0
Janssen,9,2021-10-15,D2,0
Janssen,9,2021-10-15,DU,0
Janssen,9,2021-10-15,R,1
Janssen,9,2021-10-16,D1,0
Janssen,9,2021-10-16,D2,0
Janssen,9,2021-10-16,DU,3
Janssen,9,2021-10-16,R,0
Janssen,9,2021-10-18,D1,0
Janssen,9,2021-10-18,D2,0
Janssen,9,2021-10-18,DU,2
Janssen,9,2021-10-18,R,0
Janssen,9,2021-10-21,D1,0
Janssen,9,2021-10-21,D2,0
Janssen,9,2021-10-21,DU,0
Janssen,9,2021-10-21,R,1
Janssen,9,2021-10-22,D1,0
Janssen,9,2021-10-22,D2,0
Janssen,9,2021-10-22,DU,0
Janssen,9,2021-10-22,R,1
Janssen,9,2021-10-26,D1,0
Janssen,9,2021-10-26,D2,0
Janssen,9,2021-10-26,DU,0
Janssen,9,2021-10-26,R,13
Janssen,9,2021-10-27,D1,0
Janssen,9,2021-10-27,D2,0
Janssen,9,2021-10-27,DU,0
Janssen,9,2021-10-27,R,6
Janssen,9,2021-10-28,D1,0
Janssen,9,2021-10-28,D2,0
Janssen,9,2021-10-28,DU,1
Janssen,9,2021-10-28,R,0
Janssen,9,2021-11-04,D1,0
Janssen,9,2021-11-04,D2,0
Janssen,9,2021-11-04,DU,0
Janssen,9,2021-11-04,R,1
Janssen,9,2021-11-17,D1,0
Janssen,9,2021-11-17,D2,0
Janssen,9,2021-11-17,DU,1
Janssen,9,2021-11-17,R,0
Janssen,9,2021-12-14,D1,0
Janssen,9,2021-12-14,D2,0
Janssen,9,2021-12-14,DU,0
Janssen,9,2021-12-14,R,12
Janssen,9,2021-12-17,D1,0
Janssen,9,2021-12-17,D2,0
Janssen,9,2021-12-17,DU,0
Janssen,9,2021-12-17,R,9
Janssen,9,2021-12-20,D1,0
Janssen,9,2021-12-20,D2,0
Janssen,9,2021-12-20,DU,0
Janssen,9,2021-12-20,R,3
Janssen,9,2021-12-23,D1,0
Janssen,9,2021-12-23,D2,0
Janssen,9,2021-12-23,DU,0
Janssen,9,2021-12-23,R,6
Janssen,9,2021-12-27,D1,0
Janssen,9,2021-12-27,D2,0
Janssen,9,2021-12-27,DU,0
Janssen,9,2021-12-27,R,3
Janssen,9,2021-12-28,D1,0
Janssen,9,2021-12-28,D2,0
Janssen,9,2021-12-28,DU,0
Janssen,9,2021-12-28,R,10
Janssen,9,2022-01-03,D1,0
Janssen,9,2022-01-03,D2,0
Janssen,9,2022-01-03,DU,0
Janssen,9,2022-01-03,R,7
Janssen,9,2022-01-04,D1,0
Janssen,9,2022-01-04,D2,0
Janssen,9,2022-01-04,DU,0
Janssen,9,2022-01-04,R,8
Janssen,9,2022-01-08,D1,0
Janssen,9,2022-01-08,D2,0
Janssen,9,2022-01-08,DU,0
Janssen,9,2022-01-08,R,1
Janssen,9,2022-01-10,D1,0
Janssen,9,2022-01-10,D2,0
Janssen,9,2022-01-10,DU,1
Janssen,9,2022-01-10,R,15
Janssen,9,2022-01-11,D1,0
Janssen,9,2022-01-11,D2,0
Janssen,9,2022-01-11,DU,0
Janssen,9,2022-01-11,R,28
Janssen,9,2022-01-13,D1,0
Janssen,9,2022-01-13,D2,0
Janssen,9,2022-01-13,DU,1
Janssen,9,2022-01-13,R,6
Janssen,9,2022-01-14,D1,0
Janssen,9,2022-01-14,D2,0
Janssen,9,2022-01-14,DU,0
Janssen,9,2022-01-14,R,1
Janssen,10,2021-06-28,D1,0
Janssen,10,2021-06-28,D2,0
Janssen,10,2021-06-28,DU,16
Janssen,10,2021-06-28,R,0
Janssen,10,2021-06-29,D1,0
Janssen,10,2021-06-29,D2,0
Janssen,10,2021-06-29,DU,4
Janssen,10,2021-06-29,R,0
Janssen,10,2021-06-30,D1,0
Janssen,10,2021-06-30,D2,0
Janssen,10,2021-06-30,DU,5
Janssen,10,2021-06-30,R,0
Janssen,10,2021-07-01,D1,0
Janssen,10,2021-07-01,D2,0
Janssen,10,2021-07-01,DU,6
Janssen,10,2021-07-01,R,0
Janssen,10,2021-07-02,D1,0
Janssen,10,2021-07-02,D2,0
Janssen,10,2021-07-02,DU,1
Janssen,10,2021-07-02,R,0
Janssen,10,2021-07-06,D1,0
Janssen,10,2021-07-06,D2,0
Janssen,10,2021-07-06,DU,13
Janssen,10,2021-07-06,R,0
Janssen,10,2021-07-07,D1,0
Janssen,10,2021-07-07,D2,0
Janssen,10,2021-07-07,DU,13
Janssen,10,2021-07-07,R,0
Janssen,10,2021-07-08,D1,0
Janssen,10,2021-07-08,D2,0
Janssen,10,2021-07-08,DU,9
Janssen,10,2021-07-08,R,0
Janssen,10,2021-07-09,D1,0
Janssen,10,2021-07-09,D2,0
Janssen,10,2021-07-09,DU,6
Janssen,10,2021-07-09,R,0
Janssen,10,2021-07-10,D1,0
Janssen,10,2021-07-10,D2,0
Janssen,10,2021-07-10,DU,1
Janssen,10,2021-07-10,R,0
Janssen,10,2021-07-12,D1,0
Janssen,10,2021-07-12,D2,0
Janssen,10,2021-07-12,DU,6
Janssen,10,2021-07-12,R,0
Janssen,10,2021-07-13,D1,0
Janssen,10,2021-07-13,D2,0
Janssen,10,2021-07-13,DU,8
Janssen,10,2021-07-13,R,0
Janssen,10,2021-07-14,D1,0
Janssen,10,2021-07-14,D2,0
Janssen,10,2021-07-14,DU,14
Janssen,10,2021-07-14,R,0
Janssen,10,2021-07-15,D1,0
Janssen,10,2021-07-15,D2,0
Janssen,10,2021-07-15,DU,5
Janssen,10,2021-07-15,R,0
Janssen,10,2021-07-17,D1,0
Janssen,10,2021-07-17,D2,0
Janssen,10,2021-07-17,DU,4
Janssen,10,2021-07-17,R,0
Janssen,10,2021-07-20,D1,0
Janssen,10,2021-07-20,D2,0
Janssen,10,2021-07-20,DU,1
Janssen,10,2021-07-20,R,0
Janssen,10,2021-07-21,D1,0
Janssen,10,2021-07-21,D2,0
Janssen,10,2021-07-21,DU,1
Janssen,10,2021-07-21,R,0
Janssen,10,2021-07-22,D1,0
Janssen,10,2021-07-22,D2,0
Janssen,10,2021-07-22,DU,1
Janssen,10,2021-07-22,R,0
Janssen,10,2021-07-26,D1,0
Janssen,10,2021-07-26,D2,0
Janssen,10,2021-07-26,DU,1
Janssen,10,2021-07-26,R,0
Janssen,10,2021-07-30,D1,0
Janssen,10,2021-07-30,D2,0
Janssen,10,2021-07-30,DU,1
Janssen,10,2021-07-30,R,0
Janssen,10,2021-08-03,D1,0
Janssen,10,2021-08-03,D2,0
Janssen,10,2021-08-03,DU,1
Janssen,10,2021-08-03,R,0
Janssen,10,2021-08-06,D1,0
Janssen,10,2021-08-06,D2,0
Janssen,10,2021-08-06,DU,2
Janssen,10,2021-08-06,R,0
Janssen,10,2021-08-07,D1,0
Janssen,10,2021-08-07,D2,0
Janssen,10,2021-08-07,DU,2
Janssen,10,2021-08-07,R,0
Janssen,10,2021-08-12,D1,0
Janssen,10,2021-08-12,D2,0
Janssen,10,2021-08-12,DU,1
Janssen,10,2021-08-12,R,0
Janssen,10,2021-08-27,D1,0
Janssen,10,2021-08-27,D2,0
Janssen,10,2021-08-27,DU,1
Janssen,10,2021-08-27,R,0
Janssen,10,2021-08-31,D1,0
Janssen,10,2021-08-31,D2,0
Janssen,10,2021-08-31,DU,1
Janssen,10,2021-08-31,R,0
Janssen,10,2021-09-11,D1,0
Janssen,10,2021-09-11,D2,0
Janssen,10,2021-09-11,DU,1
Janssen,10,2021-09-11,R,0
Janssen,10,2021-09-17,D1,0
Janssen,10,2021-09-17,D2,0
Janssen,10,2021-09-17,DU,0
Janssen,10,2021-09-17,R,1
Janssen,10,2021-09-23,D1,0
Janssen,10,2021-09-23,D2,0
Janssen,10,2021-09-23,DU,0
Janssen,10,2021-09-23,R,1
Janssen,10,2021-09-27,D1,0
Janssen,10,2021-09-27,D2,0
Janssen,10,2021-09-27,DU,1
Janssen,10,2021-09-27,R,0
Janssen,10,2021-10-27,D1,0
Janssen,10,2021-10-27,D2,0
Janssen,10,2021-10-27,DU,0
Janssen,10,2021-10-27,R,2
Janssen,10,2021-12-14,D1,0
Janssen,10,2021-12-14,D2,0
Janssen,10,2021-12-14,DU,0
Janssen,10,2021-12-14,R,4
Janssen,10,2021-12-17,D1,0
Janssen,10,2021-12-17,D2,0
Janssen,10,2021-12-17,DU,0
Janssen,10,2021-12-17,R,4
Janssen,10,2021-12-20,D1,0
Janssen,10,2021-12-20,D2,0
Janssen,10,2021-12-20,DU,0
Janssen,10,2021-12-20,R,3
Janssen,10,2021-12-23,D1,0
Janssen,10,2021-12-23,D2,0
Janssen,10,2021-12-23,DU,0
Janssen,10,2021-12-23,R,1
Janssen,10,2021-12-27,D1,0
Janssen,10,2021-12-27,D2,0
Janssen,10,2021-12-27,DU,0
Janssen,10,2021-12-27,R,4
Janssen,10,2021-12-28,D1,0
Janssen,10,2021-12-28,D2,0
Janssen,10,2021-12-28,DU,0
Janssen,10,2021-12-28,R,5
Janssen,10,2022-01-03,D1,0
Janssen,10,2022-01-03,D2,0
Janssen,10,2022-01-03,DU,0
Janssen,10,2022-01-03,R,2
Janssen,10,2022-01-04,D1,0
Janssen,10,2022-01-04,D2,0
Janssen,10,2022-01-04,DU,0
Janssen,10,2022-01-04,R,6
Janssen,10,2022-01-10,D1,0
Janssen,10,2022-01-10,D2,0
Janssen,10,2022-01-10,DU,0
Janssen,10,2022-01-10,R,6
Janssen,10,2022-01-11,D1,0
Janssen,10,2022-01-11,D2,0
Janssen,10,2022-01-11,DU,0
Janssen,10,2022-01-11,R,15
Janssen,10,2022-01-13,D1,0
Janssen,10,2022-01-13,D2,0
Janssen,10,2022-01-13,DU,1
Janssen,10,2022-01-13,R,3
Janssen,11,2021-06-28,D1,0
Janssen,11,2021-06-28,D2,0
Janssen,11,2021-06-28,DU,2
Janssen,11,2021-06-28,R,0
Janssen,11,2021-07-06,D1,0
Janssen,11,2021-07-06,D2,0
Janssen,11,2021-07-06,DU,1
Janssen,11,2021-07-06,R,0
Janssen,11,2021-07-07,D1,0
Janssen,11,2021-07-07,D2,0
Janssen,11,2021-07-07,DU,1
Janssen,11,2021-07-07,R,0
Janssen,11,2021-07-09,D1,0
Janssen,11,2021-07-09,D2,0
Janssen,11,2021-07-09,DU,1
Janssen,11,2021-07-09,R,0
Janssen,11,2021-07-10,D1,0
Janssen,11,2021-07-10,D2,0
Janssen,11,2021-07-10,DU,2
Janssen,11,2021-07-10,R,0
Janssen,11,2021-07-13,D1,0
Janssen,11,2021-07-13,D2,0
Janssen,11,2021-07-13,DU,3
Janssen,11,2021-07-13,R,0
Janssen,11,2021-07-14,D1,0
Janssen,11,2021-07-14,D2,0
Janssen,11,2021-07-14,DU,1
Janssen,11,2021-07-14,R,0
Janssen,11,2021-07-24,D1,0
Janssen,11,2021-07-24,D2,0
Janssen,11,2021-07-24,DU,1
Janssen,11,2021-07-24,R,0
Janssen,11,2021-07-29,D1,0
Janssen,11,2021-07-29,D2,0
Janssen,11,2021-07-29,DU,1
Janssen,11,2021-07-29,R,0
Janssen,11,2021-09-18,D1,0
Janssen,11,2021-09-18,D2,0
Janssen,11,2021-09-18,DU,1
Janssen,11,2021-09-18,R,0
Janssen,11,2021-12-28,D1,0
Janssen,11,2021-12-28,D2,0
Janssen,11,2021-12-28,DU,0
Janssen,11,2021-12-28,R,1
Janssen,11,2022-01-03,D1,0
Janssen,11,2022-01-03,D2,0
Janssen,11,2022-01-03,DU,0
Janssen,11,2022-01-03,R,1
Janssen,11,2022-01-11,D1,0
Janssen,11,2022-01-11,D2,0
Janssen,11,2022-01-11,DU,1
Janssen,11,2022-01-11,R,2
